#===============
# ll~ : mumu
# qq~ : bs~
# FF  : dipole
# XY  : LL LR RL RR
# coef : 0 0
# type : A*Z
# Nevs : 50000
#===============
#
# XSEC	BIN_MIN	BIN_MAX 	 Kij 
#
1.8672  200.0  300.0  0.0	0.0	0.0	0.0004	0.0011	0.0048	0.07716	0.10438	0.09198	0.0749	0.06404	0.02598	0.00024	0.0	0.0	0.0	0.0	0.0	0.0	0.0	0.0	0.0	0.0	0.0	0.0	0.0	0.0	0.0	0.0	0.0	0.0	0.0	0.0	0.0	0.0	0.0	0.0	0.0	0.0	0.0	0.0	0.0	0.0	0.0	
0.60984  300.0  400.0  0.0	0.0	2e-05	8e-05	0.00012	0.00012	0.0002	0.0004	0.00088	0.00124	0.00642	0.09296	0.14192	0.11972	0.09112	0.01442	0.00024	0.0	0.0	0.0	0.0	0.0	0.0	0.0	0.0	0.0	0.0	0.0	0.0	0.0	0.0	0.0	0.0	0.0	0.0	0.0	0.0	0.0	0.0	0.0	0.0	0.0	0.0	0.0	
0.26049  400.0  500.0  0.0	0.0	0.0	0.0	2e-05	2e-05	0.00016	0.00012	0.00036	0.0004	0.00048	0.0008	0.00122	0.00258	0.03074	0.16422	0.15994	0.10748	0.0105	0.00016	2e-05	0.0	0.0	0.0	0.0	0.0	0.0	0.0	0.0	0.0	0.0	0.0	0.0	0.0	0.0	0.0	0.0	0.0	0.0	0.0	0.0	0.0	0.0	0.0	
0.12817  500.0  600.0  0.0	0.0	0.0	0.0	2e-05	2e-05	0.0	4e-05	8e-05	0.00026	0.00024	0.00026	0.00042	0.00056	0.00104	0.00128	0.0059	0.06534	0.2077	0.16362	0.03764	0.00104	0.0	2e-05	0.0	0.0	0.0	0.0	0.0	0.0	0.0	0.0	0.0	0.0	0.0	0.0	0.0	0.0	0.0	0.0	0.0	0.0	0.0	0.0	
0.06901  600.0  700.0  0.0	0.0	0.0	0.0	0.0	0.0	2e-05	0.0	4e-05	6e-05	0.00012	0.00038	0.00018	0.00028	0.00056	0.00058	0.0007	0.00142	0.00462	0.04178	0.20336	0.18674	0.04374	0.00168	0.0001	0.0	0.0	0.0	0.0	0.0	0.0	0.0	0.0	0.0	0.0	0.0	0.0	0.0	0.0	0.0	0.0	0.0	0.0	0.0	
0.03957  700.0  800.0  0.0	0.0	0.0	0.0	0.0	0.0	0.0	4e-05	2e-05	8e-05	0.0001	0.00018	0.00012	0.0002	0.00016	0.00036	0.00052	0.00066	0.00072	0.0018	0.00682	0.06002	0.22738	0.16376	0.02212	0.0009	6e-05	0.0	0.0	0.0	0.0	0.0	0.0	0.0	0.0	0.0	0.0	0.0	0.0	0.0	0.0	0.0	0.0	0.0	
0.02382  800.0  900.0  0.0	0.0	0.0	0.0	4e-05	0.0	2e-05	0.0	4e-05	8e-05	8e-05	0.00012	4e-05	0.0001	0.00018	0.0001	0.0002	0.0004	0.0008	0.00072	0.00116	0.00238	0.0157	0.12516	0.24326	0.08552	0.00622	0.00052	4e-05	0.0	0.0	0.0	0.0	0.0	0.0	0.0	0.0	0.0	0.0	0.0	0.0	0.0	0.0	0.0	
0.01486  900.0  1000.0  0.0	0.0	0.0	4e-05	0.0	0.0	0.0	0.0	0.0	0.0	2e-05	8e-05	6e-05	0.00018	2e-05	0.00016	0.00016	0.0002	0.0004	0.00054	0.00056	0.00086	0.00178	0.0079	0.06146	0.22854	0.1572	0.02112	0.00144	0.00026	0.0	0.0	0.0	0.0	0.0	0.0	0.0	0.0	0.0	0.0	0.0	0.0	0.0	0.0	
0.01585  1000.0  1200.0  0.0	0.0	0.0	0.0	0.0	0.0	0.0	0.0	0.0	0.0	2e-05	4e-05	6e-05	0.0001	8e-05	0.0001	0.0001	0.00014	0.00028	0.00028	0.0004	0.00064	0.00062	0.00114	0.00366	0.02542	0.1215	0.1814	0.1104	0.02558	0.0022	0.0002	4e-05	0.0	0.0	0.0	0.0	0.0	0.0	0.0	0.0	0.0	0.0	0.0	
0.00715  1200.0  1400.0  0.0	0.0	0.0	0.0	0.0	0.0	0.0	0.0	0.0	4e-05	0.0	0.0	0.0	6e-05	6e-05	4e-05	0.0002	0.00016	0.00014	0.0002	0.0002	0.00038	0.00058	0.0007	0.00084	0.00122	0.00318	0.0191	0.09784	0.18494	0.11874	0.0304	0.00354	0.00034	0.0	0.0	0.0	0.0	0.0	0.0	0.0	0.0	0.0	0.0	
0.00344  1400.0  1600.0  0.0	0.0	0.0	2e-05	0.0	2e-05	0.0	0.0	0.0	6e-05	2e-05	2e-05	4e-05	2e-05	0.0	0.0001	6e-05	0.00012	0.00012	6e-05	0.00028	0.00014	0.00022	0.00032	0.00024	0.00052	0.00082	0.00156	0.00442	0.02908	0.11606	0.1794	0.09686	0.02228	0.00292	0.00026	0.0	4e-05	0.0	0.0	0.0	0.0	0.0	0.0	
0.00174  1600.0  1800.0  0.0	0.0	0.0	0.0	0.0	6e-05	0.0	2e-05	0.0	0.0	0.0	0.0	2e-05	4e-05	2e-05	0.00012	8e-05	8e-05	0.00014	0.00014	0.00026	0.00016	0.00024	0.00018	0.00038	0.00034	0.00048	0.00058	0.00124	0.00262	0.01202	0.06144	0.15314	0.14852	0.06002	0.01062	0.00186	0.00034	0.0	4e-05	0.0	0.0	0.0	0.0	
0.00092  1800.0  2000.0  0.0	0.0	0.0	0.0	0.0	0.0	0.0	0.0	0.0	0.0	2e-05	0.0	2e-05	2e-05	2e-05	4e-05	2e-05	6e-05	0.0001	0.0001	8e-05	0.0001	0.00012	0.00018	0.0002	0.0003	0.00034	0.00044	0.00062	0.00094	0.00228	0.00848	0.03722	0.111	0.1565	0.09192	0.0254	0.00418	0.0005	8e-05	4e-05	0.0	2e-05	0.0	
0.00058  2000.0  2250.0  0.0	0.0	0.0	0.0	2e-05	0.0	0.0	0.0	0.0	2e-05	0.0	0.0	0.0	0.0	2e-05	2e-05	4e-05	4e-05	2e-05	2e-05	0.00016	0.0001	0.00014	0.00014	0.00026	0.00016	0.00016	0.00028	0.00048	0.00046	0.00092	0.00154	0.00648	0.0265	0.08338	0.13866	0.11432	0.0481	0.01136	0.00206	0.00038	8e-05	2e-05	2e-05	
0.00028  2250.0  2500.0  0.0	0.0	0.0	2e-05	0.0	2e-05	0.0	0.0	0.0	2e-05	0.0	0.0	0.0	4e-05	0.0	0.0	0.0	2e-05	4e-05	6e-05	8e-05	6e-05	0.00012	0.00024	0.0001	0.00022	0.00026	0.00022	0.00038	0.00028	0.00026	0.0007	0.00142	0.00446	0.01708	0.05758	0.116	0.12302	0.07238	0.02284	0.00504	0.00098	0.00012	2e-05	
0.00014  2500.0  2750.0  0.0	0.0	0.0	0.0	0.0	4e-05	0.0	0.0	0.0	4e-05	0.0	0.0	0.0	0.0	2e-05	2e-05	0.0	2e-05	0.0	0.00014	4e-05	0.0	0.00018	0.0001	0.00012	6e-05	6e-05	0.00014	0.0002	0.00026	0.00038	0.00054	0.00076	0.00144	0.0044	0.01548	0.04672	0.09554	0.11608	0.08358	0.03532	0.00886	0.00186	0.00028	
7e-05  2750.0  3000.0  0.0	0.0	0.0	0.0	0.0	0.0	0.0	0.0	0.0	0.0	0.0	2e-05	0.0	0.0	2e-05	4e-05	0.0	2e-05	2e-05	2e-05	4e-05	6e-05	2e-05	8e-05	0.00022	0.00016	0.0001	0.0002	0.00018	0.00032	0.00026	0.00028	0.00044	0.0008	0.00152	0.00456	0.01566	0.04352	0.08758	0.10702	0.08322	0.03924	0.01314	0.0033	
6e-05  3000.0  3500.0  0.0	0.0	0.0	0.0	0.0	0.0	0.0	2e-05	0.0	0.0	0.0	0.0	0.0	0.0	2e-05	0.0	0.0	0.0	2e-05	0.0	8e-05	6e-05	0.00012	2e-05	0.0001	6e-05	4e-05	2e-05	8e-05	8e-05	0.00016	0.0003	0.00038	0.0005	0.00102	0.00194	0.004	0.01438	0.0368	0.06594	0.09038	0.08356	0.05192	0.02476	
2e-05  3500.0  4000.0  0.0	0.0	2e-05	0.0	0.0	0.0	0.0	0.0	0.0	0.0	0.0	2e-05	0.0	0.0	0.0	2e-05	0.0	4e-05	0.0	2e-05	2e-05	2e-05	0.0	2e-05	6e-05	0.0	8e-05	0.00014	0.0002	0.00012	0.0001	0.00014	0.00014	0.00036	0.00032	0.00056	0.00136	0.00336	0.0092	0.02024	0.04392	0.06798	0.07578	0.06746	
1e-05  4000.0  15000.0  0.0	0.0	0.0	0.0	0.0	0.0	0.0	0.0	0.0	0.0	0.0	0.0	2e-05	0.0	0.0	0.0	2e-05	4e-05	0.0	2e-05	2e-05	4e-05	8e-05	6e-05	4e-05	2e-05	2e-05	2e-05	2e-05	6e-05	6e-05	0.00012	0.00016	0.00016	0.00012	0.0005	0.00058	0.00112	0.00234	0.00592	0.01312	0.02674	0.04124	0.0566	
