#===============
# ll~ : mumu
# qq~ : ss~
# FF  : dipole
# XY  : LL LR RL RR
# coef : 0 0
# type : A*Z
# Nevs : 50000
#===============
#
# XSEC	BIN_MIN	BIN_MAX 	 Kij 
#
7.6076  200.0  300.0  0.0	0.0	8e-05	0.00052	0.00106	0.00524	0.07306	0.10752	0.08726	0.07542	0.0627	0.02586	0.00036	0.0	0.0	0.0	0.0	0.0	0.0	0.0	0.0	0.0	0.0	0.0	0.0	0.0	0.0	0.0	0.0	0.0	0.0	0.0	0.0	0.0	0.0	0.0	0.0	0.0	0.0	0.0	0.0	0.0	0.0	0.0	
2.55048  300.0  400.0  0.0	0.0	0.0	2e-05	4e-05	0.0001	0.0003	0.0005	0.00074	0.00106	0.00662	0.0907	0.1431	0.12114	0.0899	0.01428	0.00016	0.0	0.0	0.0	0.0	0.0	0.0	0.0	0.0	0.0	0.0	0.0	0.0	0.0	0.0	0.0	0.0	0.0	0.0	0.0	0.0	0.0	0.0	0.0	0.0	0.0	0.0	0.0	
1.1192  400.0  500.0  0.0	0.0	0.0	0.0	2e-05	0.0	0.00014	0.0002	0.00026	0.00036	0.00064	0.00084	0.00102	0.00316	0.02898	0.16204	0.16056	0.10514	0.01236	0.0002	0.0	0.0	0.0	0.0	0.0	0.0	0.0	0.0	0.0	0.0	0.0	0.0	0.0	0.0	0.0	0.0	0.0	0.0	0.0	0.0	0.0	0.0	0.0	0.0	
0.56542  500.0  600.0  0.0	0.0	0.0	0.0	8e-05	2e-05	4e-05	6e-05	0.00018	6e-05	0.00018	0.0003	0.00034	0.00054	0.00086	0.00158	0.00574	0.06602	0.20352	0.16136	0.03916	0.0016	2e-05	0.0	0.0	0.0	0.0	0.0	0.0	0.0	0.0	0.0	0.0	0.0	0.0	0.0	0.0	0.0	0.0	0.0	0.0	0.0	0.0	0.0	
0.31223  600.0  700.0  0.0	0.0	0.0	2e-05	2e-05	2e-05	4e-05	0.0	8e-05	4e-05	0.0001	0.00016	0.00018	0.00034	0.0004	0.0006	0.00084	0.0015	0.00464	0.04002	0.1989	0.1859	0.0418	0.00184	0.0001	2e-05	0.0	0.0	0.0	0.0	0.0	0.0	0.0	0.0	0.0	0.0	0.0	0.0	0.0	0.0	0.0	0.0	0.0	0.0	
0.18375  700.0  800.0  0.0	0.0	0.0	0.0	0.0	8e-05	0.0	4e-05	8e-05	2e-05	6e-05	0.00014	0.0001	0.00032	0.00042	0.00032	0.0007	0.00068	0.001	0.00206	0.00664	0.05876	0.22656	0.16428	0.02116	0.00102	6e-05	0.0	0.0	0.0	0.0	0.0	0.0	0.0	0.0	0.0	0.0	0.0	0.0	0.0	0.0	0.0	0.0	0.0	
0.11331  800.0  900.0  0.0	0.0	0.0	4e-05	2e-05	4e-05	6e-05	0.0	4e-05	2e-05	6e-05	6e-05	0.00018	0.00024	8e-05	0.00036	0.0003	0.0004	0.0006	0.00102	0.00122	0.00296	0.01606	0.12644	0.2384	0.08642	0.00664	0.00044	6e-05	0.0	0.0	0.0	0.0	0.0	0.0	0.0	0.0	0.0	0.0	0.0	0.0	0.0	0.0	0.0	
0.07254  900.0  1000.0  0.0	0.0	0.0	0.0	2e-05	0.0	0.0	4e-05	4e-05	2e-05	2e-05	6e-05	0.00016	0.0001	0.0001	0.00012	0.0002	0.00034	0.00038	0.00038	0.00056	0.00106	0.00178	0.0085	0.05966	0.22322	0.15542	0.02122	0.0013	0.00014	0.0	0.0	0.0	0.0	0.0	0.0	0.0	0.0	0.0	0.0	0.0	0.0	0.0	0.0	
0.08012  1000.0  1200.0  0.0	0.0	0.0	0.0	0.0	0.0	4e-05	6e-05	2e-05	0.0	4e-05	0.0001	0.0	0.00012	6e-05	6e-05	0.00018	0.0002	0.00032	0.00028	0.00042	0.00042	0.0007	0.0016	0.004	0.02422	0.12142	0.17812	0.1102	0.02594	0.00264	0.0002	0.0	0.0	0.0	0.0	0.0	0.0	0.0	0.0	0.0	0.0	0.0	0.0	
0.03794  1200.0  1400.0  0.0	0.0	0.0	2e-05	0.0	0.0	0.0	0.0	2e-05	0.0	0.0	2e-05	4e-05	6e-05	4e-05	0.00016	8e-05	0.00024	0.00024	0.0003	0.00022	0.00018	0.00046	0.0006	0.00086	0.00172	0.00358	0.01996	0.09968	0.18232	0.119	0.03098	0.00444	0.0004	4e-05	0.0	0.0	0.0	0.0	0.0	0.0	0.0	0.0	0.0	
0.0192  1400.0  1600.0  0.0	0.0	0.0	0.0	0.0	0.0	2e-05	0.0	2e-05	4e-05	6e-05	6e-05	4e-05	2e-05	0.00014	2e-05	0.00014	0.00012	0.0001	0.00012	0.0001	0.00022	0.0003	0.00024	0.00042	0.00058	0.00088	0.00196	0.00582	0.03014	0.11644	0.17762	0.09598	0.02332	0.00288	0.00046	0.00012	0.0	0.0	0.0	0.0	0.0	0.0	0.0	
0.01021  1600.0  1800.0  0.0	0.0	0.0	2e-05	0.0	0.0	0.0	4e-05	0.0	0.0	0.0	0.0	4e-05	0.0	4e-05	8e-05	4e-05	8e-05	2e-05	8e-05	0.00022	0.0002	0.00018	0.00022	0.00022	0.00046	0.00052	0.00074	0.0014	0.0035	0.0141	0.06218	0.1483	0.14606	0.06164	0.0116	0.00154	0.00042	6e-05	4e-05	2e-05	0.0	0.0	0.0	
0.00564  1800.0  2000.0  0.0	0.0	0.0	0.0	0.0	0.0	0.0	0.0	0.0	2e-05	0.0	0.0	0.0	2e-05	4e-05	0.0	0.0	0.00018	0.00018	0.00018	6e-05	0.00018	0.00014	0.00022	0.00026	0.0003	0.00044	0.00026	0.00078	0.0011	0.0029	0.00874	0.03644	0.1145	0.15242	0.09296	0.02632	0.0052	0.00084	0.0002	8e-05	0.0	0.0	0.0	
0.00378  2000.0  2250.0  0.0	0.0	0.0	0.0	0.0	0.0	0.0	0.0	0.0	0.0	0.0	4e-05	2e-05	0.0	0.0	4e-05	0.0	6e-05	0.0001	0.00012	4e-05	0.0002	0.00024	0.00014	6e-05	0.00026	0.00016	0.00032	0.00032	0.00066	0.00086	0.0022	0.0074	0.02844	0.08134	0.13608	0.11118	0.04962	0.01234	0.00268	0.00048	0.00014	4e-05	2e-05	
0.00195  2250.0  2500.0  0.0	0.0	0.0	0.0	0.0	2e-05	0.0	0.0	0.0	0.0	2e-05	2e-05	0.0	0.0	6e-05	2e-05	2e-05	4e-05	4e-05	6e-05	0.00012	0.0	2e-05	0.00012	0.0001	0.00012	0.00016	0.00026	0.00034	0.0005	0.00064	0.00086	0.00164	0.00582	0.0198	0.05642	0.11234	0.1207	0.0713	0.02516	0.00554	0.00136	0.00022	0.0001	
0.00103  2500.0  2750.0  0.0	0.0	0.0	2e-05	0.0	0.0	0.0	2e-05	0.0	0.0	0.0	6e-05	0.0	0.0	0.0	0.0	0.0	2e-05	2e-05	4e-05	0.0	8e-05	0.00012	0.0001	8e-05	0.0001	0.00016	0.00016	0.00026	0.0003	0.00048	0.0006	0.00112	0.00184	0.00536	0.0176	0.0475	0.09176	0.11386	0.08028	0.03412	0.01102	0.0025	0.00048	
0.00056  2750.0  3000.0  0.0	0.0	0.0	0.0	2e-05	2e-05	2e-05	0.0	2e-05	2e-05	0.0	0.0	0.0	4e-05	0.0	0.0	2e-05	4e-05	0.0	0.0	0.0	8e-05	4e-05	0.00016	6e-05	0.0001	0.00014	0.00012	0.00014	0.00024	0.00026	0.00036	0.0005	0.00098	0.00206	0.00546	0.01698	0.04526	0.08356	0.10226	0.08084	0.04274	0.01406	0.00336	
0.00049  3000.0  3500.0  0.0	0.0	0.0	0.0	0.0	0.0	0.0	0.0	0.0	0.0	0.0	2e-05	0.0	0.0	0.0	0.0	4e-05	2e-05	0.0	0.0	8e-05	2e-05	2e-05	0.0	6e-05	8e-05	8e-05	0.0002	0.00012	0.00014	0.00024	0.00022	0.00028	0.00054	0.001	0.00188	0.00528	0.01554	0.0369	0.06724	0.08868	0.07978	0.05078	0.02564	
0.00017  3500.0  4000.0  0.0	0.0	0.0	0.0	0.0	0.0	0.0	0.0	0.0	0.0	0.0	0.0	0.0	0.0	2e-05	0.0	0.0	2e-05	0.0	0.0	0.0	0.0	6e-05	8e-05	6e-05	4e-05	2e-05	4e-05	6e-05	0.00018	0.0002	0.00018	0.00024	0.0003	0.00032	0.00066	0.00164	0.00408	0.00878	0.02216	0.04368	0.06632	0.07524	0.06564	
9e-05  4000.0  15000.0  0.0	0.0	0.0	0.0	0.0	0.0	2e-05	0.0	0.0	0.0	0.0	2e-05	0.0	0.0	0.0	0.0	0.0	2e-05	0.0	0.0	4e-05	2e-05	6e-05	2e-05	6e-05	6e-05	4e-05	4e-05	8e-05	0.00014	6e-05	0.00014	0.00012	0.00016	0.00018	0.00028	0.00072	0.00094	0.00238	0.00602	0.01336	0.02388	0.03898	0.05378	
