#===============
# ll~ : mumu
# qq~ : dd~
# FF  : dipole
# XY  : LL LR RL RR
# coef : 0 0
# type : A*Z
# Nevs : 50000
#===============
#
# XSEC	BIN_MIN	BIN_MAX 	 Kij 
#
27.3688  200.0  300.0  0.0	0.0	8e-05	0.00042	0.00076	0.0045	0.05854	0.0823	0.07628	0.0679	0.05998	0.02536	0.00024	0.0	0.0	0.0	0.0	0.0	0.0	0.0	0.0	0.0	0.0	0.0	0.0	0.0	0.0	0.0	0.0	0.0	0.0	0.0	0.0	0.0	0.0	0.0	0.0	0.0	0.0	0.0	0.0	0.0	0.0	0.0	
11.1638  300.0  400.0  0.0	0.0	2e-05	6e-05	4e-05	0.00018	0.00024	0.00042	0.00038	0.00126	0.00692	0.0748	0.1215	0.10994	0.08816	0.01574	0.00026	0.0	0.0	0.0	0.0	0.0	0.0	0.0	0.0	0.0	0.0	0.0	0.0	0.0	0.0	0.0	0.0	0.0	0.0	0.0	0.0	0.0	0.0	0.0	0.0	0.0	0.0	0.0	
5.7862  400.0  500.0  0.0	0.0	0.0	2e-05	0.0	6e-05	4e-05	0.00016	0.00034	0.0002	0.00048	0.00056	0.00104	0.00284	0.0273	0.1453	0.15036	0.10324	0.0125	0.00038	0.0	0.0	0.0	0.0	0.0	0.0	0.0	0.0	0.0	0.0	0.0	0.0	0.0	0.0	0.0	0.0	0.0	0.0	0.0	0.0	0.0	0.0	0.0	0.0	
3.38548  500.0  600.0  0.0	0.0	4e-05	0.0	2e-05	2e-05	6e-05	0.0001	0.00014	0.00018	0.00022	0.00024	0.00036	0.00036	0.00052	0.00142	0.00628	0.06082	0.18512	0.15866	0.04254	0.00218	2e-05	0.0	0.0	0.0	0.0	0.0	0.0	0.0	0.0	0.0	0.0	0.0	0.0	0.0	0.0	0.0	0.0	0.0	0.0	0.0	0.0	0.0	
2.13586  600.0  700.0  0.0	0.0	0.0	4e-05	0.0	2e-05	4e-05	4e-05	6e-05	8e-05	0.0001	0.00022	0.00026	0.00036	0.00036	0.00072	0.001	0.00144	0.00474	0.04232	0.18454	0.1824	0.0447	0.00288	4e-05	2e-05	0.0	0.0	0.0	0.0	0.0	0.0	0.0	0.0	0.0	0.0	0.0	0.0	0.0	0.0	0.0	0.0	0.0	0.0	
1.41866  700.0  800.0  0.0	0.0	0.0	4e-05	2e-05	0.0	4e-05	6e-05	6e-05	2e-05	0.0001	6e-05	8e-05	0.0002	0.0003	0.00014	0.0004	0.00054	0.0007	0.0015	0.0078	0.05988	0.21106	0.162	0.02462	0.00174	6e-05	0.0	0.0	0.0	0.0	0.0	0.0	0.0	0.0	0.0	0.0	0.0	0.0	0.0	0.0	0.0	0.0	0.0	
0.97874  800.0  900.0  0.0	0.0	0.0	0.0	2e-05	2e-05	2e-05	0.0	6e-05	6e-05	6e-05	6e-05	0.00026	0.00014	0.00016	0.00016	0.0002	0.00042	0.00048	0.00072	0.00126	0.00332	0.01948	0.12316	0.2322	0.08806	0.00832	0.00084	0.0001	0.0	0.0	0.0	0.0	0.0	0.0	0.0	0.0	0.0	0.0	0.0	0.0	0.0	0.0	0.0	
0.69508  900.0  1000.0  0.0	0.0	0.0	0.0	0.0	0.0	4e-05	0.0	2e-05	4e-05	0.0001	8e-05	0.00014	0.0002	0.00018	0.00012	0.0003	0.00028	0.0004	0.00036	0.00072	0.00114	0.00264	0.00944	0.06134	0.21052	0.1548	0.02534	0.00212	0.00038	6e-05	0.0	0.0	0.0	0.0	0.0	0.0	0.0	0.0	0.0	0.0	0.0	0.0	0.0	
0.8775  1000.0  1200.0  0.0	0.0	0.0	0.0	2e-05	6e-05	0.0	0.0	0.0	0.0	4e-05	4e-05	4e-05	0.00014	8e-05	0.00018	0.00024	0.00018	0.00034	0.00038	0.00044	0.0006	0.00104	0.00164	0.00402	0.0247	0.11634	0.17396	0.11028	0.02792	0.00276	0.00036	0.0	2e-05	0.0	0.0	0.0	0.0	0.0	0.0	0.0	0.0	0.0	0.0	
0.49154  1200.0  1400.0  0.0	0.0	0.0	2e-05	2e-05	0.0	0.0	0.0	0.0	0.0	4e-05	0.0	0.0	2e-05	4e-05	0.00012	4e-05	8e-05	0.00012	0.00022	0.00026	0.00032	0.00032	0.00054	0.00074	0.00128	0.00386	0.02132	0.09686	0.17966	0.12254	0.03376	0.00478	0.00066	0.00012	2e-05	0.0	0.0	0.0	0.0	0.0	0.0	0.0	0.0	
0.28766  1400.0  1600.0  0.0	0.0	0.0	0.0	0.0	0.0	2e-05	0.0	0.0	0.0	0.0	0.0	0.0	0.0	0.0	8e-05	8e-05	0.00012	0.0001	0.00016	0.00026	0.0001	0.0003	0.0004	0.00036	0.0005	0.00096	0.0023	0.0064	0.02998	0.1149	0.1747	0.098	0.0256	0.0034	0.0004	0.00014	4e-05	0.0	0.0	0.0	0.0	0.0	0.0	
0.17363  1600.0  1800.0  0.0	0.0	0.0	0.0	0.0	0.0	2e-05	0.0	2e-05	2e-05	0.0	2e-05	0.0	0.0	0.0	6e-05	2e-05	8e-05	0.0001	0.00014	0.0001	0.00018	0.00014	0.00026	0.0003	0.00058	0.0005	0.00078	0.00122	0.00386	0.01364	0.06082	0.14764	0.14534	0.06088	0.01248	0.00158	0.00034	8e-05	2e-05	0.0	0.0	0.0	0.0	
0.10698  1800.0  2000.0  0.0	0.0	0.0	2e-05	0.0	2e-05	0.0	0.0	0.0	0.0	0.0	4e-05	0.0	0.0	0.0	4e-05	0.0	2e-05	6e-05	0.00014	8e-05	0.00014	6e-05	0.00016	0.00016	0.00016	0.00044	0.00056	0.00056	0.0011	0.0027	0.00986	0.0388	0.10962	0.15014	0.0927	0.02778	0.0053	0.00078	0.00018	4e-05	0.0	0.0	0.0	
0.0793  2000.0  2250.0  0.0	0.0	0.0	0.0	0.0	0.0	0.0	0.0	0.0	2e-05	0.0	0.0	2e-05	0.0	4e-05	2e-05	0.0	8e-05	4e-05	6e-05	6e-05	0.00016	0.00014	0.0001	0.0001	0.0001	0.0003	0.00032	0.00034	0.00068	0.0011	0.0023	0.00684	0.0278	0.08062	0.13762	0.1108	0.04796	0.01252	0.0022	0.00046	4e-05	2e-05	2e-05	
0.04476  2250.0  2500.0  0.0	0.0	0.0	0.0	0.0	0.0	0.0	0.0	0.0	0.0	0.0	0.0	2e-05	0.0	4e-05	0.0	2e-05	4e-05	6e-05	0.0	0.00016	4e-05	8e-05	4e-05	0.00012	6e-05	8e-05	8e-05	0.00022	0.00016	0.00046	0.00102	0.0019	0.00494	0.01874	0.05842	0.1121	0.1236	0.07118	0.02432	0.0057	0.001	0.00022	8e-05	
0.02545  2500.0  2750.0  0.0	0.0	0.0	0.0	0.0	0.0	0.0	0.0	0.0	2e-05	2e-05	0.0	0.0	0.0	2e-05	2e-05	0.0	2e-05	6e-05	4e-05	2e-05	4e-05	8e-05	8e-05	0.00012	0.0001	0.0001	0.00014	0.00036	0.0002	0.00038	0.00052	0.00092	0.00176	0.0046	0.0165	0.0482	0.0959	0.11552	0.08216	0.03618	0.00972	0.00216	0.00064	
0.01454  2750.0  3000.0  0.0	0.0	0.0	0.0	0.0	0.0	2e-05	2e-05	0.0	0.0	0.0	0.0	0.0	0.0	0.0	4e-05	0.0	4e-05	2e-05	4e-05	0.0	6e-05	8e-05	6e-05	4e-05	0.00016	0.0001	0.00016	0.00012	0.00032	0.00012	0.00028	0.0005	0.00118	0.00164	0.00568	0.0175	0.04464	0.08572	0.10444	0.0798	0.04266	0.01384	0.0038	
0.013  3000.0  3500.0  0.0	0.0	0.0	0.0	2e-05	0.0	2e-05	0.0	0.0	0.0	0.0	0.0	2e-05	2e-05	0.0	2e-05	2e-05	0.0	4e-05	2e-05	4e-05	2e-05	2e-05	0.00012	0.00014	0.0001	0.00014	8e-05	0.0001	0.00014	0.00014	0.00028	0.00036	0.00048	0.0008	0.0021	0.00464	0.01404	0.03558	0.06652	0.0903	0.08066	0.05196	0.0258	
0.00413  3500.0  4000.0  0.0	0.0	0.0	0.0	0.0	2e-05	0.0	0.0	0.0	0.0	0.0	0.0	0.0	4e-05	2e-05	0.0	0.0	0.0	2e-05	2e-05	2e-05	4e-05	6e-05	8e-05	4e-05	8e-05	4e-05	0.00012	0.00012	0.0001	0.0001	0.00016	0.00018	0.00012	0.00036	0.0007	0.0014	0.00306	0.00848	0.02142	0.04202	0.06866	0.07692	0.06634	
0.00164  4000.0  15000.0  0.0	0.0	0.0	0.0	0.0	0.0	0.0	2e-05	0.0	0.0	0.0	0.0	0.0	0.0	2e-05	4e-05	0.0	0.0	2e-05	0.0	0.0	0.0	0.0	4e-05	4e-05	6e-05	6e-05	2e-05	8e-05	0.00014	8e-05	8e-05	0.00014	0.00016	0.00024	0.00024	0.00042	0.00094	0.00234	0.0061	0.01268	0.02562	0.0412	0.05582	
