#===============
# ll~ : mumu
# qq~ : db~
# FF  : dipole
# XY  : LL LR RL RR
# coef : 0 0
# type : Z*Z
# Nevs : 50000
#===============
#
# XSEC	BIN_MIN	BIN_MAX 	 Kij 
#
4.7626  200.0  300.0  0.0	0.0	4e-05	0.00024	0.00078	0.00392	0.05706	0.07918	0.07034	0.0621	0.05198	0.0212	0.00042	0.0	0.0	0.0	0.0	0.0	0.0	0.0	0.0	0.0	0.0	0.0	0.0	0.0	0.0	0.0	0.0	0.0	0.0	0.0	0.0	0.0	0.0	0.0	0.0	0.0	0.0	0.0	0.0	0.0	0.0	0.0	
1.71366  300.0  400.0  0.0	0.0	0.0	2e-05	4e-05	0.00022	0.00034	0.00052	0.00072	0.0011	0.0064	0.07528	0.11672	0.10352	0.07692	0.0147	0.00028	0.0	0.0	0.0	0.0	0.0	0.0	0.0	0.0	0.0	0.0	0.0	0.0	0.0	0.0	0.0	0.0	0.0	0.0	0.0	0.0	0.0	0.0	0.0	0.0	0.0	0.0	0.0	
0.82034  400.0  500.0  0.0	0.0	0.0	2e-05	6e-05	0.0001	6e-05	0.00018	0.00022	0.00026	0.00032	0.00048	0.00132	0.00254	0.02754	0.13892	0.1441	0.09602	0.01242	0.00034	0.0	0.0	0.0	0.0	0.0	0.0	0.0	0.0	0.0	0.0	0.0	0.0	0.0	0.0	0.0	0.0	0.0	0.0	0.0	0.0	0.0	0.0	0.0	0.0	
0.4501  500.0  600.0  0.0	0.0	0.0	0.0	0.0	6e-05	6e-05	0.00018	8e-05	0.0002	0.00014	0.0003	0.0005	0.0007	0.00098	0.00136	0.00712	0.0604	0.17752	0.15268	0.04038	0.00218	0.00022	0.0	0.0	0.0	0.0	0.0	0.0	0.0	0.0	0.0	0.0	0.0	0.0	0.0	0.0	0.0	0.0	0.0	0.0	0.0	0.0	0.0	
0.26812  600.0  700.0  0.0	0.0	0.0	2e-05	2e-05	4e-05	0.0	4e-05	2e-05	8e-05	0.00012	0.00018	0.00012	0.00022	0.00046	0.00072	0.0008	0.00132	0.0054	0.04338	0.1801	0.16848	0.04568	0.00254	0.00014	0.0	0.0	0.0	0.0	0.0	0.0	0.0	0.0	0.0	0.0	0.0	0.0	0.0	0.0	0.0	0.0	0.0	0.0	0.0	
0.16909  700.0  800.0  0.0	0.0	0.0	0.0	0.0	8e-05	6e-05	4e-05	4e-05	6e-05	0.00012	0.0002	0.00022	0.00028	0.00028	0.00012	0.00054	0.0005	0.00072	0.00176	0.00834	0.06066	0.2021	0.15204	0.02778	0.00264	0.00028	2e-05	0.0	0.0	0.0	0.0	0.0	0.0	0.0	0.0	0.0	0.0	0.0	0.0	0.0	0.0	0.0	0.0	
0.11108  800.0  900.0  0.0	0.0	0.0	0.0	2e-05	2e-05	0.0	2e-05	0.0	4e-05	8e-05	4e-05	0.00012	6e-05	0.00012	0.00026	0.0002	0.00042	0.0006	0.00076	0.00114	0.00368	0.0208	0.1204	0.21774	0.08728	0.0099	0.00092	8e-05	0.0	0.0	0.0	0.0	0.0	0.0	0.0	0.0	0.0	0.0	0.0	0.0	0.0	0.0	0.0	
0.07541  900.0  1000.0  0.0	0.0	0.0	0.0	2e-05	0.0	0.0	4e-05	4e-05	4e-05	8e-05	0.00014	8e-05	6e-05	0.00014	0.00024	0.00032	0.00028	0.00024	0.00052	0.00066	0.00108	0.00248	0.01074	0.0676	0.2088	0.14712	0.02654	0.00302	0.00028	2e-05	0.0	2e-05	0.0	0.0	0.0	0.0	0.0	0.0	0.0	0.0	0.0	0.0	0.0	
0.08977  1000.0  1200.0  0.0	0.0	0.0	2e-05	0.0	2e-05	0.0	2e-05	2e-05	4e-05	6e-05	2e-05	2e-05	8e-05	4e-05	0.00026	0.00018	0.0002	0.00024	0.00028	0.00042	0.00064	0.00058	0.0017	0.00558	0.02812	0.11516	0.16956	0.10978	0.02984	0.00436	0.00072	0.00012	0.0	0.0	0.0	0.0	0.0	0.0	0.0	0.0	0.0	0.0	0.0	
0.04666  1200.0  1400.0  0.0	0.0	0.0	0.0	0.0	0.0	0.0	0.0	4e-05	0.0	4e-05	0.0	6e-05	6e-05	0.0001	8e-05	0.0002	8e-05	0.00012	0.0002	0.00028	0.00042	0.00038	0.00058	0.00076	0.00152	0.00518	0.02252	0.0963	0.17372	0.11982	0.03384	0.00514	0.00086	0.00022	0.0	0.0	0.0	0.0	0.0	0.0	0.0	0.0	0.0	
0.02562  1400.0  1600.0  0.0	0.0	0.0	0.0	0.0	0.0	2e-05	2e-05	2e-05	0.0	0.0	2e-05	2e-05	6e-05	6e-05	8e-05	6e-05	0.0001	0.00014	0.00014	8e-05	0.00018	0.00038	0.00018	0.00052	0.00054	0.00122	0.00256	0.00656	0.0337	0.11212	0.16592	0.09846	0.0255	0.0042	0.0007	0.00018	0.0	0.0	0.0	0.0	0.0	0.0	0.0	
0.01465  1600.0  1800.0  0.0	0.0	0.0	0.0	2e-05	0.0	4e-05	2e-05	2e-05	2e-05	2e-05	0.0	2e-05	4e-05	4e-05	2e-05	4e-05	2e-05	0.00012	4e-05	0.00024	0.00016	6e-05	0.00036	0.00032	0.00026	0.00052	0.0008	0.00146	0.00408	0.0146	0.06142	0.1427	0.14356	0.0621	0.01392	0.00232	0.00036	0.0	4e-05	0.0	0.0	0.0	0.0	
0.00864  1800.0  2000.0  0.0	0.0	0.0	0.0	0.0	0.0	4e-05	0.0	4e-05	0.0	0.0	0.0	6e-05	2e-05	2e-05	8e-05	8e-05	4e-05	8e-05	0.00012	4e-05	0.00012	6e-05	0.00032	0.0002	0.00026	0.00046	0.00034	0.00064	0.00158	0.00276	0.01112	0.04072	0.11176	0.14936	0.0908	0.02804	0.00586	0.00114	0.00022	2e-05	0.0	0.0	0.0	
0.00617  2000.0  2250.0  0.0	0.0	0.0	0.0	0.0	0.0	0.0	0.0	0.0	0.0	0.0	0.0	0.0	2e-05	0.0	2e-05	4e-05	2e-05	4e-05	6e-05	2e-05	6e-05	0.00014	0.00012	0.00012	0.00022	0.00022	0.00034	0.00042	0.00062	0.00086	0.00222	0.00758	0.02872	0.08284	0.131	0.11098	0.05138	0.0125	0.00206	0.00056	6e-05	8e-05	0.0	
0.00339  2250.0  2500.0  0.0	0.0	2e-05	0.0	0.0	0.0	0.0	0.0	0.0	0.0	0.0	0.0	0.0	0.0	2e-05	2e-05	6e-05	4e-05	2e-05	0.0001	0.00012	2e-05	0.0002	6e-05	0.00014	0.00012	0.00022	0.00022	0.00026	0.00038	0.0005	0.00078	0.00182	0.0054	0.02106	0.05748	0.11132	0.11916	0.0724	0.02508	0.00614	0.00166	0.0003	4e-05	
0.0019  2500.0  2750.0  0.0	0.0	0.0	0.0	0.0	0.0	0.0	0.0	2e-05	0.0	0.0	0.0	0.0	0.0	2e-05	0.0	0.0	2e-05	4e-05	2e-05	2e-05	6e-05	8e-05	0.0001	8e-05	0.0001	0.0002	0.0001	0.0002	0.0003	0.0005	0.00054	0.00096	0.00152	0.00502	0.0177	0.0488	0.09476	0.1118	0.08134	0.0364	0.0101	0.00232	0.00046	
0.00109  2750.0  3000.0  0.0	0.0	0.0	0.0	0.0	0.0	0.0	0.0	0.0	0.0	2e-05	2e-05	0.0	0.0	4e-05	6e-05	2e-05	4e-05	0.0	2e-05	2e-05	8e-05	0.0001	8e-05	6e-05	6e-05	0.00012	4e-05	0.00018	0.00026	0.00028	0.0002	0.00022	0.00096	0.00194	0.0057	0.01718	0.04414	0.08428	0.10376	0.0813	0.04316	0.0145	0.00408	
0.00099  3000.0  3500.0  0.0	0.0	0.0	0.0	0.0	2e-05	0.0	2e-05	0.0	0.0	0.0	0.0	2e-05	2e-05	0.0	0.0	2e-05	0.0	2e-05	2e-05	4e-05	6e-05	0.0	6e-05	6e-05	4e-05	0.00012	0.0001	0.00012	0.00016	0.00018	0.0002	0.00034	0.00048	0.00098	0.00186	0.00528	0.01372	0.03674	0.06706	0.08898	0.08408	0.05244	0.02586	
0.00034  3500.0  4000.0  0.0	0.0	0.0	0.0	0.0	0.0	2e-05	0.0	0.0	0.0	2e-05	0.0	2e-05	0.0	0.0	0.0	2e-05	2e-05	0.0	0.0	0.0	4e-05	4e-05	2e-05	8e-05	0.00014	2e-05	4e-05	6e-05	6e-05	0.00014	4e-05	0.00022	0.00022	0.00048	0.00064	0.00134	0.00392	0.00882	0.02134	0.04356	0.06908	0.07882	0.06748	
0.00019  4000.0  15000.0  0.0	0.0	0.0	0.0	0.0	0.0	0.0	2e-05	0.0	0.0	0.0	0.0	0.0	0.0	0.0	2e-05	0.0	0.0	0.0	0.0	2e-05	2e-05	0.0	2e-05	8e-05	4e-05	0.0001	8e-05	6e-05	4e-05	0.0001	0.00016	8e-05	0.0002	0.00024	0.00028	0.00052	0.00094	0.00226	0.00518	0.012	0.02486	0.04044	0.05512	
