#===============
# ll~ : mumu
# qq~ : ss~
# FF  : scalar
# XY  : LL LR RL RR
# coef : 0 0
# type : Reg*Reg
# Nevs : 50000
#===============
#
# XSEC	BIN_MIN	BIN_MAX 	 Kij 
#
43.674  200.0  300.0  0.0	0.0	0.0	0.00026	0.00074	0.00272	0.04234	0.07018	0.07506	0.07714	0.0787	0.03454	0.00036	0.0	0.0	0.0	0.0	0.0	0.0	0.0	0.0	0.0	0.0	0.0	0.0	0.0	0.0	0.0	0.0	0.0	0.0	0.0	0.0	0.0	0.0	0.0	0.0	0.0	0.0	0.0	0.0	0.0	0.0	0.0	
32.716  300.0  400.0  0.0	0.0	0.0	2e-05	0.00012	0.00018	0.0002	0.00048	0.00084	0.00086	0.00504	0.066	0.11556	0.11492	0.1017	0.0173	0.00022	0.0	0.0	0.0	0.0	0.0	0.0	0.0	0.0	0.0	0.0	0.0	0.0	0.0	0.0	0.0	0.0	0.0	0.0	0.0	0.0	0.0	0.0	0.0	0.0	0.0	0.0	0.0	
24.8768  400.0  500.0  0.0	0.0	0.0	0.0	2e-05	0.0	6e-05	0.00014	0.0002	0.00022	0.00036	0.00092	0.00116	0.00238	0.02334	0.13112	0.15246	0.11056	0.01296	0.00016	2e-05	0.0	0.0	0.0	0.0	0.0	0.0	0.0	0.0	0.0	0.0	0.0	0.0	0.0	0.0	0.0	0.0	0.0	0.0	0.0	0.0	0.0	0.0	0.0	
19.2034  500.0  600.0  0.0	0.0	0.0	2e-05	4e-05	4e-05	2e-05	0.0	8e-05	0.00022	0.00028	0.00034	0.00026	0.00062	0.0008	0.00158	0.005	0.05316	0.17848	0.16316	0.0409	0.00104	4e-05	0.0	0.0	0.0	0.0	0.0	0.0	0.0	0.0	0.0	0.0	0.0	0.0	0.0	0.0	0.0	0.0	0.0	0.0	0.0	0.0	0.0	
15.001  600.0  700.0  0.0	0.0	0.0	0.0	0.0	2e-05	2e-05	6e-05	6e-05	8e-05	0.0001	0.00016	0.00028	0.0002	0.0004	0.00058	0.00082	0.00144	0.00418	0.03538	0.17758	0.18096	0.04448	0.0015	4e-05	2e-05	0.0	0.0	0.0	0.0	0.0	0.0	0.0	0.0	0.0	0.0	0.0	0.0	0.0	0.0	0.0	0.0	0.0	0.0	
11.8556  700.0  800.0  0.0	0.0	0.0	0.0	2e-05	0.0	2e-05	4e-05	2e-05	0.00014	0.00012	0.00012	0.00014	0.0003	0.00024	0.00024	0.00036	0.00078	0.00118	0.00154	0.00522	0.05134	0.20444	0.15952	0.02254	0.00102	6e-05	0.0	0.0	0.0	0.0	0.0	0.0	0.0	0.0	0.0	0.0	0.0	0.0	0.0	0.0	0.0	0.0	0.0	
9.4374  800.0  900.0  0.0	0.0	0.0	2e-05	0.0	2e-05	2e-05	0.0	8e-05	2e-05	6e-05	4e-05	8e-05	0.00016	0.00016	0.0002	0.0002	0.0004	0.0005	0.00086	0.00114	0.00274	0.01482	0.11068	0.22556	0.08246	0.0061	0.00032	6e-05	2e-05	0.0	0.0	0.0	0.0	0.0	0.0	0.0	0.0	0.0	0.0	0.0	0.0	0.0	0.0	
7.5746  900.0  1000.0  0.0	0.0	0.0	0.0	2e-05	0.0	0.0	4e-05	6e-05	4e-05	4e-05	2e-05	6e-05	0.00012	0.0001	0.00026	0.00018	0.00032	0.00032	0.00046	0.00058	0.00082	0.00198	0.00676	0.05476	0.20538	0.15286	0.02186	0.00122	0.00014	2e-05	0.0	0.0	0.0	0.0	0.0	0.0	0.0	0.0	0.0	0.0	0.0	0.0	0.0	
11.087  1000.0  1200.0  0.0	0.0	0.0	0.0	0.0	2e-05	0.0	0.0	0.0	2e-05	2e-05	4e-05	4e-05	4e-05	0.00012	4e-05	0.00014	0.00014	0.00022	0.0002	0.0003	0.0005	0.0007	0.0014	0.00342	0.02092	0.10472	0.17098	0.11482	0.02852	0.002	0.0002	2e-05	0.0	0.0	0.0	0.0	0.0	0.0	0.0	0.0	0.0	0.0	0.0	
7.3848  1200.0  1400.0  0.0	0.0	0.0	0.0	4e-05	2e-05	0.0	0.0	2e-05	4e-05	2e-05	2e-05	6e-05	6e-05	2e-05	6e-05	6e-05	0.00014	0.00032	0.00012	0.00034	0.0003	0.00036	0.0006	0.00086	0.00118	0.00312	0.01748	0.0866	0.17092	0.11942	0.03218	0.0036	0.0004	0.0	0.0	0.0	0.0	0.0	0.0	0.0	0.0	0.0	0.0	
4.9994  1400.0  1600.0  0.0	0.0	2e-05	0.0	2e-05	0.0	0.0	0.0	0.0	0.0	2e-05	0.0	4e-05	2e-05	0.0	4e-05	0.00012	4e-05	0.00014	0.00014	0.00022	0.00024	0.00022	0.00044	0.00048	0.00066	0.00082	0.00172	0.00526	0.02716	0.10702	0.17	0.09792	0.0232	0.00294	0.00042	2e-05	0.0	0.0	0.0	0.0	0.0	0.0	0.0	
3.42592  1600.0  1800.0  0.0	0.0	0.0	2e-05	0.0	0.0	0.0	0.0	2e-05	2e-05	2e-05	4e-05	2e-05	6e-05	6e-05	0.00012	0.00012	0.0001	0.00018	4e-05	0.00012	0.00012	0.00018	0.00026	0.00032	0.00032	0.00042	0.00058	0.00122	0.0034	0.01244	0.0552	0.14166	0.1426	0.05832	0.01176	0.00176	0.0003	0.0001	4e-05	0.0	0.0	0.0	0.0	
2.36832  1800.0  2000.0  0.0	0.0	0.0	0.0	0.0	0.0	0.0	0.0	0.0	0.0	0.0	0.0	2e-05	0.0	2e-05	0.0	2e-05	0.0	8e-05	4e-05	8e-05	8e-05	0.00016	0.00018	8e-05	0.00022	0.00022	0.00048	0.00084	0.00104	0.00246	0.0087	0.03476	0.10604	0.1462	0.0934	0.02666	0.0048	0.00084	8e-05	0.00012	0.0	0.0	0.0	
1.98068  2000.0  2250.0  0.0	0.0	0.0	0.0	0.0	0.0	0.0	2e-05	0.0	2e-05	0.0	0.0	0.0	0.0	2e-05	2e-05	0.0	6e-05	8e-05	8e-05	0.00016	0.00012	8e-05	0.00014	0.00016	0.00022	0.00022	0.00042	0.00038	0.00068	0.00098	0.00236	0.00646	0.02542	0.07892	0.13166	0.10598	0.04844	0.01186	0.00236	0.00054	0.0	2e-05	0.0	
1.27524  2250.0  2500.0  0.0	0.0	0.0	2e-05	0.0	0.0	0.0	0.0	2e-05	0.0	2e-05	2e-05	0.0	0.0	2e-05	0.0	2e-05	6e-05	0.00012	4e-05	6e-05	0.00012	8e-05	6e-05	0.00024	0.0002	0.00022	0.00016	0.00022	0.00048	0.00038	0.00062	0.00198	0.00482	0.01752	0.0547	0.10538	0.12052	0.07138	0.02566	0.006	0.00112	0.00028	8e-05	
0.8294  2500.0  2750.0  0.0	0.0	0.0	0.0	0.0	0.0	0.0	2e-05	0.0	6e-05	0.0	0.0	0.0	2e-05	2e-05	4e-05	0.0	8e-05	0.0	6e-05	8e-05	6e-05	2e-05	0.00014	0.00018	0.0001	0.00018	0.00026	0.00032	0.0002	0.00036	0.00052	0.00104	0.0018	0.00464	0.01568	0.04412	0.09074	0.11168	0.0815	0.0347	0.01006	0.00246	0.00046	
0.54276  2750.0  3000.0  0.0	0.0	0.0	0.0	0.0	0.0	0.0	0.0	0.0	0.0	0.0	0.0	0.0	2e-05	2e-05	0.0	2e-05	0.0	2e-05	4e-05	6e-05	6e-05	8e-05	8e-05	0.00014	4e-05	0.00016	0.00014	0.00016	0.00022	0.00024	0.00036	0.00064	0.00092	0.00192	0.005	0.0165	0.04134	0.08094	0.1066	0.07934	0.04178	0.01414	0.00358	
0.59672  3000.0  3500.0  0.0	0.0	0.0	0.0	0.0	0.0	0.0	2e-05	2e-05	0.0	2e-05	2e-05	0.0	0.0	0.0	2e-05	2e-05	2e-05	4e-05	8e-05	2e-05	4e-05	2e-05	2e-05	0.0	0.0	0.00014	8e-05	0.0001	0.00022	0.0002	0.00024	0.00026	0.0006	0.0009	0.00214	0.00542	0.0147	0.03614	0.06522	0.08604	0.08138	0.05364	0.0257	
0.26723  3500.0  4000.0  0.0	0.0	0.0	0.0	0.0	0.0	0.0	0.0	0.0	0.0	0.0	0.0	0.0	0.0	0.0	4e-05	2e-05	0.0	0.0	0.0	2e-05	0.0	4e-05	4e-05	6e-05	8e-05	0.0001	0.00014	8e-05	0.00012	8e-05	0.00018	0.00018	0.00036	0.0002	0.00094	0.00178	0.0037	0.0087	0.02028	0.04178	0.06378	0.07348	0.0651	
0.22658  4000.0  15000.0  0.0	0.0	0.0	0.0	0.0	0.0	0.0	0.0	0.0	2e-05	0.0	0.0	2e-05	0.0	0.0	0.0	0.0	0.0	0.0	0.0	0.0	2e-05	2e-05	2e-05	2e-05	8e-05	8e-05	6e-05	4e-05	8e-05	2e-05	0.0002	0.00014	0.00024	0.00012	0.00026	0.00054	0.0011	0.00218	0.006	0.01228	0.02232	0.03502	0.04858	
