#===============
# ll~ : mumu
# qq~ : bs~
# FF  : scalar
# XY  : LL LR RL RR
# coef : 0 0
# type : Reg*Reg
# Nevs : 50000
#===============
#
# XSEC	BIN_MIN	BIN_MAX 	 Kij 
#
10.7012  200.0  300.0  0.0	0.0	2e-05	0.0003	0.00052	0.00268	0.04314	0.071	0.07442	0.07768	0.07994	0.0373	0.00036	0.0	0.0	0.0	0.0	0.0	0.0	0.0	0.0	0.0	0.0	0.0	0.0	0.0	0.0	0.0	0.0	0.0	0.0	0.0	0.0	0.0	0.0	0.0	0.0	0.0	0.0	0.0	0.0	0.0	0.0	0.0	
7.8162  300.0  400.0  0.0	0.0	0.0	6e-05	0.00022	0.00014	0.00036	0.00034	0.00078	0.00116	0.00444	0.06626	0.11712	0.1155	0.1016	0.01822	0.0001	0.0	0.0	0.0	0.0	0.0	0.0	0.0	0.0	0.0	0.0	0.0	0.0	0.0	0.0	0.0	0.0	0.0	0.0	0.0	0.0	0.0	0.0	0.0	0.0	0.0	0.0	0.0	
5.7892  400.0  500.0  0.0	0.0	2e-05	0.0	0.0	2e-05	0.0001	0.00022	0.00022	0.00038	0.0004	0.0007	0.0009	0.00248	0.02276	0.13612	0.1512	0.11044	0.01196	0.0002	0.0	0.0	0.0	0.0	0.0	0.0	0.0	0.0	0.0	0.0	0.0	0.0	0.0	0.0	0.0	0.0	0.0	0.0	0.0	0.0	0.0	0.0	0.0	0.0	
4.3518  500.0  600.0  0.0	0.0	0.0	4e-05	0.0	8e-05	4e-05	4e-05	4e-05	8e-05	0.00034	0.00034	0.00044	0.00054	0.0007	0.0014	0.00444	0.05288	0.17904	0.16444	0.04232	0.00084	0.0	0.0	0.0	0.0	0.0	0.0	0.0	0.0	0.0	0.0	0.0	0.0	0.0	0.0	0.0	0.0	0.0	0.0	0.0	0.0	0.0	0.0	
3.31656  600.0  700.0  0.0	0.0	0.0	0.0	6e-05	0.0	0.0001	4e-05	0.00012	8e-05	0.00018	0.00018	0.00016	0.00028	0.00046	0.00048	0.0008	0.00144	0.00378	0.03446	0.18268	0.18466	0.0437	0.00164	6e-05	0.0	0.0	0.0	0.0	0.0	0.0	0.0	0.0	0.0	0.0	0.0	0.0	0.0	0.0	0.0	0.0	0.0	0.0	0.0	
2.55224  700.0  800.0  0.0	0.0	0.0	4e-05	0.0	6e-05	2e-05	0.0	2e-05	4e-05	4e-05	2e-05	0.00014	0.00024	0.00026	0.0002	0.00046	0.00052	0.00088	0.00148	0.00566	0.05232	0.20708	0.16358	0.02304	0.00084	2e-05	0.0	0.0	0.0	0.0	0.0	0.0	0.0	0.0	0.0	0.0	0.0	0.0	0.0	0.0	0.0	0.0	0.0	
1.9828  800.0  900.0  0.0	0.0	0.0	2e-05	2e-05	0.0	0.0	2e-05	4e-05	6e-05	4e-05	8e-05	0.0001	0.00012	0.00018	0.00034	0.00024	0.00038	0.00032	0.00072	0.00094	0.00238	0.01476	0.11462	0.22706	0.08716	0.00574	0.0004	0.0	0.0	0.0	0.0	0.0	0.0	0.0	0.0	0.0	0.0	0.0	0.0	0.0	0.0	0.0	0.0	
1.55174  900.0  1000.0  0.0	0.0	0.0	2e-05	0.0	0.0	0.0	2e-05	2e-05	0.0	8e-05	0.00012	0.00014	0.00018	0.00012	0.0001	0.00024	0.00018	0.00042	0.0004	0.0008	0.00096	0.00166	0.00642	0.05512	0.21222	0.15658	0.02112	0.00136	6e-05	0.0	0.0	0.0	0.0	0.0	0.0	0.0	0.0	0.0	0.0	0.0	0.0	0.0	0.0	
2.18962  1000.0  1200.0  0.0	0.0	0.0	0.0	2e-05	4e-05	0.0	2e-05	0.0	2e-05	4e-05	8e-05	8e-05	4e-05	0.00012	0.00016	0.00016	0.00016	0.0002	0.00028	0.0002	0.00058	0.00072	0.00134	0.00382	0.02108	0.10818	0.17122	0.1164	0.02712	0.00214	0.00022	2e-05	0.0	0.0	0.0	0.0	0.0	0.0	0.0	0.0	0.0	0.0	0.0	
1.38988  1200.0  1400.0  0.0	0.0	0.0	0.0	0.0	0.0	2e-05	0.0	2e-05	0.0	0.0	2e-05	6e-05	8e-05	6e-05	0.00014	0.00014	0.00016	0.00014	0.00018	0.0002	0.00032	0.00042	0.00058	0.00084	0.00126	0.00332	0.01716	0.0906	0.17734	0.11982	0.0303	0.0033	0.00024	4e-05	0.0	0.0	0.0	0.0	0.0	0.0	0.0	0.0	0.0	
0.8952  1400.0  1600.0  0.0	0.0	0.0	0.0	2e-05	0.0	0.0	0.0	2e-05	0.0	0.0	4e-05	2e-05	0.0	0.0	2e-05	6e-05	0.00014	6e-05	0.00018	0.0002	0.0003	0.00012	0.00022	0.00034	0.0004	0.0009	0.00152	0.00458	0.02778	0.11006	0.17304	0.09786	0.02126	0.00318	0.00036	2e-05	0.0	0.0	0.0	0.0	0.0	0.0	0.0	
0.5847  1600.0  1800.0  0.0	0.0	0.0	0.0	6e-05	0.0	0.0	0.0	0.0	4e-05	2e-05	4e-05	0.0	4e-05	2e-05	0.0	4e-05	0.00012	0.0001	0.00016	0.0001	0.00018	8e-05	0.00014	0.00018	0.00034	0.00044	0.00076	0.00126	0.00276	0.01176	0.05466	0.145	0.14858	0.05904	0.01112	0.00134	0.00014	6e-05	0.0	0.0	0.0	0.0	0.0	
0.38542  1800.0  2000.0  0.0	0.0	0.0	0.0	0.0	0.0	0.0	2e-05	0.0	0.0	2e-05	2e-05	2e-05	0.0	6e-05	6e-05	4e-05	2e-05	0.0001	0.0001	6e-05	0.00012	0.00012	0.00016	0.00026	0.00034	0.00026	0.00044	0.00072	0.00078	0.00194	0.00702	0.03618	0.10976	0.15084	0.09386	0.02566	0.0039	0.00048	4e-05	0.0	0.0	0.0	0.0	
0.30525  2000.0  2250.0  0.0	0.0	0.0	0.0	0.0	0.0	0.0	0.0	2e-05	0.0	0.0	0.0	0.0	0.0	4e-05	2e-05	0.0	0.0001	0.0001	8e-05	6e-05	0.00022	0.00012	0.00014	0.00012	0.0001	0.00034	0.0003	0.00052	0.00062	0.00076	0.00186	0.0059	0.02488	0.07864	0.13718	0.11208	0.0466	0.01126	0.00184	0.0002	6e-05	2e-05	0.0	
0.1843  2250.0  2500.0  0.0	0.0	0.0	0.0	0.0	0.0	0.0	0.0	0.0	2e-05	0.0	0.0	2e-05	0.0	0.0	2e-05	0.0	4e-05	8e-05	0.00012	8e-05	0.0001	8e-05	0.00026	0.00012	0.00022	0.0002	0.00022	0.00034	0.00028	0.00056	0.00066	0.00172	0.00418	0.01752	0.05526	0.11196	0.12224	0.07032	0.02438	0.00482	0.00098	0.00016	2e-05	
0.11192  2500.0  2750.0  0.0	0.0	0.0	0.0	0.0	0.0	0.0	0.0	0.0	0.0	0.0	0.0	2e-05	2e-05	2e-05	2e-05	2e-05	6e-05	0.0	4e-05	4e-05	8e-05	6e-05	0.0001	0.00018	0.00012	0.00014	0.00016	0.0001	0.00022	0.00032	0.00054	0.00064	0.00176	0.00454	0.01424	0.04366	0.09528	0.11598	0.0831	0.03378	0.00966	0.00174	0.00042	
0.06816  2750.0  3000.0  0.0	0.0	0.0	0.0	0.0	2e-05	0.0	0.0	2e-05	0.0	0.0	2e-05	0.0	0.0	4e-05	0.0	2e-05	2e-05	4e-05	0.0	0.0001	2e-05	6e-05	0.00012	4e-05	0.0001	0.0002	4e-05	0.00026	0.00026	0.00024	0.00026	0.00056	0.0009	0.00152	0.00492	0.01544	0.04148	0.0843	0.10626	0.08162	0.04092	0.01328	0.00348	
0.06694  3000.0  3500.0  0.0	0.0	0.0	0.0	0.0	2e-05	0.0	2e-05	0.0	0.0	0.0	0.0	2e-05	0.0	0.0	2e-05	0.0	2e-05	0.0	4e-05	2e-05	2e-05	6e-05	6e-05	0.00014	4e-05	0.0001	0.00016	0.00014	0.00014	0.00028	0.00014	0.00032	0.00044	0.00082	0.00164	0.0048	0.01422	0.03218	0.06784	0.09136	0.08394	0.05406	0.02516	
0.02492  3500.0  4000.0  0.0	0.0	0.0	0.0	0.0	0.0	0.0	0.0	0.0	0.0	0.0	0.0	0.0	0.0	2e-05	2e-05	2e-05	2e-05	2e-05	2e-05	2e-05	2e-05	4e-05	0.00014	2e-05	8e-05	2e-05	8e-05	4e-05	0.00018	0.00012	0.00028	0.00022	0.00022	0.00032	0.00054	0.0012	0.00292	0.0083	0.02126	0.0428	0.0672	0.07798	0.06862	
0.01517  4000.0  15000.0  0.0	0.0	0.0	0.0	0.0	0.0	0.0	2e-05	2e-05	0.0	0.0	0.0	0.0	0.0	0.0	0.0	0.0	0.0	2e-05	0.0	2e-05	4e-05	2e-05	0.0	0.0	4e-05	2e-05	6e-05	0.00012	6e-05	6e-05	0.00014	6e-05	0.0001	0.00024	0.00024	0.00054	0.00086	0.00258	0.00556	0.01162	0.02362	0.0381	0.0529	
