#===============
# Ref : 1903.06248
# Experiment : ATLAS
# ll~ : mumu
# qq~ : cu~
# FF  : scalar-tensor
# XY  : LL LR RL RR
# coef : 00
# type : Reg*Reg
# Nevs : 50000
#===============
#
# XSEC	BIN_MIN	BIN_MAX 	 Kij 
# 225.0 232.51 240.271 248.291 256.579 265.143 273.994 283.139 292.59 302.357 312.449 322.878 333.656 344.793 356.302 368.195 380.485 393.185 406.309 419.872 433.887 448.369 463.336 478.801 494.783 511.299 528.365 546.002 564.227 583.06 602.522 622.634 643.417 664.894 687.087 710.022 733.722 758.213 783.521 809.674 836.7 864.629 893.489 923.313 954.133 985.981 1018.89 1052.9 1088.05 1124.36 1161.9 1200.68 1240.76 1282.17 1324.97 1369.2 1414.9 1462.13 1510.93 1561.36 1613.48 1667.34 1722.99 1780.5 1839.94 1901.35 1964.82 2030.4 2098.17 2168.21 2240.58 2315.37 2392.65 2472.52 2555.05 2640.34 2728.47 2819.54 2913.66 3010.91 3111.41 3215.27 3322.59 3433.5 3548.1 3666.54 3788.92 3915.39 4046.09 4181.14 4320.7 4464.92 4613.96 4767.97 4927.12 5091.58 5261.54 5437.16 5618.6 10000.0 
0.009489  200.0  300.0  0.02838	0.02954	0.0311	0.02974	0.0319	0.03218	0.03074	0.02886	0.01868	0.00324	0.00024	0.0	0.0	0.0	0.0	0.0	0.0	0.0	0.0	0.0	0.0	0.0	0.0	0.0	0.0	0.0	0.0	0.0	0.0	0.0	0.0	0.0	0.0	0.0	0.0	0.0	0.0	0.0	0.0	0.0	0.0	0.0	0.0	0.0	0.0	0.0	0.0	0.0	0.0	0.0	0.0	0.0	0.0	0.0	0.0	0.0	0.0	0.0	0.0	0.0	0.0	0.0	0.0	0.0	0.0	0.0	0.0	0.0	0.0	0.0	0.0	0.0	0.0	0.0	0.0	0.0	0.0	0.0	0.0	0.0	0.0	0.0	0.0	0.0	0.0	0.0	0.0	0.0	0.0	0.0	0.0	0.0	0.0	0.0	0.0	0.0	0.0	0.0	0.0	
-0.002433  300.0  400.0  0.00028	0.0002	0.00034	0.00042	0.00052	0.00116	0.0019	0.0052	0.02002	0.04078	0.04334	0.04706	0.04418	0.04352	0.0459	0.044	0.03928	0.01844	0.00354	0.00036	8e-05	0.0	0.0	0.0	0.0	0.0	0.0	0.0	0.0	0.0	0.0	0.0	0.0	0.0	0.0	0.0	0.0	0.0	0.0	0.0	0.0	0.0	0.0	0.0	0.0	0.0	0.0	0.0	0.0	0.0	0.0	0.0	0.0	0.0	0.0	0.0	0.0	0.0	0.0	0.0	0.0	0.0	0.0	0.0	0.0	0.0	0.0	0.0	0.0	0.0	0.0	0.0	0.0	0.0	0.0	0.0	0.0	0.0	0.0	0.0	0.0	0.0	0.0	0.0	0.0	0.0	0.0	0.0	0.0	0.0	0.0	0.0	0.0	0.0	0.0	0.0	0.0	0.0	0.0	
0.018978  400.0  500.0  8e-05	8e-05	8e-05	6e-05	0.0002	0.0002	0.00024	0.00032	0.00026	0.0004	0.0006	0.00048	0.00084	0.00106	0.00118	0.00328	0.01072	0.03456	0.05594	0.0596	0.06004	0.05848	0.05586	0.0436	0.02016	0.00418	0.00058	0.00012	0.0001	0.0	0.0	0.0	0.0	0.0	0.0	0.0	0.0	0.0	0.0	0.0	0.0	0.0	0.0	0.0	0.0	0.0	0.0	0.0	0.0	0.0	0.0	0.0	0.0	0.0	0.0	0.0	0.0	0.0	0.0	0.0	0.0	0.0	0.0	0.0	0.0	0.0	0.0	0.0	0.0	0.0	0.0	0.0	0.0	0.0	0.0	0.0	0.0	0.0	0.0	0.0	0.0	0.0	0.0	0.0	0.0	0.0	0.0	0.0	0.0	0.0	0.0	0.0	0.0	0.0	0.0	0.0	0.0	0.0	0.0	
-0.059782  500.0  600.0  4e-05	4e-05	8e-05	0.00012	0.00012	0.0001	0.00012	0.00014	0.00014	0.00012	0.00014	0.00022	0.00014	0.00042	0.0002	0.00022	0.00034	0.00054	0.00072	0.00096	0.00128	0.00246	0.00626	0.01994	0.0507	0.07066	0.07564	0.07278	0.0638	0.0413	0.01542	0.0031	0.00066	0.00018	4e-05	2e-05	0.0	0.0	0.0	0.0	0.0	0.0	0.0	0.0	0.0	0.0	0.0	0.0	0.0	0.0	0.0	0.0	0.0	0.0	0.0	0.0	0.0	0.0	0.0	0.0	0.0	0.0	0.0	0.0	0.0	0.0	0.0	0.0	0.0	0.0	0.0	0.0	0.0	0.0	0.0	0.0	0.0	0.0	0.0	0.0	0.0	0.0	0.0	0.0	0.0	0.0	0.0	0.0	0.0	0.0	0.0	0.0	0.0	0.0	0.0	0.0	0.0	0.0	0.0	
-0.021148  600.0  700.0  0.0	6e-05	8e-05	2e-05	4e-05	8e-05	6e-05	0.0001	8e-05	0.0001	8e-05	0.00012	0.00012	0.00022	0.0001	0.00016	0.00022	0.00014	0.00024	0.00032	0.00018	0.00022	0.00058	0.0007	0.00072	0.0008	0.00248	0.00512	0.0153	0.04112	0.07144	0.08692	0.08238	0.06762	0.03788	0.01288	0.00282	0.0006	0.00012	2e-05	0.0	0.0	0.0	0.0	0.0	0.0	0.0	0.0	0.0	0.0	0.0	0.0	0.0	0.0	0.0	0.0	0.0	0.0	0.0	0.0	0.0	0.0	0.0	0.0	0.0	0.0	0.0	0.0	0.0	0.0	0.0	0.0	0.0	0.0	0.0	0.0	0.0	0.0	0.0	0.0	0.0	0.0	0.0	0.0	0.0	0.0	0.0	0.0	0.0	0.0	0.0	0.0	0.0	0.0	0.0	0.0	0.0	0.0	0.0	
-0.015177  700.0  800.0  6e-05	2e-05	4e-05	2e-05	2e-05	0.00014	2e-05	4e-05	0.00014	4e-05	4e-05	0.0	0.00018	6e-05	0.00014	8e-05	0.00018	0.00016	0.0	0.00026	0.00016	0.00016	0.0003	0.00024	0.00038	0.0005	0.0004	0.00052	0.00062	0.00076	0.00164	0.00426	0.01072	0.0278	0.05882	0.08542	0.09196	0.0754	0.04568	0.01766	0.00492	0.00132	0.0004	0.00014	0.0	0.0	0.0	0.0	0.0	0.0	0.0	0.0	0.0	0.0	0.0	0.0	0.0	0.0	0.0	0.0	0.0	0.0	0.0	0.0	0.0	0.0	0.0	0.0	0.0	0.0	0.0	0.0	0.0	0.0	0.0	0.0	0.0	0.0	0.0	0.0	0.0	0.0	0.0	0.0	0.0	0.0	0.0	0.0	0.0	0.0	0.0	0.0	0.0	0.0	0.0	0.0	0.0	0.0	0.0	
0.003455  800.0  900.0  6e-05	2e-05	6e-05	0.0	0.0	2e-05	6e-05	0.0001	2e-05	8e-05	8e-05	6e-05	2e-05	8e-05	0.0001	8e-05	0.0002	0.00014	4e-05	0.00016	0.00018	0.00016	6e-05	0.00016	0.00012	0.00024	0.00026	0.00018	0.00022	0.00034	0.00058	0.00046	0.00088	0.00104	0.0019	0.00476	0.01244	0.02964	0.06366	0.0916	0.09402	0.0728	0.03974	0.01462	0.00404	0.00122	0.00028	6e-05	0.0	2e-05	2e-05	0.0	0.0	0.0	0.0	0.0	0.0	0.0	0.0	0.0	0.0	0.0	0.0	0.0	0.0	0.0	0.0	0.0	0.0	0.0	0.0	0.0	0.0	0.0	0.0	0.0	0.0	0.0	0.0	0.0	0.0	0.0	0.0	0.0	0.0	0.0	0.0	0.0	0.0	0.0	0.0	0.0	0.0	0.0	0.0	0.0	0.0	0.0	0.0	
-0.018207  900.0  1000.0  4e-05	0.0	0.0	6e-05	0.0	4e-05	2e-05	2e-05	0.0	0.0	6e-05	6e-05	4e-05	8e-05	6e-05	6e-05	8e-05	4e-05	0.00012	0.00014	8e-05	0.00018	8e-05	0.00016	0.00012	0.00026	0.00026	8e-05	0.00022	0.00014	0.00038	0.00062	0.00038	0.00052	0.00048	0.0007	0.00112	0.00182	0.00428	0.00966	0.02224	0.04922	0.08242	0.09738	0.07994	0.05146	0.02344	0.00774	0.00208	0.00058	0.00032	4e-05	2e-05	2e-05	0.0	0.0	0.0	0.0	0.0	0.0	0.0	0.0	0.0	0.0	0.0	0.0	0.0	0.0	0.0	0.0	0.0	0.0	0.0	0.0	0.0	0.0	0.0	0.0	0.0	0.0	0.0	0.0	0.0	0.0	0.0	0.0	0.0	0.0	0.0	0.0	0.0	0.0	0.0	0.0	0.0	0.0	0.0	0.0	0.0	
-0.005576  1000.0  1200.0  0.0	2e-05	0.0	0.0	0.0	0.0	4e-05	0.0	0.0	2e-05	4e-05	0.0	6e-05	0.0001	2e-05	8e-05	4e-05	6e-05	2e-05	6e-05	4e-05	0.0001	8e-05	0.00014	8e-05	8e-05	4e-05	0.00014	0.00012	0.00018	0.0001	0.0001	0.00016	0.00014	8e-05	0.00032	0.00034	0.00042	0.0005	0.00064	0.00184	0.00258	0.00614	0.01316	0.02716	0.049	0.06572	0.07026	0.06756	0.05466	0.0392	0.02134	0.0089	0.0038	0.00146	0.00036	0.00018	6e-05	2e-05	0.0	0.0	0.0	0.0	0.0	0.0	0.0	0.0	0.0	0.0	0.0	0.0	0.0	0.0	0.0	0.0	0.0	0.0	0.0	0.0	0.0	0.0	0.0	0.0	0.0	0.0	0.0	0.0	0.0	0.0	0.0	0.0	0.0	0.0	0.0	0.0	0.0	0.0	0.0	0.0	
-0.005641  1200.0  1400.0  0.0	0.0	0.0	0.0	0.0	2e-05	0.0	4e-05	0.0	4e-05	0.0	2e-05	2e-05	0.0	2e-05	4e-05	2e-05	0.0001	4e-05	4e-05	2e-05	2e-05	8e-05	0.0	0.0001	0.0001	0.0001	8e-05	0.0001	6e-05	0.00012	0.0001	0.0001	0.0002	0.00016	0.00022	0.0002	0.0002	0.00036	0.00042	0.00024	0.00032	0.00078	0.00066	0.00078	0.00158	0.0032	0.00608	0.01292	0.0257	0.04354	0.0636	0.0727	0.06876	0.0561	0.03884	0.02196	0.00942	0.00432	0.00154	0.00054	0.00014	4e-05	4e-05	0.0	0.0	0.0	0.0	0.0	0.0	0.0	0.0	0.0	0.0	0.0	0.0	0.0	0.0	0.0	0.0	0.0	0.0	0.0	0.0	0.0	0.0	0.0	0.0	0.0	0.0	0.0	0.0	0.0	0.0	0.0	0.0	0.0	0.0	0.0	
0.001989  1400.0  1600.0  0.0	0.0	2e-05	0.0	2e-05	0.0	2e-05	2e-05	0.0	0.0	2e-05	2e-05	2e-05	0.0	2e-05	2e-05	0.0	8e-05	0.0	2e-05	6e-05	4e-05	6e-05	8e-05	2e-05	0.0	2e-05	6e-05	4e-05	8e-05	0.0001	0.0001	8e-05	0.00012	8e-05	0.00012	8e-05	0.0001	0.00016	0.00014	0.00018	0.00026	0.0002	0.0003	0.0003	0.00026	0.0006	0.00082	0.00094	0.00126	0.0027	0.00536	0.01036	0.02102	0.03546	0.05504	0.0684	0.07146	0.06114	0.04398	0.02744	0.01396	0.00712	0.00282	0.00116	0.00048	0.00022	4e-05	6e-05	4e-05	0.0	0.0	0.0	0.0	0.0	0.0	0.0	0.0	0.0	0.0	0.0	0.0	0.0	0.0	0.0	0.0	0.0	0.0	0.0	0.0	0.0	0.0	0.0	0.0	0.0	0.0	0.0	0.0	0.0	
-0.006197  1600.0  1800.0  0.0	0.0	2e-05	0.0	0.0	2e-05	0.0	2e-05	0.0	0.0	2e-05	0.0	0.0	0.0	0.0	0.0	6e-05	0.0	4e-05	0.0	0.0	0.0	0.0	8e-05	4e-05	4e-05	6e-05	0.00012	2e-05	8e-05	8e-05	0.0001	4e-05	8e-05	6e-05	0.00014	0.00016	0.00014	0.0001	4e-05	0.0002	0.00012	0.0002	0.00018	0.00022	0.0002	0.00036	0.00028	0.0003	0.00032	0.0008	0.0007	0.00104	0.00196	0.0033	0.00696	0.01294	0.02502	0.04122	0.05614	0.06824	0.06596	0.05744	0.0406	0.02518	0.01412	0.0063	0.00292	0.00104	0.00054	0.00014	4e-05	8e-05	0.0	0.0	0.0	0.0	0.0	0.0	0.0	0.0	0.0	0.0	0.0	0.0	0.0	0.0	0.0	0.0	0.0	0.0	0.0	0.0	0.0	0.0	0.0	0.0	0.0	0.0	
0.001765  1800.0  2000.0  0.0	0.0	0.0	2e-05	0.0	0.0	2e-05	0.0	4e-05	0.0	0.0	2e-05	2e-05	2e-05	2e-05	4e-05	0.0	2e-05	2e-05	0.0	0.0	6e-05	4e-05	0.0	4e-05	2e-05	2e-05	4e-05	0.00012	4e-05	6e-05	8e-05	0.00012	8e-05	8e-05	0.0001	6e-05	0.0001	6e-05	0.00012	4e-05	0.00012	8e-05	0.0001	0.00016	0.00022	0.00024	0.00032	0.00012	0.0003	0.00032	0.00036	0.00028	0.0006	0.00046	0.00116	0.00198	0.00332	0.0071	0.01178	0.02052	0.0351	0.04906	0.06086	0.06428	0.05944	0.04424	0.02966	0.01788	0.00914	0.00514	0.00238	0.0011	0.00028	0.00024	0.0001	4e-05	2e-05	0.0	0.0	0.0	0.0	0.0	0.0	0.0	0.0	0.0	0.0	0.0	0.0	0.0	0.0	0.0	0.0	0.0	0.0	0.0	0.0	0.0	
0.004082  2000.0  2250.0  0.0	0.0	0.0	0.0	0.0	0.0	0.0	0.0	0.0	0.0	0.0	2e-05	0.0	2e-05	4e-05	0.0	0.0	2e-05	2e-05	2e-05	0.0	4e-05	2e-05	6e-05	6e-05	4e-05	4e-05	6e-05	0.0	8e-05	2e-05	0.0	6e-05	2e-05	8e-05	4e-05	6e-05	8e-05	8e-05	0.0001	0.0001	0.00012	4e-05	0.00012	0.0001	0.00018	0.00014	0.00018	0.00016	0.00022	0.00014	0.00016	0.00022	0.00052	0.00044	0.00056	0.00048	0.00082	0.00118	0.00224	0.0033	0.00694	0.01048	0.01974	0.03174	0.0423	0.05316	0.05758	0.05382	0.04668	0.03424	0.02224	0.01376	0.00724	0.00394	0.00194	0.00088	0.00044	0.00016	4e-05	6e-05	2e-05	2e-05	0.0	0.0	0.0	0.0	0.0	0.0	0.0	0.0	0.0	0.0	0.0	0.0	0.0	0.0	0.0	0.0	
0.000926  2250.0  2500.0  0.0	0.0	0.0	0.0	0.0	0.0	0.0	0.0	0.0	0.0	0.0	0.0	0.0	0.0	0.0	0.0	6e-05	0.0	0.0	0.0	2e-05	6e-05	6e-05	2e-05	2e-05	2e-05	4e-05	4e-05	0.0	0.0	0.0	8e-05	4e-05	0.0	2e-05	0.0	6e-05	0.0001	2e-05	4e-05	0.0	0.00012	6e-05	2e-05	6e-05	0.0001	0.0001	0.00016	0.0001	0.00016	0.00012	0.00014	0.0003	0.00016	0.00028	0.0002	0.00038	0.00038	0.00052	0.00068	0.00092	0.00126	0.0018	0.00362	0.00586	0.0108	0.01848	0.02638	0.03754	0.04564	0.05236	0.05252	0.0478	0.03644	0.0272	0.01766	0.01094	0.0059	0.00306	0.00156	0.00074	0.00038	0.00024	0.0001	4e-05	4e-05	2e-05	0.0	0.0	0.0	0.0	0.0	0.0	0.0	0.0	0.0	0.0	0.0	0.0	
0.000476  2500.0  2750.0  0.0	0.0	0.0	0.0	0.0	0.0	0.0	0.0	2e-05	0.0	0.0	0.0	0.0	0.0	0.0	2e-05	0.0	0.0	2e-05	2e-05	2e-05	0.0	0.0	2e-05	0.0	0.0	0.0	0.0	2e-05	0.0	2e-05	0.0	0.0	2e-05	4e-05	4e-05	4e-05	6e-05	6e-05	4e-05	2e-05	2e-05	0.0	4e-05	2e-05	4e-05	0.0001	0.00014	6e-05	0.0001	8e-05	0.0001	0.00016	0.0001	8e-05	0.0002	0.00022	0.00024	0.00022	0.0002	0.00044	0.00038	0.00066	0.00086	0.0015	0.0026	0.00464	0.00728	0.0116	0.01862	0.027	0.03478	0.04358	0.05008	0.0494	0.04454	0.03562	0.02772	0.01864	0.01152	0.00672	0.0042	0.00236	0.00114	0.0006	0.00022	0.00018	6e-05	4e-05	2e-05	0.0	0.0	0.0	0.0	0.0	0.0	0.0	0.0	0.0	
0.000508  2750.0  3000.0  0.0	0.0	0.0	0.0	2e-05	0.0	0.0	0.0	2e-05	0.0	2e-05	0.0	0.0	0.0	0.0	0.0	2e-05	2e-05	2e-05	0.0	2e-05	2e-05	4e-05	2e-05	4e-05	4e-05	0.0	0.0	0.0	0.0	2e-05	2e-05	2e-05	0.0	0.0	2e-05	6e-05	4e-05	6e-05	0.0001	2e-05	4e-05	4e-05	8e-05	6e-05	6e-05	0.0001	6e-05	0.00014	0.00016	0.0001	0.0001	2e-05	6e-05	0.0002	8e-05	0.00012	0.00014	0.0002	0.00012	0.00018	0.00032	0.00044	0.00038	0.00086	0.00128	0.00132	0.00244	0.00386	0.0066	0.00914	0.01522	0.02202	0.02856	0.03826	0.0427	0.04398	0.04204	0.03868	0.0313	0.02464	0.01818	0.01182	0.00668	0.00378	0.00226	0.00102	0.0008	0.0003	0.00016	8e-05	0.0001	4e-05	0.0	0.0	0.0	2e-05	0.0	0.0	
0.000832  3000.0  3500.0  0.0	0.0	0.0	0.0	0.0	0.0	0.0	0.0	0.0	2e-05	0.0	0.0	0.0	6e-05	0.0	0.0	0.0	0.0	0.0	2e-05	0.0	0.0	4e-05	2e-05	0.0	0.0	0.0	0.0	2e-05	0.0	2e-05	2e-05	0.0	4e-05	0.0	2e-05	2e-05	4e-05	2e-05	2e-05	4e-05	2e-05	4e-05	0.0001	4e-05	4e-05	0.0	8e-05	4e-05	2e-05	4e-05	0.0001	6e-05	0.00016	8e-05	0.00012	4e-05	0.00014	0.0001	0.0001	0.00012	0.0002	0.00028	0.00018	0.0004	0.00044	0.00066	0.00098	0.0011	0.00218	0.00268	0.00432	0.00634	0.01004	0.01428	0.01976	0.02582	0.03122	0.03532	0.0384	0.03782	0.03682	0.03264	0.02576	0.02134	0.01484	0.0095	0.00674	0.00434	0.00286	0.00166	0.00088	0.0006	0.00028	0.00018	0.0001	2e-05	8e-05	4e-05	
0.000701  3500.0  4000.0  0.0	0.0	0.0	2e-05	0.0	0.0	0.0	0.0	0.0	0.0	2e-05	0.0	0.0	0.0	0.0	0.0	0.0	0.0	2e-05	0.0	0.0	0.0	0.0	0.0	2e-05	0.0	2e-05	0.0	0.0	0.0	0.0	0.0	0.0	0.0	4e-05	2e-05	2e-05	0.0	0.0	0.0	6e-05	6e-05	0.0	0.0	0.0	6e-05	4e-05	2e-05	0.0	6e-05	4e-05	6e-05	8e-05	2e-05	6e-05	6e-05	6e-05	8e-05	6e-05	8e-05	6e-05	0.00014	4e-05	0.00012	0.00028	0.00014	0.00018	0.00026	0.00028	0.00054	0.0006	0.00106	0.00176	0.00232	0.00344	0.00438	0.00762	0.00956	0.01466	0.01804	0.02154	0.02818	0.02978	0.0341	0.03438	0.03236	0.02936	0.02508	0.02186	0.0157	0.01222	0.00896	0.00614	0.00366	0.0021	0.0014	0.00102	0.00068	0.00072	
-0.000118  4000.0  15000.0  0.0	0.0	0.0	0.0	0.0	0.0	0.0	0.0	0.0	0.0	0.0	0.0	0.0	0.0	0.0	0.0	0.0	0.0	2e-05	0.0	0.0	0.0	0.0	2e-05	0.0	0.0	0.0	2e-05	0.0	2e-05	0.0	0.0	0.0	0.0	0.0	0.0	2e-05	0.0	4e-05	2e-05	2e-05	0.0	0.0	2e-05	2e-05	2e-05	6e-05	0.0	4e-05	4e-05	8e-05	2e-05	6e-05	2e-05	2e-05	2e-05	2e-05	0.0001	0.0001	0.0001	6e-05	6e-05	4e-05	0.0001	0.00012	0.00018	0.00016	4e-05	2e-05	0.00026	0.00026	0.00026	0.0004	0.00066	0.00094	0.00114	0.0016	0.0029	0.0035	0.00424	0.00698	0.00852	0.01302	0.01394	0.01748	0.01958	0.0228	0.02486	0.02538	0.02524	0.0249	0.02258	0.02068	0.01754	0.01612	0.0123	0.01092	0.00788	0.0284	
