#===============
# ll~ : mumu
# qq~ : cu~
# FF  : tensor
# XY  : LL LR RL RR
# coef : 0 0
# type : Reg*Reg
# Nevs : 50000
#===============
#
# XSEC	BIN_MIN	BIN_MAX 	 Kij 
#
109.252  200.0  300.0  0.0	0.0	2e-05	0.00018	0.00036	0.00142	0.02598	0.0451	0.05014	0.0551	0.05832	0.02778	0.00026	0.0	0.0	0.0	0.0	0.0	0.0	0.0	0.0	0.0	0.0	0.0	0.0	0.0	0.0	0.0	0.0	0.0	0.0	0.0	0.0	0.0	0.0	0.0	0.0	0.0	0.0	0.0	0.0	0.0	0.0	0.0	
83.004  300.0  400.0  0.0	0.0	0.0	2e-05	2e-05	0.00014	0.00014	0.00044	0.00052	0.00094	0.0038	0.04836	0.08706	0.092	0.0838	0.01472	4e-05	0.0	0.0	0.0	0.0	0.0	0.0	0.0	0.0	0.0	0.0	0.0	0.0	0.0	0.0	0.0	0.0	0.0	0.0	0.0	0.0	0.0	0.0	0.0	0.0	0.0	0.0	0.0	
63.644  400.0  500.0  0.0	0.0	0.0	4e-05	2e-05	8e-05	0.00014	0.00016	0.00016	0.00024	0.00042	0.00046	0.0007	0.00192	0.01818	0.10752	0.1243	0.0923	0.01012	0.00012	0.0	0.0	0.0	0.0	0.0	0.0	0.0	0.0	0.0	0.0	0.0	0.0	0.0	0.0	0.0	0.0	0.0	0.0	0.0	0.0	0.0	0.0	0.0	0.0	
49.372  500.0  600.0  0.0	0.0	0.0	0.0	2e-05	0.0	6e-05	6e-05	4e-05	0.00012	0.00016	0.00018	0.0004	0.00068	0.00066	0.00132	0.00374	0.04348	0.15222	0.13666	0.03584	0.00066	2e-05	0.0	0.0	0.0	0.0	0.0	0.0	0.0	0.0	0.0	0.0	0.0	0.0	0.0	0.0	0.0	0.0	0.0	0.0	0.0	0.0	0.0	
38.6442  600.0  700.0  0.0	0.0	0.0	4e-05	0.0	2e-05	8e-05	2e-05	2e-05	8e-05	0.00014	0.0001	0.00022	0.00038	0.00026	0.00044	0.00056	0.0013	0.00312	0.03012	0.15214	0.15798	0.03736	0.00118	2e-05	0.0	0.0	0.0	0.0	0.0	0.0	0.0	0.0	0.0	0.0	0.0	0.0	0.0	0.0	0.0	0.0	0.0	0.0	0.0	
30.4914  700.0  800.0  0.0	0.0	0.0	0.0	0.0	0.0	2e-05	4e-05	4e-05	2e-05	6e-05	0.00014	0.00012	0.00024	0.00022	0.00036	0.00034	0.00046	0.00088	0.0011	0.00468	0.04282	0.1794	0.1424	0.01912	0.00064	4e-05	2e-05	0.0	0.0	0.0	0.0	0.0	0.0	0.0	0.0	0.0	0.0	0.0	0.0	0.0	0.0	0.0	0.0	
24.2748  800.0  900.0  0.0	0.0	0.0	0.0	0.0	0.0	2e-05	2e-05	2e-05	2e-05	4e-05	8e-05	0.00014	0.00018	8e-05	0.0001	0.00024	0.00036	0.00042	0.00076	0.00098	0.0022	0.01234	0.09856	0.20224	0.07352	0.00494	0.00016	2e-05	0.0	0.0	0.0	0.0	0.0	0.0	0.0	0.0	0.0	0.0	0.0	0.0	0.0	0.0	0.0	
19.4206  900.0  1000.0  0.0	0.0	2e-05	0.0	0.0	4e-05	2e-05	0.0	0.0	2e-05	0.0001	0.00016	6e-05	4e-05	6e-05	0.00016	0.0002	0.0003	0.00046	0.00036	0.00044	0.00078	0.00158	0.00628	0.04714	0.18586	0.13748	0.01802	0.001	8e-05	0.0	0.0	0.0	0.0	0.0	0.0	0.0	0.0	0.0	0.0	0.0	0.0	0.0	0.0	
28.2368  1000.0  1200.0  0.0	0.0	0.0	2e-05	0.0	0.0	0.0	2e-05	0.0	0.0	0.0	2e-05	4e-05	6e-05	0.0001	0.00024	0.00016	0.00016	0.0001	0.00044	0.0004	0.0006	0.00094	0.00128	0.00234	0.01874	0.09532	0.15276	0.10058	0.02348	0.00208	8e-05	2e-05	2e-05	0.0	0.0	0.0	0.0	0.0	0.0	0.0	0.0	0.0	0.0	
18.6222  1200.0  1400.0  0.0	0.0	0.0	2e-05	0.0	2e-05	0.0	0.0	2e-05	4e-05	2e-05	0.0	2e-05	6e-05	2e-05	6e-05	8e-05	0.00014	0.00012	0.0001	0.00026	0.00034	0.00038	0.00066	0.00068	0.00136	0.0031	0.0162	0.08044	0.15812	0.10988	0.0297	0.00374	0.00032	2e-05	0.0	0.0	0.0	0.0	0.0	0.0	0.0	0.0	0.0	
12.4494  1400.0  1600.0  0.0	0.0	0.0	0.0	0.0	8e-05	0.0	2e-05	2e-05	0.0	0.0	2e-05	0.0	4e-05	0.0	4e-05	6e-05	0.00014	4e-05	0.00014	8e-05	0.0002	0.00026	0.00026	0.0005	0.00042	0.00064	0.0015	0.00464	0.02606	0.10112	0.15792	0.09078	0.02182	0.0027	0.0003	2e-05	0.0	0.0	0.0	0.0	0.0	0.0	0.0	
8.4202  1600.0  1800.0  0.0	0.0	0.0	0.0	0.0	0.0	2e-05	0.0	4e-05	0.0	0.0	6e-05	2e-05	0.0	2e-05	2e-05	4e-05	0.0001	0.00012	0.0001	0.00018	0.00016	0.00012	0.00032	0.00034	0.00028	0.00086	0.0005	0.0012	0.00236	0.01222	0.0522	0.13146	0.13794	0.0557	0.01112	0.00174	0.00026	6e-05	2e-05	0.0	0.0	0.0	0.0	
5.748  1800.0  2000.0  0.0	0.0	0.0	0.0	0.0	2e-05	0.0	0.0	0.0	0.0	0.0	4e-05	0.0	2e-05	6e-05	4e-05	0.0001	0.0	0.00012	4e-05	0.0001	8e-05	0.00012	0.00016	0.00032	0.00018	0.00042	0.00058	0.00064	0.001	0.00194	0.00774	0.0312	0.10008	0.1416	0.08478	0.0246	0.00416	0.00068	0.00012	2e-05	2e-05	0.0	0.0	
4.7292  2000.0  2250.0  0.0	0.0	0.0	0.0	0.0	0.0	0.0	0.0	0.0	2e-05	6e-05	2e-05	2e-05	0.0	0.0	0.0	2e-05	6e-05	4e-05	4e-05	4e-05	4e-05	6e-05	0.00012	0.00018	0.00014	0.00016	0.00036	0.00048	0.00058	0.00086	0.002	0.00532	0.02364	0.07214	0.12818	0.1067	0.04632	0.01118	0.00204	0.00038	6e-05	0.0	0.0	
2.98988  2250.0  2500.0  0.0	0.0	0.0	2e-05	0.0	2e-05	0.0	0.0	0.0	0.0	0.0	2e-05	0.0	2e-05	2e-05	2e-05	4e-05	4e-05	2e-05	0.0001	2e-05	0.0001	0.0001	0.00014	8e-05	0.00016	0.00018	0.00018	0.00034	0.00032	0.00054	0.0008	0.00164	0.00498	0.01552	0.052	0.10688	0.11982	0.06738	0.02278	0.00452	0.0012	0.00018	6e-05	
1.90248  2500.0  2750.0  0.0	0.0	0.0	0.0	0.0	0.0	0.0	0.0	2e-05	0.0	2e-05	0.0	0.0	4e-05	0.0	2e-05	2e-05	0.0	8e-05	4e-05	0.00012	6e-05	8e-05	8e-05	0.00012	0.00012	0.0001	0.00016	0.00024	0.00026	0.00032	0.00044	0.00086	0.00162	0.00448	0.0147	0.04348	0.09012	0.11434	0.07814	0.03332	0.00888	0.00162	0.00036	
1.21532  2750.0  3000.0  0.0	0.0	0.0	0.0	0.0	2e-05	0.0	0.0	0.0	2e-05	0.0	0.0	2e-05	0.0	2e-05	6e-05	4e-05	2e-05	0.0	4e-05	6e-05	8e-05	8e-05	6e-05	0.00012	0.00012	0.0001	8e-05	0.00012	0.00024	0.00022	0.00024	0.00058	0.00092	0.00178	0.0048	0.01388	0.03966	0.08162	0.10446	0.08254	0.04128	0.0128	0.00342	
1.27948  3000.0  3500.0  0.0	0.0	0.0	0.0	0.0	0.0	0.0	2e-05	2e-05	0.0	0.0	2e-05	2e-05	0.0	2e-05	0.0	0.0	0.0	4e-05	2e-05	0.0	0.0	2e-05	8e-05	0.00012	0.00014	0.00012	0.0001	0.00016	0.00012	0.00016	0.00018	0.00036	0.00056	0.00062	0.00148	0.00454	0.01304	0.03306	0.06442	0.08842	0.08502	0.0535	0.0234	
0.52794  3500.0  4000.0  0.0	0.0	0.0	0.0	0.0	0.0	0.0	0.0	0.0	0.0	2e-05	2e-05	2e-05	0.0	0.0	0.0	0.0	2e-05	2e-05	0.0	4e-05	2e-05	6e-05	2e-05	2e-05	4e-05	6e-05	6e-05	0.00016	0.0001	0.0002	8e-05	0.00022	0.00028	0.00046	0.0004	0.00148	0.00314	0.00824	0.01878	0.04034	0.06804	0.07928	0.07272	
0.36641  4000.0  15000.0  0.0	0.0	0.0	0.0	0.0	0.0	0.0	0.0	0.0	2e-05	0.0	0.0	0.0	0.0	2e-05	0.0	0.0	2e-05	2e-05	2e-05	2e-05	0.0	2e-05	4e-05	4e-05	4e-05	4e-05	8e-05	0.0001	4e-05	0.00016	4e-05	0.00012	0.00016	0.0002	0.00038	0.00058	0.00114	0.00224	0.00504	0.01024	0.0216	0.03772	0.05338	
