#===============
# Ref : 1903.06248
# Experiment : ATLAS
# ll~ : mumu
# qq~ : uu~
# FF  : tensor
# XY  : LL LR RL RR
# coef : 00
# type : Reg*Reg
# Nevs : 50000
#===============
#
# XSEC	BIN_MIN	BIN_MAX 	 Kij 
# 225.0 232.51 240.271 248.291 256.579 265.143 273.994 283.139 292.59 302.357 312.449 322.878 333.656 344.793 356.302 368.195 380.485 393.185 406.309 419.872 433.887 448.369 463.336 478.801 494.783 511.299 528.365 546.002 564.227 583.06 602.522 622.634 643.417 664.894 687.087 710.022 733.722 758.213 783.521 809.674 836.7 864.629 893.489 923.313 954.133 985.981 1018.89 1052.9 1088.05 1124.36 1161.9 1200.68 1240.76 1282.17 1324.97 1369.2 1414.9 1462.13 1510.93 1561.36 1613.48 1667.34 1722.99 1780.5 1839.94 1901.35 1964.82 2030.4 2098.17 2168.21 2240.58 2315.37 2392.65 2472.52 2555.05 2640.34 2728.47 2819.54 2913.66 3010.91 3111.41 3215.27 3322.59 3433.5 3548.1 3666.54 3788.92 3915.39 4046.09 4181.14 4320.7 4464.92 4613.96 4767.97 4927.12 5091.58 5261.54 5437.16 5618.6 10000.0 
1292.14  200.0  300.0  0.01586	0.01686	0.01718	0.01832	0.01952	0.01938	0.01942	0.01956	0.0121	0.00252	0.00012	0.0	0.0	0.0	0.0	0.0	0.0	0.0	0.0	0.0	0.0	0.0	0.0	0.0	0.0	0.0	0.0	0.0	0.0	0.0	0.0	0.0	0.0	0.0	0.0	0.0	0.0	0.0	0.0	0.0	0.0	0.0	0.0	0.0	0.0	0.0	0.0	0.0	0.0	0.0	0.0	0.0	0.0	0.0	0.0	0.0	0.0	0.0	0.0	0.0	0.0	0.0	0.0	0.0	0.0	0.0	0.0	0.0	0.0	0.0	0.0	0.0	0.0	0.0	0.0	0.0	0.0	0.0	0.0	0.0	0.0	0.0	0.0	0.0	0.0	0.0	0.0	0.0	0.0	0.0	0.0	0.0	0.0	0.0	0.0	0.0	0.0	0.0	0.0	
1206.32  300.0  400.0  0.00018	0.00022	0.0002	0.00012	0.00054	0.00058	0.00128	0.00276	0.01224	0.02306	0.02512	0.02686	0.027	0.0301	0.02964	0.02936	0.02568	0.01346	0.00278	0.00032	8e-05	0.0	0.0	0.0	0.0	0.0	0.0	0.0	0.0	0.0	0.0	0.0	0.0	0.0	0.0	0.0	0.0	0.0	0.0	0.0	0.0	0.0	0.0	0.0	0.0	0.0	0.0	0.0	0.0	0.0	0.0	0.0	0.0	0.0	0.0	0.0	0.0	0.0	0.0	0.0	0.0	0.0	0.0	0.0	0.0	0.0	0.0	0.0	0.0	0.0	0.0	0.0	0.0	0.0	0.0	0.0	0.0	0.0	0.0	0.0	0.0	0.0	0.0	0.0	0.0	0.0	0.0	0.0	0.0	0.0	0.0	0.0	0.0	0.0	0.0	0.0	0.0	0.0	0.0	
1106.8  400.0  500.0  4e-05	0.00012	0.00014	0.0001	0.0001	6e-05	0.00012	0.00024	0.00018	0.00034	0.00032	0.00036	0.00044	0.00048	0.00104	0.00254	0.00692	0.0213	0.03454	0.03892	0.04068	0.0409	0.039	0.0315	0.01598	0.00304	0.00082	0.00018	2e-05	0.0	0.0	2e-05	0.0	0.0	0.0	0.0	0.0	0.0	0.0	0.0	0.0	0.0	0.0	0.0	0.0	0.0	0.0	0.0	0.0	0.0	0.0	0.0	0.0	0.0	0.0	0.0	0.0	0.0	0.0	0.0	0.0	0.0	0.0	0.0	0.0	0.0	0.0	0.0	0.0	0.0	0.0	0.0	0.0	0.0	0.0	0.0	0.0	0.0	0.0	0.0	0.0	0.0	0.0	0.0	0.0	0.0	0.0	0.0	0.0	0.0	0.0	0.0	0.0	0.0	0.0	0.0	0.0	0.0	0.0	
1008.32  500.0  600.0  2e-05	0.0	2e-05	0.0001	6e-05	8e-05	6e-05	8e-05	0.00012	0.00016	8e-05	0.00012	8e-05	0.0002	0.00028	0.00022	0.0003	0.0004	0.00036	0.00052	0.00096	0.00196	0.00532	0.0147	0.0343	0.04708	0.0502	0.0519	0.04738	0.0312	0.01294	0.00322	0.0007	0.0002	2e-05	0.0	0.0	0.0	0.0	0.0	0.0	0.0	0.0	0.0	0.0	0.0	0.0	0.0	0.0	0.0	0.0	0.0	0.0	0.0	0.0	0.0	0.0	0.0	0.0	0.0	0.0	0.0	0.0	0.0	0.0	0.0	0.0	0.0	0.0	0.0	0.0	0.0	0.0	0.0	0.0	0.0	0.0	0.0	0.0	0.0	0.0	0.0	0.0	0.0	0.0	0.0	0.0	0.0	0.0	0.0	0.0	0.0	0.0	0.0	0.0	0.0	0.0	0.0	0.0	
916.32  600.0  700.0  2e-05	0.0	6e-05	0.0	0.0	4e-05	8e-05	0.00012	4e-05	4e-05	8e-05	6e-05	8e-05	0.0001	0.00022	0.00024	6e-05	0.00018	0.0002	0.0003	0.00022	0.00028	0.00022	0.00046	0.00052	0.00056	0.0017	0.0048	0.01174	0.02918	0.05076	0.06048	0.06206	0.04938	0.0301	0.01148	0.00356	0.00092	0.00024	2e-05	2e-05	2e-05	0.0	0.0	0.0	0.0	0.0	0.0	0.0	0.0	0.0	0.0	0.0	0.0	0.0	0.0	0.0	0.0	0.0	0.0	0.0	0.0	0.0	0.0	0.0	0.0	0.0	0.0	0.0	0.0	0.0	0.0	0.0	0.0	0.0	0.0	0.0	0.0	0.0	0.0	0.0	0.0	0.0	0.0	0.0	0.0	0.0	0.0	0.0	0.0	0.0	0.0	0.0	0.0	0.0	0.0	0.0	0.0	0.0	
830.38  700.0  800.0  4e-05	0.0	0.0	0.0	2e-05	4e-05	0.0	6e-05	2e-05	6e-05	4e-05	0.00012	6e-05	0.00016	6e-05	0.0001	8e-05	8e-05	0.0002	0.0001	0.0001	0.00024	0.0002	0.00016	0.0001	0.00016	0.0002	0.0005	0.00072	0.00106	0.00146	0.0037	0.00856	0.02012	0.04534	0.06382	0.06948	0.06038	0.03702	0.0156	0.00536	0.00162	0.00046	0.00024	6e-05	2e-05	0.0	0.0	0.0	0.0	0.0	0.0	0.0	0.0	0.0	0.0	0.0	0.0	0.0	0.0	0.0	0.0	0.0	0.0	0.0	0.0	0.0	0.0	0.0	0.0	0.0	0.0	0.0	0.0	0.0	0.0	0.0	0.0	0.0	0.0	0.0	0.0	0.0	0.0	0.0	0.0	0.0	0.0	0.0	0.0	0.0	0.0	0.0	0.0	0.0	0.0	0.0	0.0	0.0	
749.08  800.0  900.0  0.0	2e-05	0.0001	4e-05	0.0	0.0	2e-05	4e-05	8e-05	4e-05	4e-05	6e-05	6e-05	4e-05	2e-05	8e-05	6e-05	8e-05	8e-05	8e-05	0.0001	8e-05	0.00022	0.0002	0.00014	0.00014	0.00032	0.00028	0.0003	0.00032	0.00054	0.00052	0.00076	0.00098	0.00232	0.00528	0.01098	0.02368	0.04844	0.07002	0.07342	0.05852	0.0328	0.01336	0.0046	0.00138	0.0005	0.00012	4e-05	4e-05	0.0	0.0	0.0	0.0	0.0	0.0	0.0	0.0	0.0	0.0	0.0	0.0	0.0	0.0	0.0	0.0	0.0	0.0	0.0	0.0	0.0	0.0	0.0	0.0	0.0	0.0	0.0	0.0	0.0	0.0	0.0	0.0	0.0	0.0	0.0	0.0	0.0	0.0	0.0	0.0	0.0	0.0	0.0	0.0	0.0	0.0	0.0	0.0	0.0	
675.78  900.0  1000.0  0.0	2e-05	0.0	4e-05	0.0	0.0	4e-05	4e-05	6e-05	6e-05	0.0	0.0	6e-05	4e-05	6e-05	6e-05	4e-05	0.0	2e-05	8e-05	8e-05	8e-05	0.0001	0.00012	6e-05	4e-05	0.00028	0.0002	0.0002	0.00026	0.0003	0.00022	0.00038	0.00036	0.00044	0.0008	0.00086	0.0018	0.0041	0.00866	0.01844	0.03936	0.06662	0.0758	0.06808	0.04112	0.0205	0.00764	0.00278	0.00096	0.00036	0.00016	4e-05	2e-05	0.0	0.0	0.0	0.0	0.0	0.0	0.0	0.0	0.0	0.0	0.0	0.0	0.0	0.0	0.0	0.0	0.0	0.0	0.0	0.0	0.0	0.0	0.0	0.0	0.0	0.0	0.0	0.0	0.0	0.0	0.0	0.0	0.0	0.0	0.0	0.0	0.0	0.0	0.0	0.0	0.0	0.0	0.0	0.0	0.0	
1154.98  1000.0  1200.0  0.0	2e-05	0.0	0.0	4e-05	0.0	2e-05	2e-05	2e-05	0.0	2e-05	4e-05	8e-05	2e-05	2e-05	6e-05	8e-05	2e-05	0.0	0.00014	8e-05	6e-05	6e-05	0.00012	6e-05	0.00014	0.00012	0.00016	0.00012	0.0001	4e-05	0.00012	0.00026	0.00018	0.00028	0.0003	0.00032	0.00056	0.00058	0.0009	0.00138	0.0028	0.0064	0.01206	0.02552	0.03982	0.05302	0.05594	0.05446	0.04614	0.03488	0.02092	0.00962	0.00408	0.00172	0.00046	0.00016	6e-05	6e-05	0.0	0.0	0.0	0.0	0.0	0.0	0.0	0.0	0.0	0.0	0.0	0.0	0.0	0.0	0.0	0.0	0.0	0.0	0.0	0.0	0.0	0.0	0.0	0.0	0.0	0.0	0.0	0.0	0.0	0.0	0.0	0.0	0.0	0.0	0.0	0.0	0.0	0.0	0.0	0.0	
931.06  1200.0  1400.0  0.0	0.0	0.0	0.0	0.0	2e-05	6e-05	4e-05	4e-05	4e-05	6e-05	2e-05	4e-05	4e-05	0.0	6e-05	2e-05	0.0001	6e-05	0.0	4e-05	0.0	6e-05	0.0001	4e-05	6e-05	4e-05	0.00018	0.0001	0.0	0.00018	8e-05	8e-05	0.00018	0.00016	0.0002	0.00026	0.00016	0.00042	0.00018	0.0003	0.00038	0.00042	0.0007	0.00126	0.00168	0.00322	0.00644	0.01082	0.02132	0.03854	0.05454	0.06112	0.05786	0.04948	0.03478	0.02062	0.01026	0.00478	0.0018	0.00094	0.00044	0.00022	8e-05	4e-05	0.0	0.0	0.0	0.0	0.0	0.0	0.0	0.0	0.0	0.0	0.0	0.0	0.0	0.0	0.0	0.0	0.0	0.0	0.0	0.0	0.0	0.0	0.0	0.0	0.0	0.0	0.0	0.0	0.0	0.0	0.0	0.0	0.0	0.0	
746.86  1400.0  1600.0  0.0	0.0	0.0	0.0	0.0	2e-05	4e-05	0.0	0.0	0.0	2e-05	6e-05	2e-05	0.0	2e-05	4e-05	2e-05	2e-05	2e-05	2e-05	2e-05	0.0	2e-05	2e-05	6e-05	6e-05	4e-05	4e-05	8e-05	6e-05	0.00014	8e-05	4e-05	0.00012	0.00012	0.0001	8e-05	0.00018	0.0002	0.00022	0.00016	0.0002	0.00016	0.00032	0.0003	0.00034	0.00074	0.00072	0.0011	0.00186	0.00276	0.00546	0.01038	0.01924	0.03252	0.04752	0.06076	0.06056	0.05138	0.04008	0.02566	0.01474	0.00682	0.00288	0.00142	0.00072	0.00034	0.00014	6e-05	4e-05	2e-05	4e-05	0.0	0.0	0.0	0.0	0.0	0.0	0.0	0.0	0.0	0.0	0.0	0.0	0.0	0.0	0.0	0.0	0.0	0.0	0.0	0.0	0.0	0.0	0.0	0.0	0.0	0.0	0.0	
596.1  1600.0  1800.0  2e-05	0.0	0.0	0.0	2e-05	0.0	0.0	2e-05	0.0	0.0	2e-05	0.0	0.0	0.0	2e-05	2e-05	2e-05	2e-05	0.0	2e-05	0.0	2e-05	2e-05	2e-05	4e-05	2e-05	0.0001	4e-05	2e-05	6e-05	8e-05	0.0001	6e-05	0.0001	6e-05	8e-05	8e-05	0.00016	8e-05	0.00016	8e-05	0.00016	0.00012	0.00018	0.00022	0.00024	0.0002	0.00018	0.00022	0.00042	0.00032	0.00078	0.00134	0.00252	0.00384	0.00704	0.01434	0.02144	0.036	0.04824	0.05926	0.05936	0.05062	0.0361	0.02498	0.01308	0.00688	0.00304	0.0015	0.0006	0.00034	0.00018	0.0001	0.0	2e-05	2e-05	0.0	2e-05	0.0	0.0	0.0	0.0	0.0	0.0	0.0	0.0	0.0	0.0	0.0	0.0	0.0	0.0	0.0	0.0	0.0	0.0	0.0	0.0	0.0	
474.44  1800.0  2000.0  0.0	2e-05	0.0	0.0	0.0	0.0	2e-05	2e-05	0.0	4e-05	2e-05	0.0	2e-05	2e-05	0.0	0.0	0.0	0.0	2e-05	2e-05	2e-05	2e-05	2e-05	0.0001	2e-05	8e-05	0.0	2e-05	4e-05	0.0	0.0	8e-05	6e-05	6e-05	4e-05	6e-05	6e-05	8e-05	0.00014	0.00014	8e-05	0.00014	8e-05	0.00012	0.0001	0.00016	0.00018	0.00016	0.00026	0.00022	0.00018	0.0004	0.00036	0.00078	0.00088	0.00162	0.00228	0.00386	0.00726	0.0107	0.01846	0.03086	0.04344	0.0549	0.05694	0.05148	0.04144	0.02762	0.01748	0.00932	0.00556	0.00258	0.00158	0.00072	0.0003	0.00024	0.0001	0.0	2e-05	2e-05	0.0	0.0	0.0	0.0	0.0	0.0	0.0	0.0	0.0	0.0	0.0	0.0	0.0	0.0	0.0	0.0	0.0	0.0	0.0	
456.76  2000.0  2250.0  0.0	2e-05	0.0	0.0	0.0	0.0	0.0	0.0	0.0	0.0	0.0	0.0	0.0	0.0	2e-05	4e-05	2e-05	0.0	6e-05	0.0	2e-05	0.0	2e-05	2e-05	0.0	0.0	4e-05	0.0	6e-05	2e-05	2e-05	4e-05	4e-05	2e-05	2e-05	8e-05	6e-05	0.0001	6e-05	4e-05	0.0001	0.0001	8e-05	2e-05	8e-05	0.00014	8e-05	0.0001	0.00012	0.00012	0.00028	0.00024	0.00032	0.00032	0.0006	0.00044	0.00086	0.00104	0.00138	0.00264	0.0037	0.00682	0.01162	0.01866	0.02888	0.03832	0.04882	0.05152	0.05128	0.04136	0.03368	0.02456	0.01408	0.00882	0.00436	0.00232	0.00114	0.00056	0.0004	0.00018	0.00032	8e-05	0.0	2e-05	0.0	0.0	0.0	0.0	0.0	0.0	0.0	0.0	0.0	0.0	0.0	0.0	0.0	0.0	0.0	
339.654  2250.0  2500.0  0.0	0.0	0.0	0.0	2e-05	0.0	0.0	0.0	0.0	0.0	0.0	2e-05	0.0	6e-05	0.0	2e-05	0.0	0.0	0.0	0.0	4e-05	4e-05	0.0	2e-05	0.0	0.0	2e-05	2e-05	0.0	4e-05	2e-05	4e-05	6e-05	4e-05	4e-05	0.0001	4e-05	0.0	2e-05	0.0	4e-05	2e-05	6e-05	0.0001	2e-05	4e-05	4e-05	0.0001	0.0001	0.00022	0.00014	0.00012	0.00022	0.0001	0.0002	0.00028	0.00024	0.0005	0.00068	0.0005	0.0013	0.0014	0.00288	0.00434	0.00676	0.01042	0.01624	0.02388	0.03552	0.04292	0.04868	0.04924	0.04344	0.03704	0.02734	0.0175	0.01098	0.00652	0.00368	0.00194	0.0011	0.0003	0.00032	8e-05	0.0001	0.0	4e-05	0.0	0.0	0.0	2e-05	0.0	0.0	0.0	0.0	0.0	0.0	0.0	0.0	
251.082  2500.0  2750.0  0.0	0.0	0.0	0.0	0.0	0.0	0.0	0.0	6e-05	2e-05	2e-05	0.0	0.0	0.0	0.0	0.0	4e-05	0.0	0.0	2e-05	4e-05	0.0	0.0	0.0	2e-05	2e-05	4e-05	0.0	2e-05	0.0	0.0	6e-05	8e-05	0.0	4e-05	2e-05	0.0	4e-05	0.0	2e-05	4e-05	6e-05	4e-05	4e-05	6e-05	8e-05	2e-05	8e-05	8e-05	0.00014	8e-05	0.0001	0.00014	6e-05	0.00014	0.00012	0.00026	0.00016	0.00036	0.00018	0.00032	0.00068	0.00092	0.00158	0.00214	0.00272	0.0046	0.00808	0.01152	0.01776	0.02572	0.03428	0.04038	0.04534	0.04586	0.04198	0.03542	0.02454	0.01708	0.011	0.00734	0.00402	0.00252	0.0014	0.00058	0.00042	0.00034	0.00014	0.00018	4e-05	0.0	0.0	0.0	0.0	0.0	0.0	0.0	0.0	0.0	
184.446  2750.0  3000.0  0.0	0.0	0.0	0.0	0.0	0.0	0.0	2e-05	0.0	0.0	0.0	0.0	0.0	0.0	0.0	0.0	0.0	0.0	2e-05	2e-05	2e-05	0.0	2e-05	0.0	2e-05	4e-05	0.0	4e-05	2e-05	0.0	0.0	4e-05	2e-05	6e-05	0.0	4e-05	2e-05	0.0	0.0	2e-05	4e-05	2e-05	2e-05	0.0001	8e-05	6e-05	2e-05	0.0001	8e-05	4e-05	0.0	0.00012	0.0001	0.0001	6e-05	0.0001	0.00018	0.00024	0.0003	0.0002	0.00038	0.00036	0.00046	0.00056	0.00092	0.00128	0.00186	0.00232	0.0039	0.00638	0.00938	0.01386	0.0211	0.02718	0.0353	0.03966	0.04438	0.04208	0.03938	0.03038	0.02438	0.01616	0.0114	0.00726	0.0048	0.00252	0.0015	0.00084	0.00052	0.00028	0.0001	4e-05	6e-05	2e-05	0.0	0.0	0.0	0.0	0.0	
232.114  3000.0  3500.0  0.0	0.0	0.0	0.0	0.0	0.0	2e-05	2e-05	0.0	0.0	0.0	0.0	0.0	0.0	0.0	0.0	0.0	0.0	0.0	0.0	0.0	0.0	2e-05	0.0	2e-05	2e-05	2e-05	0.0001	0.0	8e-05	2e-05	0.0	0.0	4e-05	0.0	0.0	0.0	0.0	0.0001	4e-05	0.0	2e-05	0.0	2e-05	8e-05	4e-05	6e-05	4e-05	2e-05	6e-05	2e-05	6e-05	4e-05	4e-05	0.00012	4e-05	4e-05	6e-05	0.00014	0.0002	0.00018	0.00026	0.00032	0.00024	0.00034	0.00048	0.00086	0.001	0.00124	0.00204	0.00284	0.00446	0.00696	0.00926	0.01406	0.01946	0.02536	0.02974	0.03512	0.03748	0.03818	0.03512	0.03194	0.0256	0.02002	0.01484	0.0098	0.00704	0.0047	0.0032	0.00182	0.00112	0.00064	0.00036	0.00018	0.00014	0.00014	2e-05	4e-05	
120.282  3500.0  4000.0  0.0	0.0	0.0	0.0	0.0	0.0	0.0	0.0	2e-05	0.0	0.0	0.0	2e-05	0.0	0.0	2e-05	0.0	2e-05	0.0	0.0	0.0	0.0	0.0	4e-05	2e-05	2e-05	2e-05	4e-05	0.0	0.0	2e-05	2e-05	0.0	4e-05	2e-05	0.0	0.0	0.0	4e-05	0.0	2e-05	2e-05	4e-05	2e-05	8e-05	4e-05	6e-05	0.0	4e-05	2e-05	6e-05	4e-05	0.0	8e-05	8e-05	0.0001	6e-05	0.00014	0.00012	0.00012	2e-05	0.00016	0.00014	0.0001	0.0001	0.00024	0.00022	0.00036	0.00044	0.00056	0.00086	0.00102	0.00166	0.00264	0.00346	0.0047	0.00708	0.01	0.0133	0.018	0.02236	0.02768	0.02986	0.03264	0.03474	0.03158	0.02924	0.0261	0.02224	0.01678	0.01266	0.00882	0.00564	0.00404	0.00254	0.00152	0.00142	0.00054	0.001	
116.02  4000.0  15000.0  0.0	0.0	0.0	0.0	0.0	0.0	2e-05	0.0	2e-05	0.0	2e-05	0.0	0.0	0.0	0.0	0.0	0.0	0.0	0.0	0.0	0.0	2e-05	0.0	0.0	2e-05	0.0	0.0	0.0	0.0	0.0	2e-05	0.0	2e-05	0.0	2e-05	0.0	0.0	0.0	2e-05	0.0	0.0	0.0	4e-05	0.0	2e-05	4e-05	4e-05	2e-05	6e-05	2e-05	4e-05	2e-05	4e-05	0.0001	2e-05	8e-05	2e-05	6e-05	4e-05	6e-05	2e-05	6e-05	0.0001	0.0001	4e-05	0.0001	0.00014	0.00014	0.00014	0.00016	0.00014	0.00042	0.00042	0.00048	0.0008	0.0011	0.00166	0.00246	0.00332	0.00404	0.00586	0.00804	0.0108	0.01312	0.0163	0.01824	0.02034	0.02316	0.02368	0.02424	0.02338	0.0228	0.0205	0.018	0.01666	0.01388	0.01198	0.00984	0.03854	
