#===============
# Ref : 1903.06248
# Experiment : ATLAS
# ll~ : mumu
# qq~ : ds~
# FF  : vector
# XY  :  LL RR
# coef : 00
# type : Z*Z
# Nevs : 50000
#===============
#
# XSEC	BIN_MIN	BIN_MAX 	 Kij 
# 225.0 232.51 240.271 248.291 256.579 265.143 273.994 283.139 292.59 302.357 312.449 322.878 333.656 344.793 356.302 368.195 380.485 393.185 406.309 419.872 433.887 448.369 463.336 478.801 494.783 511.299 528.365 546.002 564.227 583.06 602.522 622.634 643.417 664.894 687.087 710.022 733.722 758.213 783.521 809.674 836.7 864.629 893.489 923.313 954.133 985.981 1018.89 1052.9 1088.05 1124.36 1161.9 1200.68 1240.76 1282.17 1324.97 1369.2 1414.9 1462.13 1510.93 1561.36 1613.48 1667.34 1722.99 1780.5 1839.94 1901.35 1964.82 2030.4 2098.17 2168.21 2240.58 2315.37 2392.65 2472.52 2555.05 2640.34 2728.47 2819.54 2913.66 3010.91 3111.41 3215.27 3322.59 3433.5 3548.1 3666.54 3788.92 3915.39 4046.09 4181.14 4320.7 4464.92 4613.96 4767.97 4927.12 5091.58 5261.54 5437.16 5618.6 10000.0 
1.2699  200.0  300.0  0.02906	0.02636	0.02384	0.02048	0.01754	0.0164	0.01376	0.01162	0.0072	0.00136	0.00014	0.0	0.0	0.0	0.0	0.0	0.0	0.0	0.0	0.0	0.0	0.0	0.0	0.0	0.0	0.0	0.0	0.0	0.0	0.0	0.0	0.0	0.0	0.0	0.0	0.0	0.0	0.0	0.0	0.0	0.0	0.0	0.0	0.0	0.0	0.0	0.0	0.0	0.0	0.0	0.0	0.0	0.0	0.0	0.0	0.0	0.0	0.0	0.0	0.0	0.0	0.0	0.0	0.0	0.0	0.0	0.0	0.0	0.0	0.0	0.0	0.0	0.0	0.0	0.0	0.0	0.0	0.0	0.0	0.0	0.0	0.0	0.0	0.0	0.0	0.0	0.0	0.0	0.0	0.0	0.0	0.0	0.0	0.0	0.0	0.0	0.0	0.0	0.0	
0.22202  300.0  400.0  0.00032	0.00024	0.00042	0.00058	0.00064	0.00104	0.00242	0.00728	0.02616	0.04776	0.04994	0.04506	0.04352	0.0367	0.03162	0.02766	0.02096	0.01088	0.0021	0.0003	2e-05	0.0	0.0	0.0	0.0	0.0	0.0	0.0	0.0	0.0	0.0	0.0	0.0	0.0	0.0	0.0	0.0	0.0	0.0	0.0	0.0	0.0	0.0	0.0	0.0	0.0	0.0	0.0	0.0	0.0	0.0	0.0	0.0	0.0	0.0	0.0	0.0	0.0	0.0	0.0	0.0	0.0	0.0	0.0	0.0	0.0	0.0	0.0	0.0	0.0	0.0	0.0	0.0	0.0	0.0	0.0	0.0	0.0	0.0	0.0	0.0	0.0	0.0	0.0	0.0	0.0	0.0	0.0	0.0	0.0	0.0	0.0	0.0	0.0	0.0	0.0	0.0	0.0	0.0	
0.063784  400.0  500.0  0.00018	0.00012	4e-05	0.00016	0.00018	0.00012	0.0002	0.00026	0.00018	0.00028	0.00036	0.00038	0.00056	0.00104	0.00232	0.00472	0.0134	0.0412	0.062	0.0622	0.05446	0.0467	0.03946	0.02762	0.01372	0.00302	0.0008	0.00014	4e-05	0.0	0.0	0.0	0.0	0.0	0.0	0.0	0.0	0.0	0.0	0.0	0.0	0.0	0.0	0.0	0.0	0.0	0.0	0.0	0.0	0.0	0.0	0.0	0.0	0.0	0.0	0.0	0.0	0.0	0.0	0.0	0.0	0.0	0.0	0.0	0.0	0.0	0.0	0.0	0.0	0.0	0.0	0.0	0.0	0.0	0.0	0.0	0.0	0.0	0.0	0.0	0.0	0.0	0.0	0.0	0.0	0.0	0.0	0.0	0.0	0.0	0.0	0.0	0.0	0.0	0.0	0.0	0.0	0.0	0.0	
0.023518  500.0  600.0  6e-05	6e-05	0.0001	8e-05	4e-05	0.0001	0.00012	0.0001	0.0001	8e-05	0.00016	0.0001	0.0001	0.00034	0.00026	0.00022	0.00026	0.00042	0.00054	0.00102	0.00126	0.0036	0.00882	0.02438	0.05486	0.07328	0.0691	0.06112	0.0482	0.03052	0.01298	0.00284	0.00068	0.00028	6e-05	0.0	0.0	0.0	0.0	0.0	0.0	0.0	0.0	0.0	0.0	0.0	0.0	0.0	0.0	0.0	0.0	0.0	0.0	0.0	0.0	0.0	0.0	0.0	0.0	0.0	0.0	0.0	0.0	0.0	0.0	0.0	0.0	0.0	0.0	0.0	0.0	0.0	0.0	0.0	0.0	0.0	0.0	0.0	0.0	0.0	0.0	0.0	0.0	0.0	0.0	0.0	0.0	0.0	0.0	0.0	0.0	0.0	0.0	0.0	0.0	0.0	0.0	0.0	0.0	
0.01012  600.0  700.0  8e-05	8e-05	2e-05	6e-05	0.0001	4e-05	8e-05	6e-05	6e-05	0.0001	6e-05	0.00012	0.0002	0.0001	4e-05	0.00018	0.00018	0.00016	0.0002	0.00024	0.00036	0.00042	0.00038	0.00076	0.00088	0.00124	0.00266	0.00738	0.01902	0.04382	0.07424	0.07944	0.07198	0.05506	0.03146	0.0115	0.0032	0.00112	0.00038	0.0001	8e-05	2e-05	0.0	0.0	0.0	0.0	0.0	0.0	0.0	0.0	0.0	0.0	0.0	0.0	0.0	0.0	0.0	0.0	0.0	0.0	0.0	0.0	0.0	0.0	0.0	0.0	0.0	0.0	0.0	0.0	0.0	0.0	0.0	0.0	0.0	0.0	0.0	0.0	0.0	0.0	0.0	0.0	0.0	0.0	0.0	0.0	0.0	0.0	0.0	0.0	0.0	0.0	0.0	0.0	0.0	0.0	0.0	0.0	0.0	
0.004848  700.0  800.0  2e-05	2e-05	0.0	0.0	0.0	2e-05	4e-05	0.0001	4e-05	0.0001	0.0	4e-05	0.0001	6e-05	0.0002	0.00012	0.00014	0.00012	0.00012	0.00016	0.00014	0.00032	0.0002	0.00032	0.00032	0.00032	0.00042	0.00052	0.00076	0.001	0.0023	0.00564	0.01266	0.03078	0.06206	0.08654	0.0881	0.06368	0.03774	0.01666	0.00568	0.00136	0.00046	0.0002	2e-05	8e-05	4e-05	0.0	0.0	0.0	0.0	0.0	0.0	0.0	0.0	0.0	0.0	0.0	0.0	0.0	0.0	0.0	0.0	0.0	0.0	0.0	0.0	0.0	0.0	0.0	0.0	0.0	0.0	0.0	0.0	0.0	0.0	0.0	0.0	0.0	0.0	0.0	0.0	0.0	0.0	0.0	0.0	0.0	0.0	0.0	0.0	0.0	0.0	0.0	0.0	0.0	0.0	0.0	0.0	
0.00251  800.0  900.0  4e-05	2e-05	4e-05	2e-05	4e-05	0.0	2e-05	2e-05	8e-05	6e-05	4e-05	4e-05	8e-05	0.0001	0.00012	0.0001	0.0001	0.0001	8e-05	8e-05	4e-05	4e-05	6e-05	0.00022	0.00014	0.00032	0.00028	0.00034	0.00044	0.00046	0.00042	0.00062	0.0008	0.00134	0.0027	0.00658	0.0134	0.03336	0.06266	0.08722	0.08726	0.0619	0.03538	0.0148	0.00478	0.00154	0.00042	0.00012	4e-05	2e-05	0.0	0.0	0.0	0.0	0.0	0.0	0.0	0.0	0.0	0.0	0.0	0.0	0.0	0.0	0.0	0.0	0.0	0.0	0.0	0.0	0.0	0.0	0.0	0.0	0.0	0.0	0.0	0.0	0.0	0.0	0.0	0.0	0.0	0.0	0.0	0.0	0.0	0.0	0.0	0.0	0.0	0.0	0.0	0.0	0.0	0.0	0.0	0.0	0.0	
0.00138  900.0  1000.0  2e-05	0.0	0.0	6e-05	2e-05	0.0	6e-05	4e-05	4e-05	8e-05	4e-05	4e-05	0.0001	0.0	6e-05	0.00012	0.0	8e-05	0.00012	4e-05	8e-05	8e-05	0.00014	0.0001	0.00012	4e-05	0.00012	0.00028	0.00028	0.00024	0.00022	0.00036	0.00038	0.00048	0.00048	0.00088	0.00136	0.00232	0.00522	0.0101	0.02534	0.05316	0.08022	0.09154	0.07344	0.0457	0.02068	0.00868	0.00302	0.00108	0.00048	0.0001	6e-05	2e-05	2e-05	0.0	0.0	0.0	0.0	0.0	0.0	0.0	0.0	0.0	0.0	0.0	0.0	0.0	0.0	0.0	0.0	0.0	0.0	0.0	0.0	0.0	0.0	0.0	0.0	0.0	0.0	0.0	0.0	0.0	0.0	0.0	0.0	0.0	0.0	0.0	0.0	0.0	0.0	0.0	0.0	0.0	0.0	0.0	0.0	
0.001273  1000.0  1200.0  2e-05	2e-05	0.0	0.0	0.0	4e-05	2e-05	2e-05	2e-05	2e-05	8e-05	2e-05	6e-05	6e-05	8e-05	2e-05	6e-05	0.0	8e-05	4e-05	6e-05	0.00012	6e-05	0.0001	0.00012	0.00018	8e-05	0.00012	0.0002	0.00016	0.00016	0.00022	0.00024	0.0003	0.00034	0.00036	0.00036	0.00042	0.00062	0.0011	0.00194	0.00334	0.00778	0.0161	0.0333	0.05238	0.0679	0.067	0.06074	0.04634	0.03242	0.01742	0.0081	0.00292	0.00148	0.00046	0.00024	0.0001	0.00012	6e-05	0.0	0.0	0.0	0.0	0.0	0.0	0.0	0.0	0.0	0.0	0.0	0.0	0.0	0.0	0.0	0.0	0.0	0.0	0.0	0.0	0.0	0.0	0.0	0.0	0.0	0.0	0.0	0.0	0.0	0.0	0.0	0.0	0.0	0.0	0.0	0.0	0.0	0.0	0.0	
0.000483  1200.0  1400.0  0.0	4e-05	0.0	0.0	2e-05	0.0	0.0	0.0	0.0	2e-05	2e-05	4e-05	4e-05	4e-05	2e-05	4e-05	2e-05	0.0	0.00014	2e-05	4e-05	8e-05	0.0	0.0001	4e-05	2e-05	0.00018	8e-05	8e-05	0.00012	4e-05	0.0001	0.00012	0.00012	0.00018	0.00018	0.00024	0.00018	0.00014	0.00024	0.00048	0.00052	0.00058	0.0007	0.00134	0.00192	0.00334	0.00792	0.01524	0.02822	0.04892	0.06408	0.06882	0.0649	0.04832	0.03346	0.0187	0.0098	0.00396	0.00164	0.00068	0.00024	6e-05	6e-05	2e-05	2e-05	2e-05	0.0	2e-05	0.0	0.0	0.0	0.0	0.0	0.0	0.0	0.0	0.0	0.0	0.0	0.0	0.0	0.0	0.0	0.0	0.0	0.0	0.0	0.0	0.0	0.0	0.0	0.0	0.0	0.0	0.0	0.0	0.0	0.0	
0.000203  1400.0  1600.0  0.0	0.0	0.0	0.0	0.0	0.0	0.0	0.0	2e-05	0.0	2e-05	2e-05	2e-05	2e-05	0.0	2e-05	0.0	6e-05	8e-05	4e-05	4e-05	2e-05	6e-05	8e-05	8e-05	4e-05	4e-05	8e-05	2e-05	6e-05	8e-05	4e-05	2e-05	6e-05	4e-05	0.00012	0.0001	0.00014	0.0001	0.00024	4e-05	0.0003	0.00024	0.0002	0.00032	0.0005	0.00082	0.00078	0.00078	0.00164	0.00344	0.00658	0.01228	0.02246	0.03822	0.05744	0.06904	0.06672	0.05574	0.04114	0.02446	0.01318	0.00572	0.00264	0.0015	0.0007	0.0003	0.00014	6e-05	2e-05	2e-05	0.0	0.0	0.0	0.0	0.0	0.0	0.0	0.0	0.0	0.0	0.0	0.0	0.0	0.0	0.0	0.0	0.0	0.0	0.0	0.0	0.0	0.0	0.0	0.0	0.0	0.0	0.0	0.0	
9.2e-05  1600.0  1800.0  0.0	0.0	0.0	2e-05	4e-05	2e-05	0.0	0.0	0.0	0.0	0.0	0.0	4e-05	2e-05	2e-05	0.0	2e-05	0.0	4e-05	4e-05	4e-05	2e-05	2e-05	6e-05	4e-05	0.0	6e-05	2e-05	4e-05	0.0	4e-05	2e-05	6e-05	0.00018	6e-05	2e-05	8e-05	8e-05	0.0001	0.0001	0.00016	0.00012	0.00018	0.00016	8e-05	0.00022	0.00024	0.00032	0.0004	0.0004	0.0008	0.00086	0.0016	0.0027	0.00414	0.00804	0.01418	0.02668	0.04148	0.05686	0.06268	0.06548	0.05214	0.03654	0.02366	0.0125	0.00676	0.00328	0.00148	0.00064	0.0004	0.0002	0.00012	4e-05	0.0	2e-05	2e-05	0.0	0.0	0.0	0.0	0.0	0.0	0.0	0.0	0.0	0.0	0.0	0.0	0.0	0.0	0.0	0.0	0.0	0.0	0.0	0.0	0.0	0.0	
4.4e-05  1800.0  2000.0  0.0	0.0	0.0	0.0	0.0	0.0	0.0	0.0	0.0	2e-05	0.0	0.0	0.0	0.0	4e-05	0.0	2e-05	0.0	6e-05	2e-05	4e-05	2e-05	0.0	2e-05	6e-05	6e-05	2e-05	0.00014	6e-05	4e-05	0.0	4e-05	6e-05	6e-05	8e-05	4e-05	6e-05	2e-05	6e-05	6e-05	4e-05	4e-05	0.0001	0.0002	0.0001	0.00018	0.0002	0.00022	0.00024	0.00016	0.0003	0.00038	0.00054	0.0005	0.00076	0.00112	0.00236	0.00392	0.0071	0.0141	0.02252	0.0347	0.04804	0.05828	0.0613	0.05704	0.04252	0.02834	0.01768	0.0092	0.00448	0.00204	0.0012	0.00054	0.0003	0.00012	8e-05	4e-05	2e-05	0.0	4e-05	0.0	0.0	0.0	0.0	2e-05	0.0	0.0	0.0	0.0	0.0	0.0	0.0	0.0	0.0	0.0	0.0	0.0	0.0	
2.6e-05  2000.0  2250.0  0.0	0.0	0.0	0.0	0.0	0.0	2e-05	0.0	2e-05	0.0	0.0	0.0	0.0	4e-05	0.0	0.0	2e-05	6e-05	0.0	0.0	0.0	6e-05	4e-05	2e-05	2e-05	2e-05	2e-05	2e-05	4e-05	0.0	2e-05	4e-05	4e-05	6e-05	0.0	4e-05	2e-05	6e-05	8e-05	0.0	8e-05	2e-05	8e-05	0.0001	0.0001	0.00014	8e-05	8e-05	0.00016	0.00022	8e-05	0.00016	0.00014	0.00014	0.00014	0.00048	0.0007	0.00118	0.00146	0.00254	0.00398	0.00726	0.01222	0.02192	0.03076	0.04446	0.05242	0.05734	0.05328	0.04398	0.03206	0.02218	0.01244	0.00726	0.00396	0.00194	0.00116	0.00048	0.00038	0.0001	2e-05	4e-05	4e-05	0.0	0.0	0.0	2e-05	0.0	0.0	0.0	0.0	0.0	0.0	0.0	0.0	0.0	0.0	0.0	0.0	
1.1e-05  2250.0  2500.0  0.0	0.0	0.0	0.0	0.0	0.0	0.0	0.0	0.0	0.0	0.0	0.0	2e-05	0.0	0.0	0.0	0.0	0.0	0.0	4e-05	0.0	2e-05	2e-05	0.0	4e-05	4e-05	2e-05	4e-05	2e-05	2e-05	4e-05	2e-05	2e-05	2e-05	6e-05	6e-05	6e-05	6e-05	4e-05	6e-05	4e-05	4e-05	8e-05	0.00012	8e-05	4e-05	0.0001	2e-05	4e-05	6e-05	0.00018	0.0002	0.00016	0.00024	0.00022	0.00012	0.00028	0.00044	0.00056	0.00074	0.0008	0.00156	0.00256	0.00402	0.00674	0.01186	0.01862	0.02688	0.03722	0.04502	0.05158	0.05114	0.04562	0.0366	0.02482	0.01682	0.01032	0.00574	0.00316	0.0019	0.00078	0.00048	0.00024	0.00012	4e-05	2e-05	2e-05	0.0	0.0	0.0	0.0	0.0	0.0	0.0	0.0	0.0	0.0	0.0	0.0	
5e-06  2500.0  2750.0  0.0	0.0	0.0	0.0	0.0	0.0	0.0	0.0	0.0	0.0	2e-05	0.0	2e-05	4e-05	0.0	2e-05	0.0	0.0	4e-05	0.0	2e-05	2e-05	0.0	2e-05	2e-05	0.0	2e-05	2e-05	0.0	0.0	2e-05	2e-05	2e-05	6e-05	2e-05	0.0	6e-05	6e-05	4e-05	0.0001	2e-05	8e-05	6e-05	6e-05	2e-05	8e-05	6e-05	6e-05	8e-05	0.00018	0.0001	4e-05	0.00012	0.0001	0.00012	0.00024	0.00038	0.00022	0.0003	0.00028	0.00032	0.00054	0.00056	0.00138	0.00174	0.00302	0.00504	0.00808	0.01226	0.01954	0.02688	0.03544	0.04296	0.04558	0.04728	0.0425	0.03452	0.02662	0.01792	0.01156	0.00722	0.00392	0.00168	0.00096	0.00064	0.00044	0.00022	4e-05	8e-05	4e-05	0.0	0.0	0.0	0.0	0.0	0.0	0.0	0.0	0.0	
3e-06  2750.0  3000.0  0.0	0.0	0.0	0.0	0.0	0.0	0.0	0.0	0.0	2e-05	0.0	2e-05	0.0	0.0	0.0	0.0	0.0	2e-05	0.0	0.0	2e-05	0.0	2e-05	0.0	2e-05	2e-05	6e-05	4e-05	0.0	4e-05	0.0	2e-05	2e-05	8e-05	4e-05	4e-05	0.0	0.0	4e-05	4e-05	4e-05	8e-05	6e-05	0.0	0.00014	6e-05	4e-05	0.00012	4e-05	0.00014	0.00016	0.00012	0.00016	8e-05	0.00016	0.00016	0.00014	0.00018	0.0001	0.00028	0.00022	0.0005	0.00056	0.00034	0.00048	0.00118	0.0016	0.00252	0.0043	0.00666	0.0107	0.0157	0.02224	0.02918	0.03636	0.04198	0.0421	0.04324	0.0385	0.0311	0.02296	0.01658	0.0104	0.00738	0.00442	0.00272	0.00136	0.00058	0.00034	0.00026	0.00014	4e-05	6e-05	2e-05	2e-05	0.0	0.0	0.0	0.0	
2e-06  3000.0  3500.0  0.0	0.0	2e-05	0.0	0.0	0.0	0.0	0.0	0.0	0.0	0.0	0.0	0.0	2e-05	0.0	0.0	2e-05	2e-05	2e-05	2e-05	2e-05	0.0	2e-05	0.0	4e-05	0.0	0.0	2e-05	4e-05	4e-05	0.0	2e-05	0.0	0.0	4e-05	0.0	4e-05	2e-05	4e-05	4e-05	8e-05	2e-05	4e-05	2e-05	4e-05	2e-05	6e-05	8e-05	6e-05	4e-05	4e-05	0.00012	4e-05	6e-05	8e-05	6e-05	6e-05	6e-05	0.0001	8e-05	0.0002	0.0002	0.00022	0.00028	0.00038	0.00048	0.00062	0.00086	0.00122	0.00236	0.0033	0.00468	0.0073	0.01108	0.0152	0.02114	0.02638	0.03176	0.0372	0.0393	0.03754	0.03434	0.0302	0.02386	0.01896	0.01364	0.00968	0.00628	0.00404	0.00268	0.00134	0.00088	0.00074	0.0003	0.00012	8e-05	6e-05	4e-05	2e-05	
0.0  3500.0  4000.0  0.0	0.0	0.0	0.0	0.0	0.0	0.0	0.0	0.0	0.0	0.0	0.0	2e-05	0.0	2e-05	0.0	0.0	0.0	0.0	0.0	0.0	0.0	2e-05	2e-05	0.0	0.0	0.0	0.0	4e-05	0.0	2e-05	4e-05	0.0	2e-05	2e-05	2e-05	4e-05	0.0	2e-05	4e-05	0.00014	2e-05	2e-05	2e-05	6e-05	6e-05	4e-05	0.0	4e-05	6e-05	2e-05	4e-05	6e-05	4e-05	4e-05	0.00014	8e-05	6e-05	0.0001	4e-05	0.00014	2e-05	0.00012	0.00014	0.00022	0.0001	0.00018	0.00034	0.0004	0.00074	0.0007	0.00126	0.00186	0.0025	0.00314	0.0057	0.0082	0.01062	0.01458	0.01932	0.02306	0.02736	0.03148	0.0332	0.0331	0.031	0.02814	0.02392	0.01886	0.0148	0.01184	0.0087	0.0053	0.00352	0.00218	0.00136	0.00108	0.0004	0.00074	
0.0  4000.0  15000.0  0.0	0.0	0.0	0.0	0.0	0.0	0.0	0.0	0.0	0.0	0.0	0.0	0.0	0.0	2e-05	0.0	2e-05	2e-05	0.0	0.0	0.0	2e-05	0.0	2e-05	0.0	0.0	0.0	0.0	0.0	0.0	2e-05	0.0	0.0	2e-05	0.0	0.0	2e-05	0.0	4e-05	0.0	2e-05	4e-05	4e-05	4e-05	2e-05	4e-05	4e-05	0.0	2e-05	2e-05	2e-05	4e-05	6e-05	8e-05	4e-05	8e-05	0.0001	4e-05	4e-05	8e-05	0.0	0.0001	6e-05	4e-05	0.0001	4e-05	0.0001	8e-05	0.00018	0.00026	0.00038	0.00036	0.00062	0.00074	0.00078	0.00154	0.00206	0.00312	0.00458	0.00538	0.00728	0.01042	0.01292	0.01624	0.01994	0.02254	0.02424	0.0247	0.02566	0.02498	0.02418	0.02242	0.0185	0.01572	0.014	0.01124	0.00842	0.00624	0.01886	
