#===============
# ll~ : mumu
# qq~ : sd~
# FF  : vector
# XY  : LL RR  
# coef : 0 0
# type : Z*Z
# Nevs : 50000
#===============
#
# XSEC	BIN_MIN	BIN_MAX 	 Kij 
#
0.60142  200.0  300.0  0.0	0.0	0.00014	0.00026	0.00082	0.00462	0.07112	0.09126	0.06798	0.05124	0.03642	0.01444	0.00012	2e-05	0.0	0.0	0.0	0.0	0.0	0.0	0.0	0.0	0.0	0.0	0.0	0.0	0.0	0.0	0.0	0.0	0.0	0.0	0.0	0.0	0.0	0.0	0.0	0.0	0.0	0.0	0.0	0.0	0.0	0.0	
0.09397  300.0  400.0  0.0	0.0	2e-05	2e-05	0.0001	0.00034	0.0005	0.0004	0.00064	0.00142	0.00642	0.08992	0.12656	0.09524	0.06078	0.00862	0.0001	0.0	0.0	0.0	0.0	0.0	0.0	0.0	0.0	0.0	0.0	0.0	0.0	0.0	0.0	0.0	0.0	0.0	0.0	0.0	0.0	0.0	0.0	0.0	0.0	0.0	0.0	0.0	
0.0246  400.0  500.0  0.0	0.0	0.0	0.0001	4e-05	4e-05	8e-05	0.0002	0.00014	0.00028	0.00042	0.00048	0.00098	0.00272	0.02786	0.1585	0.13998	0.07906	0.00768	8e-05	0.0	0.0	0.0	0.0	0.0	0.0	0.0	0.0	0.0	0.0	0.0	0.0	0.0	0.0	0.0	0.0	0.0	0.0	0.0	0.0	0.0	0.0	0.0	0.0	
0.00837  500.0  600.0  0.0	0.0	2e-05	2e-05	2e-05	2e-05	4e-05	0.00014	0.00018	0.0001	0.00016	0.00034	0.0004	0.00048	0.00084	0.00144	0.00506	0.06332	0.18918	0.13562	0.03064	0.0007	2e-05	0.0	0.0	0.0	0.0	0.0	0.0	0.0	0.0	0.0	0.0	0.0	0.0	0.0	0.0	0.0	0.0	0.0	0.0	0.0	0.0	0.0	
0.00335  600.0  700.0  0.0	0.0	2e-05	2e-05	0.0	0.0	4e-05	2e-05	6e-05	0.00012	6e-05	0.0002	0.00022	0.00032	0.00032	0.00074	0.00086	0.00136	0.00402	0.03828	0.19216	0.16188	0.03452	0.00116	2e-05	0.0	0.0	0.0	0.0	0.0	0.0	0.0	0.0	0.0	0.0	0.0	0.0	0.0	0.0	0.0	0.0	0.0	0.0	0.0	
0.0015  700.0  800.0  0.0	0.0	0.0	0.0	0.0	0.0	0.0	2e-05	2e-05	4e-05	0.0001	0.00014	0.00016	0.00024	0.00026	0.0003	0.00044	0.00076	0.00126	0.00162	0.0048	0.05534	0.21074	0.14436	0.01744	0.00088	0.0	0.0	0.0	0.0	0.0	0.0	0.0	0.0	0.0	0.0	0.0	0.0	0.0	0.0	0.0	0.0	0.0	0.0	
0.00073  800.0  900.0  0.0	0.0	0.0	2e-05	0.0	0.0	0.0	0.0	4e-05	4e-05	2e-05	0.0001	0.0001	8e-05	0.00014	0.00024	0.00046	0.00054	0.00048	0.00078	0.00124	0.00268	0.01448	0.12192	0.2198	0.07378	0.00536	0.0002	2e-05	2e-05	0.0	0.0	0.0	0.0	0.0	0.0	0.0	0.0	0.0	0.0	0.0	0.0	0.0	0.0	
0.00038  900.0  1000.0  0.0	0.0	0.0	0.0	2e-05	0.0	0.0	0.0	4e-05	2e-05	8e-05	0.0	0.00014	8e-05	0.00014	8e-05	0.00024	0.00042	0.00034	0.00056	0.00074	0.0009	0.00174	0.006	0.05676	0.2143	0.14106	0.01722	0.00088	0.00012	0.0	0.0	0.0	0.0	0.0	0.0	0.0	0.0	0.0	0.0	0.0	0.0	0.0	0.0	
0.00033  1000.0  1200.0  0.0	0.0	0.0	0.0	0.0	0.0	0.0	2e-05	4e-05	6e-05	2e-05	2e-05	4e-05	0.0001	0.00016	0.0002	0.0002	0.0002	0.00028	0.00028	0.00042	0.0004	0.00084	0.00122	0.00402	0.02374	0.1189	0.16848	0.095	0.02156	0.002	0.00014	0.0	0.0	0.0	0.0	0.0	0.0	0.0	0.0	0.0	0.0	0.0	0.0	
0.00011  1200.0  1400.0  0.0	0.0	0.0	2e-05	2e-05	0.0	0.0	0.0	2e-05	0.0	2e-05	2e-05	4e-05	8e-05	8e-05	0.00016	8e-05	0.00012	0.0001	0.00028	0.0002	0.00048	0.00038	0.00066	0.00078	0.00118	0.00364	0.01916	0.09806	0.17756	0.10934	0.02592	0.0027	0.0002	4e-05	0.0	0.0	0.0	0.0	0.0	0.0	0.0	0.0	0.0	
4e-05  1400.0  1600.0  0.0	0.0	0.0	0.0	0.0	0.0	0.0	2e-05	2e-05	0.0	0.0	2e-05	6e-05	2e-05	6e-05	4e-05	8e-05	8e-05	0.00014	0.0001	0.0002	0.00024	0.00032	0.00026	0.0006	0.00074	0.00084	0.00174	0.0063	0.02828	0.11378	0.16858	0.0906	0.01964	0.00226	0.00026	0.0	0.0	0.0	0.0	0.0	0.0	0.0	0.0	
2e-05  1600.0  1800.0  0.0	0.0	0.0	0.0	0.0	0.0	2e-05	0.0	0.0	2e-05	2e-05	2e-05	2e-05	0.0	4e-05	4e-05	6e-05	0.0001	0.0001	0.0001	8e-05	0.00012	0.0002	0.00028	0.00038	0.00028	0.00058	0.00072	0.00112	0.00302	0.0121	0.05918	0.14504	0.13938	0.05524	0.01052	0.00144	0.00028	0.0	0.0	0.0	0.0	0.0	0.0	
1e-05  1800.0  2000.0  0.0	0.0	0.0	0.0	0.0	2e-05	0.0	0.0	2e-05	2e-05	0.0	0.0	4e-05	4e-05	0.0	6e-05	4e-05	6e-05	0.00012	6e-05	0.00014	0.00014	0.00014	0.00016	0.0002	0.00022	0.00026	0.00036	0.0007	0.0013	0.00224	0.0074	0.03692	0.1096	0.14872	0.08796	0.02394	0.0041	0.00054	0.00012	2e-05	2e-05	0.0	0.0	
0.0  2000.0  2250.0  0.0	0.0	0.0	0.0	0.0	0.0	0.0	4e-05	0.0	0.0	4e-05	2e-05	2e-05	2e-05	0.0	0.0	2e-05	4e-05	6e-05	4e-05	8e-05	6e-05	4e-05	0.00012	0.00022	0.00022	0.0002	0.0002	0.00026	0.00056	0.0011	0.00204	0.00718	0.0262	0.08318	0.13036	0.1065	0.0447	0.01102	0.00184	0.00038	4e-05	2e-05	0.0	
0.0  2250.0  2500.0  0.0	0.0	0.0	0.0	0.0	0.0	0.0	0.0	0.0	0.0	2e-05	0.0	0.0	4e-05	0.0	0.0	4e-05	2e-05	2e-05	2e-05	4e-05	0.00014	8e-05	4e-05	0.00016	0.00018	0.0002	0.0002	0.0003	0.00034	0.00056	0.0009	0.00148	0.00476	0.01846	0.05664	0.11184	0.11934	0.06644	0.02278	0.00536	0.00106	0.0002	6e-05	
0.0  2500.0  2750.0  0.0	0.0	0.0	0.0	0.0	0.0	0.0	0.0	0.0	0.0	2e-05	0.0	0.0	0.0	0.0	4e-05	0.0	2e-05	2e-05	6e-05	4e-05	4e-05	0.00016	6e-05	0.00014	6e-05	0.00012	0.00022	0.0002	0.00024	0.00036	0.00062	0.0007	0.00184	0.00462	0.01616	0.048	0.09456	0.11328	0.07614	0.03386	0.00968	0.00212	0.00046	
0.0  2750.0  3000.0  0.0	0.0	0.0	0.0	0.0	0.0	0.0	0.0	0.0	0.0	0.0	0.0	0.0	0.0	0.0	2e-05	2e-05	0.0	0.0	2e-05	2e-05	4e-05	0.0001	8e-05	8e-05	0.00014	4e-05	0.00014	0.00012	0.00022	0.00016	0.00044	0.00064	0.00092	0.00178	0.00576	0.01642	0.04364	0.08184	0.10258	0.07678	0.03988	0.0122	0.00358	
0.0  3000.0  3500.0  0.0	0.0	0.0	0.0	0.0	0.0	0.0	0.0	0.0	0.0	0.0	0.0	0.0	0.0	2e-05	2e-05	0.0	0.0	0.0	4e-05	4e-05	8e-05	6e-05	0.0	6e-05	0.00012	0.0001	0.0001	0.0002	0.0001	0.00014	0.0002	0.00038	0.00088	0.0009	0.00228	0.0049	0.01544	0.0349	0.0666	0.08526	0.07906	0.05078	0.02262	
0.0  3500.0  4000.0  0.0	0.0	0.0	0.0	0.0	0.0	0.0	0.0	0.0	2e-05	0.0	0.0	0.0	2e-05	0.0	0.0	0.0	2e-05	2e-05	2e-05	0.0	2e-05	4e-05	6e-05	4e-05	2e-05	2e-05	8e-05	0.0001	0.00018	0.00016	0.00034	0.00028	0.0004	0.00056	0.00076	0.00196	0.00398	0.00994	0.021	0.04354	0.06456	0.07672	0.0647	
0.0  4000.0  15000.0  0.0	0.0	0.0	0.0	0.0	0.0	0.0	0.0	0.0	0.0	0.0	2e-05	0.0	0.0	0.0	0.0	2e-05	0.0	2e-05	2e-05	0.0	0.0	4e-05	2e-05	0.0	4e-05	4e-05	0.00012	4e-05	4e-05	8e-05	0.00012	0.0002	0.0002	0.00024	0.00042	0.00074	0.00142	0.00348	0.00658	0.014	0.02696	0.04214	0.0563	
