#===============
# Ref : 1903.06248
# Experiment : ATLAS
# ll~ : mumu
# qq~ : dd~
# FF  : vector
# XY  :  LL LR RL RR
# coef : 00
# type : A*A
# Nevs : 50000
#===============
#
# XSEC	BIN_MIN	BIN_MAX 	 Kij 
# 225.0 232.51 240.271 248.291 256.579 265.143 273.994 283.139 292.59 302.357 312.449 322.878 333.656 344.793 356.302 368.195 380.485 393.185 406.309 419.872 433.887 448.369 463.336 478.801 494.783 511.299 528.365 546.002 564.227 583.06 602.522 622.634 643.417 664.894 687.087 710.022 733.722 758.213 783.521 809.674 836.7 864.629 893.489 923.313 954.133 985.981 1018.89 1052.9 1088.05 1124.36 1161.9 1200.68 1240.76 1282.17 1324.97 1369.2 1414.9 1462.13 1510.93 1561.36 1613.48 1667.34 1722.99 1780.5 1839.94 1901.35 1964.82 2030.4 2098.17 2168.21 2240.58 2315.37 2392.65 2472.52 2555.05 2640.34 2728.47 2819.54 2913.66 3010.91 3111.41 3215.27 3322.59 3433.5 3548.1 3666.54 3788.92 3915.39 4046.09 4181.14 4320.7 4464.92 4613.96 4767.97 4927.12 5091.58 5261.54 5437.16 5618.6 10000.0 
126.448  200.0  300.0  0.03114	0.02578	0.0259	0.02308	0.0205	0.01818	0.01668	0.01404	0.0086	0.00174	0.00014	0.0	0.0	0.0	0.0	0.0	0.0	0.0	0.0	0.0	0.0	0.0	0.0	0.0	0.0	0.0	0.0	0.0	0.0	0.0	0.0	0.0	0.0	0.0	0.0	0.0	0.0	0.0	0.0	0.0	0.0	0.0	0.0	0.0	0.0	0.0	0.0	0.0	0.0	0.0	0.0	0.0	0.0	0.0	0.0	0.0	0.0	0.0	0.0	0.0	0.0	0.0	0.0	0.0	0.0	0.0	0.0	0.0	0.0	0.0	0.0	0.0	0.0	0.0	0.0	0.0	0.0	0.0	0.0	0.0	0.0	0.0	0.0	0.0	0.0	0.0	0.0	0.0	0.0	0.0	0.0	0.0	0.0	0.0	0.0	0.0	0.0	0.0	0.0	
27.76  300.0  400.0  0.00032	0.00036	0.0004	0.0005	0.00062	0.00128	0.00256	0.00728	0.026	0.04778	0.0513	0.0495	0.04144	0.03916	0.0339	0.03046	0.0243	0.01156	0.00272	0.00062	8e-05	2e-05	0.0	0.0	0.0	0.0	0.0	0.0	0.0	0.0	0.0	0.0	0.0	0.0	0.0	0.0	0.0	0.0	0.0	0.0	0.0	0.0	0.0	0.0	0.0	0.0	0.0	0.0	0.0	0.0	0.0	0.0	0.0	0.0	0.0	0.0	0.0	0.0	0.0	0.0	0.0	0.0	0.0	0.0	0.0	0.0	0.0	0.0	0.0	0.0	0.0	0.0	0.0	0.0	0.0	0.0	0.0	0.0	0.0	0.0	0.0	0.0	0.0	0.0	0.0	0.0	0.0	0.0	0.0	0.0	0.0	0.0	0.0	0.0	0.0	0.0	0.0	0.0	0.0	
8.8292  400.0  500.0  0.00012	0.00016	0.00012	0.0001	0.00012	0.00018	0.00028	0.00028	0.00024	0.00036	0.00036	0.0004	0.00084	0.00086	0.00184	0.0045	0.01446	0.04084	0.06216	0.06428	0.05792	0.04916	0.04386	0.03136	0.0154	0.00344	0.00074	0.00012	8e-05	2e-05	0.0	0.0	0.0	0.0	0.0	0.0	0.0	0.0	0.0	0.0	0.0	0.0	0.0	0.0	0.0	0.0	0.0	0.0	0.0	0.0	0.0	0.0	0.0	0.0	0.0	0.0	0.0	0.0	0.0	0.0	0.0	0.0	0.0	0.0	0.0	0.0	0.0	0.0	0.0	0.0	0.0	0.0	0.0	0.0	0.0	0.0	0.0	0.0	0.0	0.0	0.0	0.0	0.0	0.0	0.0	0.0	0.0	0.0	0.0	0.0	0.0	0.0	0.0	0.0	0.0	0.0	0.0	0.0	0.0	
3.4802  500.0  600.0  6e-05	6e-05	0.00016	0.0	0.0001	6e-05	2e-05	0.00018	0.0001	0.0002	8e-05	0.00022	0.00022	0.00028	0.0003	0.00018	0.00034	0.00044	0.0007	0.00066	0.00164	0.0032	0.00872	0.0235	0.05744	0.0738	0.07292	0.06292	0.05008	0.03214	0.01244	0.00332	0.00078	0.00022	2e-05	4e-05	0.0	0.0	0.0	0.0	0.0	0.0	0.0	0.0	0.0	0.0	0.0	0.0	0.0	0.0	0.0	0.0	0.0	0.0	0.0	0.0	0.0	0.0	0.0	0.0	0.0	0.0	0.0	0.0	0.0	0.0	0.0	0.0	0.0	0.0	0.0	0.0	0.0	0.0	0.0	0.0	0.0	0.0	0.0	0.0	0.0	0.0	0.0	0.0	0.0	0.0	0.0	0.0	0.0	0.0	0.0	0.0	0.0	0.0	0.0	0.0	0.0	0.0	0.0	
1.57662  600.0  700.0  6e-05	0.00016	8e-05	2e-05	6e-05	4e-05	2e-05	0.00014	8e-05	8e-05	0.0001	0.00012	0.0001	0.0001	0.00014	0.00018	0.0001	0.00018	0.00018	0.00028	0.0003	0.0002	0.0004	0.00078	0.0009	0.0011	0.0028	0.0068	0.01826	0.04562	0.07506	0.0835	0.0724	0.0577	0.0329	0.01196	0.0032	0.00094	0.00018	0.0001	2e-05	0.0	0.0	0.0	0.0	0.0	0.0	0.0	0.0	0.0	0.0	0.0	0.0	0.0	0.0	0.0	0.0	0.0	0.0	0.0	0.0	0.0	0.0	0.0	0.0	0.0	0.0	0.0	0.0	0.0	0.0	0.0	0.0	0.0	0.0	0.0	0.0	0.0	0.0	0.0	0.0	0.0	0.0	0.0	0.0	0.0	0.0	0.0	0.0	0.0	0.0	0.0	0.0	0.0	0.0	0.0	0.0	0.0	0.0	
0.78886  700.0  800.0  4e-05	0.0	2e-05	8e-05	4e-05	4e-05	0.0001	4e-05	6e-05	6e-05	0.00012	0.00012	0.00016	0.0001	4e-05	8e-05	0.00014	0.00018	0.0002	0.0001	0.00018	0.00014	0.0003	0.00026	0.0004	0.00034	0.00042	0.00066	0.00102	0.00074	0.00264	0.00532	0.01212	0.03126	0.06292	0.08752	0.0857	0.06912	0.04032	0.01736	0.00576	0.00194	0.00046	0.00018	4e-05	4e-05	0.0	0.0	0.0	0.0	0.0	0.0	0.0	0.0	0.0	0.0	0.0	0.0	0.0	0.0	0.0	0.0	0.0	0.0	0.0	0.0	0.0	0.0	0.0	0.0	0.0	0.0	0.0	0.0	0.0	0.0	0.0	0.0	0.0	0.0	0.0	0.0	0.0	0.0	0.0	0.0	0.0	0.0	0.0	0.0	0.0	0.0	0.0	0.0	0.0	0.0	0.0	0.0	0.0	
0.4243  800.0  900.0  0.0	0.0	0.0	2e-05	2e-05	4e-05	8e-05	0.0	8e-05	6e-05	0.0001	4e-05	4e-05	4e-05	0.00014	0.00014	6e-05	6e-05	8e-05	0.00014	8e-05	0.00012	0.00012	0.00022	0.00014	0.00012	0.00036	0.0003	0.00036	0.00054	0.00044	0.00066	0.00088	0.0015	0.00262	0.00612	0.01504	0.03336	0.06712	0.0905	0.08778	0.06622	0.03672	0.01308	0.00456	0.00146	0.00056	8e-05	2e-05	4e-05	2e-05	0.0	0.0	0.0	0.0	0.0	0.0	0.0	0.0	0.0	0.0	0.0	0.0	0.0	0.0	0.0	0.0	0.0	0.0	0.0	0.0	0.0	0.0	0.0	0.0	0.0	0.0	0.0	0.0	0.0	0.0	0.0	0.0	0.0	0.0	0.0	0.0	0.0	0.0	0.0	0.0	0.0	0.0	0.0	0.0	0.0	0.0	0.0	0.0	
0.24108  900.0  1000.0  2e-05	0.0	2e-05	0.0	0.0	4e-05	2e-05	2e-05	6e-05	6e-05	4e-05	2e-05	0.00012	8e-05	6e-05	6e-05	0.0001	4e-05	4e-05	6e-05	0.00012	8e-05	0.0001	0.00016	0.00018	0.0001	0.00024	0.00016	0.00018	0.0003	0.0003	0.00012	0.00058	0.00032	0.00102	0.00068	0.00102	0.0019	0.00506	0.01096	0.02502	0.05206	0.0811	0.09466	0.07768	0.048	0.0212	0.00838	0.00248	0.00126	0.00046	0.00014	0.00012	0.0	0.0	0.0	0.0	0.0	0.0	0.0	0.0	0.0	0.0	0.0	0.0	0.0	0.0	0.0	0.0	0.0	0.0	0.0	0.0	0.0	0.0	0.0	0.0	0.0	0.0	0.0	0.0	0.0	0.0	0.0	0.0	0.0	0.0	0.0	0.0	0.0	0.0	0.0	0.0	0.0	0.0	0.0	0.0	0.0	0.0	
0.23172  1000.0  1200.0  2e-05	0.0	0.0	4e-05	0.0	0.0	4e-05	6e-05	6e-05	2e-05	4e-05	6e-05	6e-05	6e-05	8e-05	6e-05	2e-05	6e-05	6e-05	4e-05	8e-05	4e-05	0.00012	6e-05	0.00012	6e-05	0.00012	0.00012	0.00014	0.0001	0.00026	0.00024	0.00018	0.0002	0.00016	0.00018	0.00048	0.0004	0.00078	0.001	0.00172	0.00344	0.0069	0.01736	0.03442	0.05536	0.06664	0.07032	0.05996	0.04766	0.0342	0.0183	0.00864	0.00332	0.00124	0.0005	0.00018	6e-05	8e-05	0.0	0.0	0.0	0.0	0.0	0.0	0.0	0.0	0.0	0.0	0.0	0.0	0.0	0.0	0.0	0.0	0.0	0.0	0.0	0.0	0.0	0.0	0.0	0.0	0.0	0.0	0.0	0.0	0.0	0.0	0.0	0.0	0.0	0.0	0.0	0.0	0.0	0.0	0.0	0.0	
0.092516  1200.0  1400.0  6e-05	0.0	0.0	2e-05	0.0	2e-05	0.0	2e-05	6e-05	0.0	4e-05	2e-05	0.0	4e-05	6e-05	6e-05	4e-05	2e-05	4e-05	2e-05	2e-05	6e-05	4e-05	6e-05	2e-05	8e-05	4e-05	0.0001	0.00016	0.00012	4e-05	8e-05	0.0001	6e-05	0.00012	0.00014	0.00022	0.00022	0.00028	0.00026	0.00024	0.0004	0.00068	0.00066	0.00104	0.00202	0.00382	0.007	0.01398	0.02846	0.04792	0.06588	0.07292	0.0678	0.05064	0.03344	0.02012	0.0093	0.00472	0.00158	0.0006	0.00022	8e-05	4e-05	4e-05	0.0	0.0	0.0	0.0	0.0	0.0	0.0	0.0	0.0	0.0	0.0	0.0	0.0	0.0	0.0	0.0	0.0	0.0	0.0	0.0	0.0	0.0	0.0	0.0	0.0	0.0	0.0	0.0	0.0	0.0	0.0	0.0	0.0	0.0	
0.040562  1400.0  1600.0  0.0	0.0	0.0	0.0	0.0	0.0	0.0	2e-05	0.0	4e-05	2e-05	0.0	2e-05	4e-05	2e-05	0.0	0.0	2e-05	2e-05	0.0	2e-05	4e-05	4e-05	0.0	6e-05	2e-05	6e-05	4e-05	6e-05	0.0001	6e-05	4e-05	0.00012	0.00012	8e-05	0.0001	0.0001	0.00018	0.00012	0.00022	0.00014	0.00018	0.00026	0.0003	0.00034	0.00038	0.00044	0.0008	0.00104	0.00174	0.00326	0.00586	0.01206	0.02248	0.03926	0.0585	0.06792	0.06782	0.05858	0.04108	0.02426	0.01292	0.00602	0.00298	0.00116	0.00054	0.0002	0.00018	8e-05	2e-05	0.0	0.0	2e-05	0.0	0.0	0.0	0.0	0.0	0.0	0.0	0.0	0.0	0.0	0.0	0.0	0.0	0.0	0.0	0.0	0.0	0.0	0.0	0.0	0.0	0.0	0.0	0.0	0.0	0.0	
0.019018  1600.0  1800.0  2e-05	0.0	0.0	0.0	0.0	0.0	2e-05	0.0	2e-05	0.0	0.0	0.0	0.0	2e-05	2e-05	2e-05	2e-05	4e-05	2e-05	2e-05	6e-05	2e-05	2e-05	8e-05	4e-05	0.0	4e-05	6e-05	2e-05	4e-05	0.0001	4e-05	6e-05	6e-05	0.00012	0.00012	0.00022	0.0001	0.0002	8e-05	0.00016	0.00018	0.00018	0.00018	0.00038	0.00024	0.00018	0.00026	0.00044	0.00034	0.00054	0.00066	0.00118	0.00236	0.00386	0.00782	0.01508	0.02582	0.04044	0.0574	0.06542	0.06698	0.05404	0.03772	0.02458	0.013	0.0057	0.00316	0.00132	0.00068	0.0002	8e-05	8e-05	2e-05	2e-05	0.0	0.0	0.0	0.0	0.0	0.0	0.0	0.0	0.0	0.0	0.0	0.0	0.0	0.0	0.0	0.0	0.0	0.0	0.0	0.0	0.0	0.0	0.0	0.0	
0.009369  1800.0  2000.0  0.0	2e-05	0.0	0.0	2e-05	4e-05	0.0	0.0	0.0	4e-05	0.0	2e-05	2e-05	0.0	0.0	4e-05	2e-05	2e-05	2e-05	0.0	4e-05	2e-05	2e-05	6e-05	6e-05	4e-05	4e-05	6e-05	4e-05	6e-05	0.0001	2e-05	6e-05	0.0001	6e-05	4e-05	0.00014	4e-05	6e-05	2e-05	0.00018	0.00018	6e-05	0.00014	0.00012	0.00024	0.00012	0.00022	0.0002	0.00022	0.0004	0.00034	0.00042	0.00064	0.00094	0.00134	0.00226	0.00386	0.00626	0.01266	0.02234	0.03536	0.04998	0.06002	0.06336	0.0535	0.04208	0.03024	0.01812	0.00952	0.0049	0.00228	0.00114	0.0005	0.00036	0.00016	6e-05	0.0	2e-05	0.0	0.0	0.0	0.0	0.0	0.0	0.0	0.0	0.0	0.0	0.0	0.0	0.0	0.0	0.0	0.0	0.0	0.0	0.0	0.0	
0.005574  2000.0  2250.0  0.0	0.0	0.0	0.0	0.0	0.0	2e-05	0.0	0.0	0.0	0.0	0.0	2e-05	0.0	0.0	0.0	2e-05	2e-05	0.0	2e-05	2e-05	0.0	2e-05	4e-05	4e-05	4e-05	4e-05	2e-05	2e-05	4e-05	0.00012	0.0	4e-05	6e-05	4e-05	0.0001	2e-05	0.00012	8e-05	4e-05	6e-05	0.00014	2e-05	6e-05	0.0001	8e-05	0.00012	0.00012	0.00014	0.00016	0.00032	0.0002	0.00048	0.0003	0.00036	0.0006	0.00052	0.00106	0.00132	0.00234	0.00414	0.00694	0.01294	0.02034	0.02982	0.04252	0.05342	0.05746	0.05372	0.04456	0.03222	0.02356	0.01358	0.00734	0.00366	0.00188	0.0007	0.00052	0.00034	0.0001	6e-05	2e-05	4e-05	0.0	0.0	2e-05	0.0	0.0	0.0	0.0	0.0	0.0	0.0	0.0	0.0	0.0	0.0	0.0	0.0	
0.002514  2250.0  2500.0  0.0	0.0	0.0	0.0	0.0	0.0	0.0	0.0	0.0	0.0	2e-05	2e-05	4e-05	0.0	2e-05	2e-05	2e-05	0.0	2e-05	2e-05	4e-05	0.0	0.0	4e-05	0.0	0.0	4e-05	2e-05	8e-05	0.0	4e-05	0.0	4e-05	2e-05	2e-05	6e-05	4e-05	6e-05	8e-05	8e-05	0.00014	6e-05	2e-05	0.0001	0.00014	2e-05	0.0001	0.00012	0.0001	0.00012	6e-05	0.0001	0.0001	0.00016	0.00024	0.0003	0.0004	0.0003	0.00062	0.00066	0.00084	0.00176	0.00258	0.0038	0.00646	0.01168	0.02026	0.02786	0.03766	0.04538	0.05236	0.05048	0.04484	0.0378	0.0265	0.01732	0.01084	0.00534	0.00324	0.00178	0.00088	0.00042	0.00022	6e-05	6e-05	2e-05	2e-05	0.0	0.0	0.0	0.0	0.0	0.0	0.0	0.0	0.0	0.0	0.0	0.0	
0.001168  2500.0  2750.0  0.0	0.0	0.0	0.0	0.0	0.0	2e-05	0.0	0.0	2e-05	2e-05	0.0	0.0	0.0	0.0	0.0	2e-05	0.0	2e-05	2e-05	0.0	2e-05	4e-05	2e-05	4e-05	6e-05	0.0	2e-05	2e-05	6e-05	0.0	4e-05	0.0	2e-05	2e-05	0.0001	6e-05	4e-05	4e-05	2e-05	4e-05	6e-05	6e-05	4e-05	2e-05	4e-05	0.0001	6e-05	0.0001	0.00014	0.00012	0.00014	0.00018	0.0002	0.00018	0.00018	0.00014	0.00018	0.00032	0.0004	0.00032	0.00044	0.00076	0.00118	0.00174	0.00296	0.00472	0.00786	0.01424	0.01964	0.02758	0.03608	0.0437	0.04658	0.04498	0.04308	0.03612	0.02568	0.01808	0.0125	0.00662	0.00382	0.00208	0.00098	0.00062	0.0003	0.00022	6e-05	6e-05	0.0	2e-05	2e-05	0.0	0.0	0.0	0.0	0.0	0.0	0.0	
0.000557  2750.0  3000.0  0.0	0.0	0.0	0.0	0.0	0.0	0.0	0.0	0.0	0.0	0.0	0.0	0.0	0.0	2e-05	0.0	0.0	0.0	0.0	0.0	0.0	0.0	4e-05	0.0	4e-05	0.0	2e-05	0.0	2e-05	4e-05	0.0	4e-05	2e-05	2e-05	2e-05	2e-05	4e-05	4e-05	0.0	2e-05	6e-05	6e-05	6e-05	2e-05	2e-05	4e-05	2e-05	2e-05	4e-05	6e-05	0.00014	0.0001	6e-05	0.0001	8e-05	6e-05	0.0003	6e-05	0.00014	0.00024	0.00022	0.00028	0.00052	0.00048	0.0007	0.00092	0.00172	0.00222	0.0039	0.00676	0.01036	0.01632	0.02024	0.02752	0.03568	0.04212	0.04484	0.04372	0.0394	0.03198	0.02424	0.0168	0.01144	0.00746	0.00384	0.0023	0.00116	0.00066	0.0004	0.00022	6e-05	8e-05	2e-05	2e-05	2e-05	2e-05	0.0	0.0	0.0	
0.000399  3000.0  3500.0  0.0	2e-05	0.0	0.0	0.0	0.0	0.0	0.0	0.0	2e-05	0.0	2e-05	0.0	2e-05	0.0	0.0	2e-05	2e-05	0.0	0.0	0.0	0.0	0.0	0.0	0.0	0.0	0.0	0.0	2e-05	0.0	6e-05	2e-05	2e-05	4e-05	2e-05	0.0	4e-05	6e-05	8e-05	0.0001	0.0	4e-05	4e-05	6e-05	6e-05	6e-05	4e-05	4e-05	4e-05	0.0	2e-05	6e-05	6e-05	8e-05	0.00012	6e-05	0.00014	0.0001	0.0001	0.00012	0.0002	0.00028	0.0002	0.00022	0.00034	0.00034	0.0006	0.00108	0.00182	0.00162	0.00312	0.00456	0.00706	0.01152	0.0149	0.02246	0.02752	0.03068	0.03738	0.03938	0.03828	0.03352	0.03038	0.0246	0.01766	0.01322	0.01004	0.0063	0.00406	0.00214	0.0015	0.00116	0.00046	0.00022	0.0001	4e-05	6e-05	2e-05	0.0	
9.5e-05  3500.0  4000.0  0.0	0.0	0.0	0.0	0.0	0.0	0.0	0.0	0.0	0.0	0.0	0.0	0.0	2e-05	0.0	0.0	2e-05	0.0	0.0	0.0	0.0	0.0	0.0	0.0	0.0	2e-05	0.0	2e-05	2e-05	0.0	0.0	4e-05	0.0	0.0	2e-05	0.0	2e-05	0.0	2e-05	0.0	2e-05	2e-05	0.0	2e-05	4e-05	0.00012	6e-05	4e-05	0.0	6e-05	0.0	4e-05	2e-05	2e-05	4e-05	6e-05	0.0001	8e-05	6e-05	0.00012	8e-05	4e-05	0.00014	0.00014	8e-05	0.00026	0.00036	0.00036	0.00048	0.00058	0.00086	0.0014	0.00182	0.0025	0.00404	0.00532	0.00802	0.01102	0.0148	0.01898	0.02388	0.02788	0.0315	0.03084	0.03314	0.02932	0.02748	0.02502	0.01924	0.01482	0.01192	0.00782	0.00548	0.00364	0.00232	0.0015	0.0009	0.00056	0.00078	
2.8e-05  4000.0  15000.0  0.0	0.0	2e-05	0.0	0.0	0.0	0.0	0.0	0.0	4e-05	2e-05	0.0	0.0	2e-05	2e-05	0.0	0.0	0.0	2e-05	2e-05	0.0	0.0	2e-05	0.0	2e-05	0.0	0.0	0.0	0.0	0.0	0.0	0.0	0.0	6e-05	2e-05	0.0	0.0	2e-05	6e-05	6e-05	4e-05	0.0	2e-05	0.0	0.0	4e-05	6e-05	2e-05	0.0	0.0	6e-05	2e-05	4e-05	6e-05	2e-05	2e-05	2e-05	4e-05	6e-05	0.00014	6e-05	0.0001	6e-05	0.00012	2e-05	6e-05	0.00016	0.00012	0.00026	0.00032	0.00026	0.0006	0.00054	0.00062	0.00084	0.00174	0.002	0.00314	0.00438	0.00572	0.00842	0.01134	0.01418	0.0169	0.02082	0.0229	0.02508	0.02512	0.02646	0.02538	0.02402	0.02136	0.01792	0.01604	0.01302	0.01058	0.0083	0.0064	0.01676	
