#===============
# Ref : 1903.06248
# Experiment : ATLAS
# ll~ : mumu
# qq~ : ss~
# FF  : vector
# XY  :  LL RR
# coef : 10
# type : Z*Reg
# Nevs : 50000
#===============
#
# XSEC	BIN_MIN	BIN_MAX 	 Kij 
# 225.0 232.51 240.271 248.291 256.579 265.143 273.994 283.139 292.59 302.357 312.449 322.878 333.656 344.793 356.302 368.195 380.485 393.185 406.309 419.872 433.887 448.369 463.336 478.801 494.783 511.299 528.365 546.002 564.227 583.06 602.522 622.634 643.417 664.894 687.087 710.022 733.722 758.213 783.521 809.674 836.7 864.629 893.489 923.313 954.133 985.981 1018.89 1052.9 1088.05 1124.36 1161.9 1200.68 1240.76 1282.17 1324.97 1369.2 1414.9 1462.13 1510.93 1561.36 1613.48 1667.34 1722.99 1780.5 1839.94 1901.35 1964.82 2030.4 2098.17 2168.21 2240.58 2315.37 2392.65 2472.52 2555.05 2640.34 2728.47 2819.54 2913.66 3010.91 3111.41 3215.27 3322.59 3433.5 3548.1 3666.54 3788.92 3915.39 4046.09 4181.14 4320.7 4464.92 4613.96 4767.97 4927.12 5091.58 5261.54 5437.16 5618.6 10000.0 
2.0968  200.0  300.0  0.03274	0.03208	0.03162	0.03426	0.03182	0.032	0.03172	0.02794	0.01752	0.00392	0.00028	0.0	0.0	0.0	0.0	0.0	0.0	0.0	0.0	0.0	0.0	0.0	0.0	0.0	0.0	0.0	0.0	0.0	0.0	0.0	0.0	0.0	0.0	0.0	0.0	0.0	0.0	0.0	0.0	0.0	0.0	0.0	0.0	0.0	0.0	0.0	0.0	0.0	0.0	0.0	0.0	0.0	0.0	0.0	0.0	0.0	0.0	0.0	0.0	0.0	0.0	0.0	0.0	0.0	0.0	0.0	0.0	0.0	0.0	0.0	0.0	0.0	0.0	0.0	0.0	0.0	0.0	0.0	0.0	0.0	0.0	0.0	0.0	0.0	0.0	0.0	0.0	0.0	0.0	0.0	0.0	0.0	0.0	0.0	0.0	0.0	0.0	0.0	0.0	
1.4472  300.0  400.0  0.00024	0.0004	0.0003	0.00038	0.00064	0.00082	0.00174	0.00554	0.02064	0.04266	0.04672	0.04728	0.04776	0.04792	0.04734	0.0452	0.03972	0.01974	0.00364	0.00042	8e-05	2e-05	0.0	0.0	0.0	0.0	0.0	0.0	0.0	0.0	0.0	0.0	0.0	0.0	0.0	0.0	0.0	0.0	0.0	0.0	0.0	0.0	0.0	0.0	0.0	0.0	0.0	0.0	0.0	0.0	0.0	0.0	0.0	0.0	0.0	0.0	0.0	0.0	0.0	0.0	0.0	0.0	0.0	0.0	0.0	0.0	0.0	0.0	0.0	0.0	0.0	0.0	0.0	0.0	0.0	0.0	0.0	0.0	0.0	0.0	0.0	0.0	0.0	0.0	0.0	0.0	0.0	0.0	0.0	0.0	0.0	0.0	0.0	0.0	0.0	0.0	0.0	0.0	0.0	
1.0685  400.0  500.0  2e-05	0.0001	0.00016	0.00012	0.0001	0.00022	0.00026	0.00024	0.0002	0.00022	0.00036	0.00048	0.00072	0.00076	0.00144	0.00388	0.01232	0.03764	0.05856	0.06182	0.0635	0.06072	0.0564	0.04632	0.0213	0.00486	0.00102	0.00016	0.0	2e-05	0.0	0.0	0.0	0.0	0.0	0.0	0.0	0.0	0.0	0.0	0.0	0.0	0.0	0.0	0.0	0.0	0.0	0.0	0.0	0.0	0.0	0.0	0.0	0.0	0.0	0.0	0.0	0.0	0.0	0.0	0.0	0.0	0.0	0.0	0.0	0.0	0.0	0.0	0.0	0.0	0.0	0.0	0.0	0.0	0.0	0.0	0.0	0.0	0.0	0.0	0.0	0.0	0.0	0.0	0.0	0.0	0.0	0.0	0.0	0.0	0.0	0.0	0.0	0.0	0.0	0.0	0.0	0.0	0.0	
0.8124  500.0  600.0  8e-05	2e-05	8e-05	8e-05	0.0001	0.00014	6e-05	6e-05	4e-05	0.00014	0.0001	0.0002	0.00024	0.00018	0.00024	0.00028	0.00044	0.0005	0.00052	0.00058	0.0013	0.00258	0.00682	0.0206	0.05206	0.07192	0.0791	0.07532	0.06372	0.04018	0.01612	0.00362	0.00078	0.00014	4e-05	0.0	2e-05	0.0	0.0	0.0	0.0	0.0	0.0	0.0	0.0	0.0	0.0	0.0	0.0	0.0	0.0	0.0	0.0	0.0	0.0	0.0	0.0	0.0	0.0	0.0	0.0	0.0	0.0	0.0	0.0	0.0	0.0	0.0	0.0	0.0	0.0	0.0	0.0	0.0	0.0	0.0	0.0	0.0	0.0	0.0	0.0	0.0	0.0	0.0	0.0	0.0	0.0	0.0	0.0	0.0	0.0	0.0	0.0	0.0	0.0	0.0	0.0	0.0	0.0	
0.62957  600.0  700.0  2e-05	4e-05	8e-05	4e-05	0.0001	4e-05	0.00012	0.0001	0.00016	6e-05	4e-05	4e-05	0.00016	0.0002	0.00016	0.0001	0.0002	0.00024	0.00018	0.00028	0.00022	0.00034	0.00046	0.0006	0.00052	0.00106	0.00224	0.00614	0.01484	0.042	0.07472	0.08672	0.0857	0.06892	0.03936	0.01452	0.0034	0.00072	0.00022	8e-05	4e-05	0.0	0.0	0.0	0.0	0.0	0.0	0.0	0.0	0.0	0.0	0.0	0.0	0.0	0.0	0.0	0.0	0.0	0.0	0.0	0.0	0.0	0.0	0.0	0.0	0.0	0.0	0.0	0.0	0.0	0.0	0.0	0.0	0.0	0.0	0.0	0.0	0.0	0.0	0.0	0.0	0.0	0.0	0.0	0.0	0.0	0.0	0.0	0.0	0.0	0.0	0.0	0.0	0.0	0.0	0.0	0.0	0.0	0.0	
0.49494  700.0  800.0  0.0	0.0	2e-05	8e-05	4e-05	2e-05	4e-05	8e-05	2e-05	8e-05	6e-05	8e-05	0.0001	0.00012	8e-05	0.00016	0.00012	0.00012	0.00018	0.00024	0.00024	0.00022	0.00014	0.00032	0.00044	0.00054	0.00028	0.00058	0.00076	0.0012	0.00176	0.0044	0.01004	0.02656	0.0601	0.08922	0.09642	0.07754	0.04722	0.02068	0.0051	0.0013	0.00042	0.0001	0.0	4e-05	0.0	0.0	0.0	0.0	0.0	0.0	0.0	0.0	0.0	0.0	0.0	0.0	0.0	0.0	0.0	0.0	0.0	0.0	0.0	0.0	0.0	0.0	0.0	0.0	0.0	0.0	0.0	0.0	0.0	0.0	0.0	0.0	0.0	0.0	0.0	0.0	0.0	0.0	0.0	0.0	0.0	0.0	0.0	0.0	0.0	0.0	0.0	0.0	0.0	0.0	0.0	0.0	0.0	
0.39282  800.0  900.0  0.0	0.0	0.0	2e-05	2e-05	2e-05	0.0001	4e-05	6e-05	8e-05	0.0	0.00014	8e-05	2e-05	8e-05	0.0001	6e-05	8e-05	8e-05	0.00018	0.00016	0.00012	0.00014	0.0001	0.0001	0.0003	0.00016	0.00026	0.00048	0.00044	0.00028	0.00056	0.00094	0.00126	0.00238	0.00498	0.01224	0.03148	0.06512	0.09018	0.0967	0.07444	0.04062	0.01552	0.005	0.00138	0.00036	6e-05	2e-05	2e-05	0.0	0.0	0.0	0.0	0.0	0.0	0.0	0.0	0.0	0.0	0.0	0.0	0.0	0.0	0.0	0.0	0.0	0.0	0.0	0.0	0.0	0.0	0.0	0.0	0.0	0.0	0.0	0.0	0.0	0.0	0.0	0.0	0.0	0.0	0.0	0.0	0.0	0.0	0.0	0.0	0.0	0.0	0.0	0.0	0.0	0.0	0.0	0.0	0.0	
0.31436  900.0  1000.0  0.0	4e-05	2e-05	4e-05	8e-05	6e-05	4e-05	4e-05	4e-05	8e-05	2e-05	8e-05	6e-05	6e-05	0.00014	4e-05	4e-05	0.0001	0.0001	4e-05	0.00012	0.00012	6e-05	0.00012	8e-05	0.00018	0.00014	0.00014	0.00012	0.00014	0.00018	0.00026	0.00028	0.00054	0.00052	0.00076	0.00114	0.002	0.00396	0.0093	0.02246	0.04906	0.08262	0.09796	0.08432	0.05334	0.0231	0.0077	0.00282	0.0007	0.00018	0.00012	6e-05	2e-05	2e-05	0.0	0.0	0.0	0.0	0.0	0.0	0.0	0.0	0.0	0.0	0.0	0.0	0.0	0.0	0.0	0.0	0.0	0.0	0.0	0.0	0.0	0.0	0.0	0.0	0.0	0.0	0.0	0.0	0.0	0.0	0.0	0.0	0.0	0.0	0.0	0.0	0.0	0.0	0.0	0.0	0.0	0.0	0.0	0.0	
0.4597  1000.0  1200.0  0.0	0.0	4e-05	2e-05	2e-05	2e-05	4e-05	2e-05	2e-05	2e-05	2e-05	4e-05	6e-05	8e-05	2e-05	6e-05	2e-05	8e-05	0.00012	0.0001	2e-05	0.0001	0.0001	0.0001	0.00012	6e-05	8e-05	0.00012	0.00014	0.00018	8e-05	0.00016	0.00024	0.00028	0.0003	0.00032	0.0004	0.00028	0.00048	0.00082	0.00136	0.0026	0.00644	0.01412	0.0286	0.05176	0.06826	0.07202	0.06812	0.05398	0.03732	0.0218	0.00912	0.00344	0.0012	0.00046	0.00014	0.00014	2e-05	4e-05	2e-05	2e-05	0.0	0.0	0.0	0.0	0.0	0.0	0.0	0.0	0.0	0.0	0.0	0.0	0.0	0.0	0.0	0.0	0.0	0.0	0.0	0.0	0.0	0.0	0.0	0.0	0.0	0.0	0.0	0.0	0.0	0.0	0.0	0.0	0.0	0.0	0.0	0.0	0.0	
0.30553  1200.0  1400.0  0.0	0.0	4e-05	0.0	0.0	0.0	0.0	6e-05	2e-05	0.0	0.0	6e-05	6e-05	6e-05	0.0	4e-05	4e-05	4e-05	2e-05	8e-05	2e-05	8e-05	0.0001	0.00018	0.0001	4e-05	0.00016	4e-05	0.00016	4e-05	0.0002	6e-05	0.00012	0.00016	0.00018	0.0002	0.00022	0.00012	0.00016	0.0002	0.00034	0.00042	0.00044	0.0008	0.00092	0.00168	0.00328	0.00584	0.0125	0.02568	0.04432	0.06482	0.07202	0.06956	0.05746	0.03944	0.02268	0.01022	0.00398	0.00178	0.00068	0.00024	6e-05	0.00016	0.0	0.0	0.0	0.0	0.0	0.0	0.0	0.0	0.0	0.0	0.0	0.0	0.0	0.0	0.0	0.0	0.0	0.0	0.0	0.0	0.0	0.0	0.0	0.0	0.0	0.0	0.0	0.0	0.0	0.0	0.0	0.0	0.0	0.0	0.0	
0.20641  1400.0  1600.0  0.0	0.0	2e-05	0.0	0.0	2e-05	0.0	0.0	6e-05	2e-05	6e-05	2e-05	0.0	4e-05	2e-05	6e-05	0.0	0.0	2e-05	2e-05	2e-05	4e-05	2e-05	4e-05	0.00014	2e-05	8e-05	6e-05	6e-05	4e-05	0.00012	4e-05	6e-05	0.0001	6e-05	8e-05	0.00018	0.0001	0.00012	0.0001	0.00024	0.00016	0.00014	0.00024	0.00022	0.00048	0.00052	0.00088	0.00124	0.00164	0.00298	0.0054	0.0108	0.02158	0.03848	0.05306	0.06798	0.06962	0.0624	0.04446	0.0274	0.01438	0.00718	0.00292	0.00134	0.00048	0.00022	0.00012	0.00012	4e-05	2e-05	0.0	0.0	0.0	0.0	0.0	0.0	0.0	0.0	0.0	0.0	0.0	0.0	0.0	0.0	0.0	0.0	0.0	0.0	0.0	0.0	0.0	0.0	0.0	0.0	0.0	0.0	0.0	0.0	
0.14132  1600.0  1800.0  0.0	2e-05	0.0	2e-05	0.0	0.0	2e-05	2e-05	0.0	2e-05	0.0	4e-05	4e-05	0.0	0.0	4e-05	2e-05	2e-05	2e-05	0.0	6e-05	6e-05	4e-05	2e-05	0.0	8e-05	4e-05	2e-05	2e-05	4e-05	4e-05	0.0001	6e-05	4e-05	2e-05	4e-05	8e-05	0.00012	8e-05	0.00014	8e-05	0.00014	0.00026	0.00024	0.0002	0.0002	0.00044	0.00044	0.0003	0.00034	0.00068	0.00078	0.00126	0.00222	0.00408	0.00644	0.01304	0.02496	0.03866	0.05724	0.06656	0.06658	0.05702	0.03876	0.02446	0.01386	0.00632	0.00312	0.00148	0.00084	0.0002	0.00016	4e-05	2e-05	0.0	0.0	0.0	0.0	2e-05	0.0	0.0	0.0	0.0	0.0	0.0	0.0	0.0	0.0	0.0	0.0	0.0	0.0	0.0	0.0	0.0	0.0	0.0	0.0	0.0	
0.097606  1800.0  2000.0  0.0	0.0	0.0	0.0	0.0	0.0	0.0	2e-05	0.0	2e-05	0.0	2e-05	4e-05	4e-05	2e-05	2e-05	2e-05	2e-05	2e-05	2e-05	4e-05	2e-05	4e-05	2e-05	4e-05	2e-05	4e-05	6e-05	6e-05	2e-05	2e-05	6e-05	2e-05	6e-05	0.00014	8e-05	8e-05	0.00012	8e-05	8e-05	6e-05	0.0001	6e-05	0.0002	2e-05	0.0001	0.00028	0.00022	0.00026	0.00026	0.00026	0.0003	0.00018	0.00066	0.00074	0.00136	0.00212	0.00406	0.00598	0.01312	0.02144	0.03366	0.0477	0.0596	0.0633	0.05678	0.044	0.02964	0.01754	0.0087	0.00458	0.00188	0.00104	0.0004	0.00044	0.00018	6e-05	4e-05	6e-05	0.0	0.0	0.0	0.0	2e-05	0.0	0.0	0.0	0.0	0.0	0.0	0.0	0.0	0.0	0.0	0.0	0.0	0.0	0.0	0.0	
0.081617  2000.0  2250.0  0.0	0.0	0.0	0.0	0.0	0.0	0.0	2e-05	4e-05	0.0	0.0	0.0	0.0	0.0	0.0	0.0	8e-05	2e-05	0.0	6e-05	4e-05	8e-05	0.0	2e-05	2e-05	2e-05	2e-05	4e-05	2e-05	0.0	2e-05	6e-05	6e-05	2e-05	4e-05	8e-05	0.0001	8e-05	0.0001	4e-05	6e-05	4e-05	8e-05	0.00012	0.0001	6e-05	0.00024	8e-05	0.00014	8e-05	0.00012	0.00012	0.00026	0.00032	0.00046	0.0006	0.00078	0.00086	0.00138	0.00222	0.00432	0.00676	0.01188	0.01874	0.0307	0.04112	0.0527	0.05706	0.05672	0.04494	0.03354	0.02248	0.01364	0.00786	0.004	0.0018	0.0008	0.00044	0.0002	0.00016	8e-05	0.0	0.0	0.0	2e-05	0.0	0.0	0.0	0.0	0.0	0.0	0.0	0.0	0.0	0.0	0.0	0.0	0.0	0.0	
0.052556  2250.0  2500.0  0.0	0.0	2e-05	0.0	0.0	0.0	0.0	0.0	0.0	2e-05	2e-05	2e-05	2e-05	0.0	0.0	0.0	2e-05	0.0	0.0	2e-05	6e-05	0.0	2e-05	0.0	0.0	2e-05	6e-05	2e-05	6e-05	0.0	8e-05	4e-05	2e-05	4e-05	0.0	0.0001	8e-05	4e-05	0.0	6e-05	4e-05	4e-05	6e-05	2e-05	6e-05	0.00012	0.00012	8e-05	8e-05	0.00016	0.00014	0.00026	0.00016	0.00028	8e-05	0.00022	0.00032	0.00054	0.00064	0.0006	0.00092	0.00124	0.00266	0.00428	0.00692	0.01082	0.01728	0.02654	0.03584	0.04592	0.05238	0.05268	0.0468	0.0376	0.02764	0.01736	0.01052	0.00582	0.0034	0.00192	0.00094	0.00052	0.00018	0.00012	8e-05	8e-05	0.0	4e-05	2e-05	0.0	0.0	0.0	0.0	0.0	0.0	0.0	0.0	0.0	0.0	
0.034136  2500.0  2750.0  0.0	0.0	0.0	2e-05	0.0	0.0	0.0	0.0	0.0	2e-05	0.0	2e-05	0.0	0.0	2e-05	2e-05	2e-05	0.0	0.0	2e-05	2e-05	2e-05	2e-05	0.0	4e-05	2e-05	4e-05	4e-05	4e-05	0.0	2e-05	6e-05	0.0	2e-05	2e-05	2e-05	2e-05	2e-05	6e-05	6e-05	2e-05	4e-05	2e-05	0.00014	0.00012	0.00012	0.0	8e-05	6e-05	8e-05	0.00014	4e-05	0.00016	0.0001	0.00014	0.00012	0.00012	0.00012	0.00026	0.00032	0.00056	0.00046	0.0005	0.00106	0.00198	0.00304	0.005	0.00802	0.01248	0.01778	0.0263	0.03484	0.041	0.04564	0.0475	0.04436	0.0367	0.0271	0.01938	0.01162	0.00726	0.00424	0.0025	0.00142	0.0007	0.00044	0.0001	0.0001	8e-05	6e-05	4e-05	2e-05	0.0	0.0	0.0	0.0	0.0	0.0	0.0	
0.022366  2750.0  3000.0  0.0	0.0	0.0	0.0	0.0	0.0	0.0	4e-05	0.0	2e-05	0.0	0.0	0.0	0.0	0.0	2e-05	0.0	0.0	0.0	2e-05	2e-05	0.0	0.0	0.0	2e-05	0.0	2e-05	0.0	2e-05	2e-05	6e-05	0.0	2e-05	4e-05	2e-05	0.0	4e-05	8e-05	6e-05	2e-05	2e-05	2e-05	2e-05	6e-05	6e-05	0.0	6e-05	2e-05	6e-05	0.0001	2e-05	0.00016	6e-05	8e-05	0.00012	8e-05	0.0001	0.00024	0.00024	0.00022	0.0002	0.00032	0.00036	0.0008	0.00074	0.00128	0.00158	0.0026	0.00446	0.00628	0.00976	0.01504	0.02154	0.0288	0.03536	0.04054	0.04494	0.04312	0.03796	0.03148	0.02442	0.01644	0.01128	0.00736	0.0043	0.00282	0.0019	0.00096	0.0005	0.0002	0.00012	6e-05	6e-05	2e-05	2e-05	0.0	0.0	0.0	0.0	
0.024562  3000.0  3500.0  0.0	0.0	0.0	0.0	0.0	0.0	0.0	0.0	0.0	0.0	0.0	0.0	0.0	0.0	0.0	2e-05	2e-05	0.0	0.0	4e-05	0.0	0.0	0.0	2e-05	0.0	2e-05	0.0	0.0	0.0	4e-05	4e-05	0.0	4e-05	0.0	2e-05	4e-05	0.0	0.0	0.0	0.0	0.0	2e-05	4e-05	0.0	4e-05	2e-05	4e-05	8e-05	6e-05	6e-05	4e-05	0.0001	6e-05	0.0002	4e-05	6e-05	0.00014	8e-05	4e-05	0.00018	0.00012	0.00014	0.00024	0.00034	0.00042	0.00044	0.0009	0.00112	0.00148	0.00194	0.0032	0.00512	0.00766	0.01062	0.01586	0.01998	0.0254	0.03148	0.03436	0.03726	0.03538	0.03416	0.02924	0.02586	0.01886	0.0143	0.01114	0.00718	0.00432	0.00322	0.00176	0.001	0.0005	0.0004	0.00024	0.0002	0.0001	0.0	8e-05	
0.011  3500.0  4000.0  0.0	0.0	0.0	0.0	0.0	0.0	0.0	0.0	0.0	0.0	0.0	0.0	0.0	4e-05	0.0	0.0	0.0	0.0	0.0	0.0	2e-05	4e-05	0.0	0.0	0.0	4e-05	0.0	0.0	2e-05	0.0	2e-05	0.0	0.0	0.0	0.0	6e-05	4e-05	2e-05	8e-05	0.0	0.0	4e-05	0.0	4e-05	4e-05	2e-05	2e-05	0.0	0.0	8e-05	2e-05	4e-05	2e-05	2e-05	2e-05	0.00012	6e-05	0.00012	6e-05	0.00016	0.0001	0.00014	0.0002	0.00018	0.00022	0.00014	0.00028	0.00026	0.00048	0.00086	0.00094	0.00126	0.00196	0.0028	0.00408	0.00658	0.00746	0.01184	0.01428	0.01836	0.02222	0.026	0.03042	0.032	0.031	0.0304	0.02754	0.024	0.02052	0.0162	0.01248	0.00856	0.00594	0.00378	0.00282	0.00198	0.00114	0.00074	0.00108	
0.009333  4000.0  15000.0  0.0	0.0	0.0	0.0	0.0	0.0	0.0	0.0	0.0	0.0	0.0	0.0	0.0	0.0	2e-05	0.0	2e-05	0.0	2e-05	0.0	0.0	0.0	2e-05	2e-05	0.0	0.0	2e-05	2e-05	4e-05	2e-05	0.0	0.0	0.0	0.0	6e-05	0.0	0.0	0.0	4e-05	0.0	2e-05	0.0	0.0	2e-05	0.0	0.0	2e-05	4e-05	4e-05	4e-05	8e-05	2e-05	0.0001	6e-05	2e-05	0.0001	4e-05	6e-05	4e-05	6e-05	8e-05	2e-05	6e-05	6e-05	8e-05	8e-05	4e-05	8e-05	0.00018	0.00024	0.00044	0.00052	0.00066	0.0007	0.00116	0.00164	0.00204	0.00288	0.00352	0.0051	0.00674	0.00934	0.01056	0.0138	0.01622	0.01748	0.01984	0.02266	0.02164	0.02072	0.02096	0.02064	0.01938	0.01716	0.01408	0.01216	0.0108	0.0078	0.03372	
