#===============
# Ref : 1903.06248
# Experiment : ATLAS
# ll~ : mumu
# qq~ : sb~
# FF  : vector
# XY  :  LL RR
# coef : 00
# type : Z*Z
# Nevs : 50000
#===============
#
# XSEC	BIN_MIN	BIN_MAX 	 Kij 
# 225.0 232.51 240.271 248.291 256.579 265.143 273.994 283.139 292.59 302.357 312.449 322.878 333.656 344.793 356.302 368.195 380.485 393.185 406.309 419.872 433.887 448.369 463.336 478.801 494.783 511.299 528.365 546.002 564.227 583.06 602.522 622.634 643.417 664.894 687.087 710.022 733.722 758.213 783.521 809.674 836.7 864.629 893.489 923.313 954.133 985.981 1018.89 1052.9 1088.05 1124.36 1161.9 1200.68 1240.76 1282.17 1324.97 1369.2 1414.9 1462.13 1510.93 1561.36 1613.48 1667.34 1722.99 1780.5 1839.94 1901.35 1964.82 2030.4 2098.17 2168.21 2240.58 2315.37 2392.65 2472.52 2555.05 2640.34 2728.47 2819.54 2913.66 3010.91 3111.41 3215.27 3322.59 3433.5 3548.1 3666.54 3788.92 3915.39 4046.09 4181.14 4320.7 4464.92 4613.96 4767.97 4927.12 5091.58 5261.54 5437.16 5618.6 10000.0 
0.22278  200.0  300.0  0.03638	0.03118	0.02808	0.02518	0.02006	0.01794	0.01598	0.0131	0.00734	0.00152	0.00014	0.0	0.0	0.0	0.0	0.0	0.0	0.0	0.0	0.0	0.0	0.0	0.0	0.0	0.0	0.0	0.0	0.0	0.0	0.0	0.0	0.0	0.0	0.0	0.0	0.0	0.0	0.0	0.0	0.0	0.0	0.0	0.0	0.0	0.0	0.0	0.0	0.0	0.0	0.0	0.0	0.0	0.0	0.0	0.0	0.0	0.0	0.0	0.0	0.0	0.0	0.0	0.0	0.0	0.0	0.0	0.0	0.0	0.0	0.0	0.0	0.0	0.0	0.0	0.0	0.0	0.0	0.0	0.0	0.0	0.0	0.0	0.0	0.0	0.0	0.0	0.0	0.0	0.0	0.0	0.0	0.0	0.0	0.0	0.0	0.0	0.0	0.0	0.0	
0.03279  300.0  400.0  0.00032	0.00042	0.00052	0.00052	0.00094	0.00126	0.00278	0.00792	0.03098	0.06284	0.06268	0.05224	0.04834	0.04112	0.03528	0.0303	0.02238	0.01152	0.00222	0.00018	4e-05	0.0	0.0	0.0	0.0	0.0	0.0	0.0	0.0	0.0	0.0	0.0	0.0	0.0	0.0	0.0	0.0	0.0	0.0	0.0	0.0	0.0	0.0	0.0	0.0	0.0	0.0	0.0	0.0	0.0	0.0	0.0	0.0	0.0	0.0	0.0	0.0	0.0	0.0	0.0	0.0	0.0	0.0	0.0	0.0	0.0	0.0	0.0	0.0	0.0	0.0	0.0	0.0	0.0	0.0	0.0	0.0	0.0	0.0	0.0	0.0	0.0	0.0	0.0	0.0	0.0	0.0	0.0	0.0	0.0	0.0	0.0	0.0	0.0	0.0	0.0	0.0	0.0	0.0	
0.008154  400.0  500.0  0.00012	0.00016	0.00018	0.00012	0.00012	0.00012	0.00032	0.00024	0.00028	0.00028	0.00044	0.0004	0.00054	0.00094	0.00178	0.00546	0.0156	0.0507	0.07498	0.07038	0.06262	0.05148	0.0437	0.03306	0.01312	0.00294	0.0006	4e-05	4e-05	0.0	0.0	0.0	0.0	0.0	0.0	0.0	0.0	0.0	0.0	0.0	0.0	0.0	0.0	0.0	0.0	0.0	0.0	0.0	0.0	0.0	0.0	0.0	0.0	0.0	0.0	0.0	0.0	0.0	0.0	0.0	0.0	0.0	0.0	0.0	0.0	0.0	0.0	0.0	0.0	0.0	0.0	0.0	0.0	0.0	0.0	0.0	0.0	0.0	0.0	0.0	0.0	0.0	0.0	0.0	0.0	0.0	0.0	0.0	0.0	0.0	0.0	0.0	0.0	0.0	0.0	0.0	0.0	0.0	0.0	
0.002652  500.0  600.0  6e-05	0.0001	8e-05	0.0001	6e-05	0.00018	8e-05	0.0001	0.00016	0.00014	0.00026	0.00016	0.00016	0.00026	0.00018	0.00026	0.00054	0.00056	0.00058	0.00074	0.00122	0.00382	0.00806	0.02652	0.06374	0.08364	0.07874	0.06726	0.05324	0.03144	0.01074	0.00238	0.0005	0.00028	2e-05	0.0	0.0	0.0	0.0	0.0	0.0	0.0	0.0	0.0	0.0	0.0	0.0	0.0	0.0	0.0	0.0	0.0	0.0	0.0	0.0	0.0	0.0	0.0	0.0	0.0	0.0	0.0	0.0	0.0	0.0	0.0	0.0	0.0	0.0	0.0	0.0	0.0	0.0	0.0	0.0	0.0	0.0	0.0	0.0	0.0	0.0	0.0	0.0	0.0	0.0	0.0	0.0	0.0	0.0	0.0	0.0	0.0	0.0	0.0	0.0	0.0	0.0	0.0	0.0	
0.001022  600.0  700.0  2e-05	6e-05	0.0	2e-05	0.00014	0.0001	2e-05	0.0001	0.0001	0.00014	0.00016	6e-05	0.00016	6e-05	0.0001	0.00012	0.00022	0.00022	0.00016	0.0004	0.00024	0.00028	0.00046	0.00058	0.00064	0.00112	0.00284	0.00654	0.01868	0.05014	0.0851	0.09214	0.07616	0.05924	0.03174	0.0108	0.00262	0.0006	0.00018	4e-05	0.0	0.0	0.0	0.0	0.0	0.0	0.0	0.0	0.0	0.0	0.0	0.0	0.0	0.0	0.0	0.0	0.0	0.0	0.0	0.0	0.0	0.0	0.0	0.0	0.0	0.0	0.0	0.0	0.0	0.0	0.0	0.0	0.0	0.0	0.0	0.0	0.0	0.0	0.0	0.0	0.0	0.0	0.0	0.0	0.0	0.0	0.0	0.0	0.0	0.0	0.0	0.0	0.0	0.0	0.0	0.0	0.0	0.0	0.0	
0.000442  700.0  800.0  2e-05	4e-05	0.0	2e-05	2e-05	6e-05	8e-05	6e-05	6e-05	6e-05	6e-05	8e-05	0.0001	0.00012	4e-05	8e-05	0.00016	8e-05	0.00026	0.00018	0.0002	0.00026	0.00028	0.00026	0.00032	0.00032	0.00052	0.0004	0.00066	0.00106	0.00216	0.00486	0.0125	0.03028	0.06692	0.09472	0.09108	0.0712	0.03962	0.01574	0.00468	0.00122	0.00034	0.00014	0.00012	0.0	2e-05	0.0	0.0	0.0	0.0	0.0	0.0	0.0	0.0	0.0	0.0	0.0	0.0	0.0	0.0	0.0	0.0	0.0	0.0	0.0	0.0	0.0	0.0	0.0	0.0	0.0	0.0	0.0	0.0	0.0	0.0	0.0	0.0	0.0	0.0	0.0	0.0	0.0	0.0	0.0	0.0	0.0	0.0	0.0	0.0	0.0	0.0	0.0	0.0	0.0	0.0	0.0	0.0	
0.000209  800.0  900.0  0.0	4e-05	2e-05	4e-05	2e-05	2e-05	4e-05	2e-05	2e-05	4e-05	4e-05	8e-05	4e-05	6e-05	8e-05	2e-05	6e-05	0.00012	8e-05	0.00012	0.0002	0.00012	0.0003	0.00012	0.00016	0.00028	0.00024	0.00034	0.0002	0.00042	0.00034	0.00054	0.00084	0.00132	0.00246	0.00602	0.01386	0.03578	0.07074	0.09654	0.09078	0.06604	0.0346	0.01324	0.00384	0.00104	0.00028	0.00016	4e-05	0.0	0.0	0.0	0.0	0.0	0.0	0.0	0.0	0.0	0.0	0.0	0.0	0.0	0.0	0.0	0.0	0.0	0.0	0.0	0.0	0.0	0.0	0.0	0.0	0.0	0.0	0.0	0.0	0.0	0.0	0.0	0.0	0.0	0.0	0.0	0.0	0.0	0.0	0.0	0.0	0.0	0.0	0.0	0.0	0.0	0.0	0.0	0.0	0.0	0.0	
0.000105  900.0  1000.0  0.0	2e-05	0.0	8e-05	4e-05	2e-05	0.0	2e-05	2e-05	4e-05	0.0	2e-05	2e-05	6e-05	2e-05	0.0001	6e-05	2e-05	8e-05	0.0001	6e-05	8e-05	0.00016	0.0002	0.00012	8e-05	0.00012	0.00018	0.0001	0.00022	0.00036	0.0004	0.0004	0.00046	0.0006	0.0006	0.00138	0.00228	0.00446	0.01114	0.02448	0.0544	0.08514	0.0974	0.07842	0.04778	0.01934	0.00686	0.00202	0.0008	0.00034	0.00014	4e-05	0.0	0.0	0.0	0.0	0.0	0.0	0.0	0.0	0.0	0.0	0.0	0.0	0.0	0.0	0.0	0.0	0.0	0.0	0.0	0.0	0.0	0.0	0.0	0.0	0.0	0.0	0.0	0.0	0.0	0.0	0.0	0.0	0.0	0.0	0.0	0.0	0.0	0.0	0.0	0.0	0.0	0.0	0.0	0.0	0.0	0.0	
8.8e-05  1000.0  1200.0  2e-05	2e-05	0.0	0.0	0.0	6e-05	0.0	8e-05	2e-05	0.0	8e-05	2e-05	6e-05	4e-05	4e-05	4e-05	8e-05	4e-05	2e-05	4e-05	6e-05	6e-05	0.0001	0.00012	6e-05	0.00012	8e-05	0.00012	0.00014	0.00024	0.00032	0.00012	0.0002	0.0002	0.00034	0.00026	0.00028	0.00052	0.0006	0.00076	0.00176	0.00378	0.00782	0.0171	0.03414	0.05966	0.07206	0.07378	0.06308	0.0465	0.0301	0.018	0.00746	0.00276	0.00106	0.0004	0.00014	0.00014	6e-05	2e-05	0.0	0.0	0.0	0.0	0.0	0.0	0.0	0.0	0.0	0.0	0.0	0.0	0.0	0.0	0.0	0.0	0.0	0.0	0.0	0.0	0.0	0.0	0.0	0.0	0.0	0.0	0.0	0.0	0.0	0.0	0.0	0.0	0.0	0.0	0.0	0.0	0.0	0.0	0.0	
2.9e-05  1200.0  1400.0  2e-05	4e-05	0.0	0.0	0.0	0.0	0.0	2e-05	0.0	2e-05	2e-05	2e-05	0.0	2e-05	4e-05	2e-05	6e-05	0.0	6e-05	0.0001	6e-05	2e-05	8e-05	8e-05	0.0001	6e-05	4e-05	4e-05	0.00016	0.0001	0.00016	0.00012	0.00012	0.00018	0.0001	0.0002	0.00014	0.00028	0.00012	0.00032	0.00042	0.00032	0.00052	0.00062	0.00106	0.00142	0.00326	0.00646	0.01486	0.03026	0.0489	0.06852	0.07494	0.06598	0.05056	0.03294	0.01808	0.00918	0.0041	0.0015	0.00056	0.00024	0.00012	8e-05	0.0	0.0	0.0	0.0	0.0	0.0	0.0	0.0	0.0	0.0	0.0	0.0	0.0	0.0	0.0	0.0	0.0	0.0	0.0	0.0	0.0	0.0	0.0	0.0	0.0	0.0	0.0	0.0	0.0	0.0	0.0	0.0	0.0	0.0	0.0	
1.1e-05  1400.0  1600.0  0.0	0.0	0.0	0.0	2e-05	2e-05	0.0	0.0	0.0	2e-05	2e-05	2e-05	0.0	0.0	2e-05	4e-05	0.0	2e-05	4e-05	2e-05	0.0	8e-05	4e-05	6e-05	2e-05	4e-05	0.0001	0.00014	4e-05	0.00014	8e-05	0.0001	4e-05	0.00016	8e-05	6e-05	0.0001	0.00014	0.00012	0.0002	0.00014	0.00016	8e-05	0.00022	0.00038	0.00042	0.00054	0.00078	0.00098	0.00198	0.00356	0.0061	0.01122	0.02226	0.03946	0.0606	0.06922	0.06958	0.05876	0.04104	0.025	0.01236	0.00586	0.00248	0.00124	0.00034	0.00022	6e-05	8e-05	0.0	0.0	0.0	0.0	0.0	0.0	0.0	0.0	0.0	0.0	0.0	0.0	0.0	0.0	0.0	0.0	0.0	0.0	0.0	0.0	0.0	0.0	0.0	0.0	0.0	0.0	0.0	0.0	0.0	0.0	
4e-06  1600.0  1800.0  0.0	0.0	0.0	0.0	0.0	0.0	2e-05	0.0	0.0	0.0	4e-05	4e-05	2e-05	2e-05	2e-05	2e-05	2e-05	0.0	2e-05	0.0	2e-05	4e-05	6e-05	4e-05	6e-05	2e-05	4e-05	4e-05	4e-05	4e-05	0.0001	0.0001	8e-05	0.0001	0.0	0.0001	0.0001	6e-05	0.00014	4e-05	0.00024	0.00014	0.0001	0.0001	0.00016	0.00028	0.0002	0.00048	0.0005	0.00028	0.00058	0.00104	0.00136	0.00192	0.00418	0.0077	0.0149	0.026	0.04276	0.05856	0.06662	0.06454	0.05238	0.0383	0.02256	0.01302	0.00534	0.00256	0.00118	0.00044	0.00028	0.00014	4e-05	2e-05	2e-05	0.0	0.0	2e-05	2e-05	0.0	0.0	0.0	0.0	0.0	0.0	0.0	0.0	0.0	0.0	0.0	0.0	0.0	0.0	0.0	0.0	0.0	0.0	0.0	0.0	
2e-06  1800.0  2000.0  0.0	2e-05	0.0	0.0	0.0	6e-05	0.0	2e-05	0.0	0.0	2e-05	2e-05	0.0	2e-05	0.0	2e-05	0.0	4e-05	4e-05	0.0	2e-05	2e-05	2e-05	2e-05	4e-05	6e-05	2e-05	2e-05	4e-05	8e-05	2e-05	2e-05	0.00012	0.0	0.0001	6e-05	6e-05	4e-05	0.00014	0.00016	6e-05	6e-05	8e-05	0.0001	6e-05	0.00012	0.0002	0.00036	0.0002	0.00012	0.00018	0.00028	0.00044	0.00072	0.00074	0.00138	0.00238	0.00356	0.00666	0.01202	0.02292	0.03456	0.0502	0.06086	0.06488	0.05502	0.04064	0.02974	0.01628	0.0092	0.00508	0.00194	0.0011	0.00032	0.00024	0.00022	6e-05	4e-05	6e-05	0.0	0.0	0.0	0.0	0.0	0.0	0.0	0.0	0.0	0.0	0.0	0.0	0.0	0.0	0.0	0.0	0.0	0.0	0.0	0.0	
1e-06  2000.0  2250.0  0.0	2e-05	0.0	2e-05	2e-05	0.0	0.0	0.0	0.0	0.0	0.0	2e-05	2e-05	2e-05	0.0	4e-05	0.0	0.0	2e-05	2e-05	2e-05	2e-05	2e-05	0.0	2e-05	0.0	4e-05	4e-05	4e-05	2e-05	0.0	0.0001	4e-05	4e-05	4e-05	4e-05	0.0	8e-05	4e-05	2e-05	8e-05	8e-05	0.0001	0.00012	0.0001	6e-05	6e-05	0.00016	0.00012	0.00018	0.00012	0.00026	0.00014	0.00024	0.00038	0.0006	0.00076	0.0009	0.00134	0.00212	0.00446	0.00814	0.01242	0.0213	0.03322	0.04352	0.05336	0.05682	0.05298	0.04452	0.0321	0.02066	0.01268	0.00718	0.0038	0.00166	0.00098	0.00038	0.00028	0.0001	4e-05	4e-05	2e-05	0.0	0.0	0.0	0.0	0.0	0.0	0.0	0.0	0.0	0.0	0.0	0.0	0.0	0.0	0.0	0.0	
0.0  2250.0  2500.0  0.0	0.0	0.0	0.0	0.0	0.0	0.0	0.0	0.0	0.0	0.0	0.0	0.0	2e-05	2e-05	2e-05	2e-05	0.0	0.0	0.0	0.0	6e-05	4e-05	2e-05	2e-05	0.0	2e-05	4e-05	2e-05	6e-05	0.0	2e-05	4e-05	2e-05	4e-05	6e-05	0.0	0.0	4e-05	0.0001	0.0001	8e-05	4e-05	6e-05	6e-05	0.00012	8e-05	6e-05	2e-05	8e-05	0.00014	0.00028	0.00012	0.00024	0.00022	0.0003	0.00034	0.00042	0.00042	0.00066	0.00108	0.00154	0.00254	0.00398	0.00722	0.01296	0.019	0.02764	0.03884	0.04574	0.05294	0.05136	0.04422	0.03632	0.0255	0.01642	0.00974	0.0055	0.00356	0.00144	0.00096	0.00048	0.00022	0.0002	0.0001	4e-05	4e-05	0.0	2e-05	0.0	0.0	0.0	0.0	0.0	0.0	0.0	0.0	0.0	0.0	
0.0  2500.0  2750.0  2e-05	0.0	0.0	0.0	0.0	0.0	0.0	2e-05	0.0	0.0	0.0	0.0	0.0	0.0	2e-05	0.0	2e-05	0.0	2e-05	0.0	4e-05	0.0	2e-05	2e-05	2e-05	4e-05	2e-05	4e-05	2e-05	0.0	2e-05	8e-05	6e-05	0.0	4e-05	2e-05	6e-05	4e-05	4e-05	2e-05	0.0	4e-05	4e-05	6e-05	8e-05	0.00014	4e-05	6e-05	8e-05	0.0001	8e-05	0.00016	4e-05	0.00016	0.00012	0.00016	8e-05	0.00038	0.0003	0.00034	0.00038	0.00072	0.00096	0.00114	0.00196	0.00326	0.00418	0.00864	0.01316	0.01904	0.02592	0.0359	0.04358	0.04504	0.04652	0.04054	0.0342	0.026	0.01818	0.01192	0.00622	0.004	0.00242	0.00124	0.00062	0.00036	0.00022	0.00018	2e-05	0.0	4e-05	4e-05	2e-05	0.0	0.0	0.0	0.0	2e-05	0.0	
0.0  2750.0  3000.0  0.0	0.0	0.0	0.0	0.0	0.0	0.0	0.0	0.0	0.0	0.0	4e-05	2e-05	0.0	0.0	0.0	0.0	0.0	2e-05	0.0	0.0	2e-05	4e-05	0.0	0.0	2e-05	0.0	2e-05	2e-05	0.0	4e-05	2e-05	2e-05	2e-05	6e-05	8e-05	4e-05	0.0	0.0	8e-05	8e-05	6e-05	0.0	0.00012	2e-05	4e-05	6e-05	0.0001	4e-05	4e-05	0.0001	8e-05	6e-05	6e-05	0.0001	0.00014	0.00018	0.00016	0.00022	0.00018	0.0002	0.0003	0.00032	0.00062	0.00066	0.00106	0.0018	0.00298	0.00428	0.00698	0.011	0.01534	0.02112	0.03006	0.03608	0.04058	0.0424	0.04158	0.0368	0.03126	0.02454	0.01676	0.01174	0.00698	0.00392	0.00262	0.00128	0.00098	0.00044	0.00018	0.00018	0.0001	8e-05	2e-05	0.0	0.0	0.0	0.0	4e-05	
0.0  3000.0  3500.0  0.0	0.0	0.0	0.0	0.0	0.0	0.0	0.0	0.0	0.0	2e-05	0.0	0.0	0.0	0.0	0.0	0.0	2e-05	2e-05	2e-05	0.0	0.0	2e-05	0.0	2e-05	0.0	6e-05	6e-05	2e-05	4e-05	0.0	2e-05	2e-05	4e-05	4e-05	2e-05	2e-05	2e-05	6e-05	6e-05	6e-05	4e-05	6e-05	0.0	4e-05	4e-05	6e-05	4e-05	2e-05	2e-05	4e-05	8e-05	0.00014	8e-05	4e-05	0.0001	0.00012	6e-05	8e-05	0.0001	0.00012	0.00022	0.00024	0.00028	0.00048	0.00044	0.00072	0.001	0.00136	0.00256	0.00312	0.00524	0.00754	0.01148	0.01552	0.02086	0.02624	0.03246	0.03546	0.03708	0.0358	0.03394	0.02834	0.02248	0.0181	0.01286	0.00862	0.00606	0.00386	0.00272	0.00152	0.00104	0.00064	0.00022	0.00014	0.00014	0.0001	4e-05	4e-05	
0.0  3500.0  4000.0  0.0	2e-05	0.0	0.0	0.0	0.0	0.0	0.0	0.0	0.0	0.0	0.0	0.0	0.0	0.0	0.0	0.0	0.0	0.0	2e-05	0.0	0.0	2e-05	2e-05	0.0	0.0	2e-05	4e-05	2e-05	0.0	2e-05	2e-05	0.0	4e-05	0.0	6e-05	4e-05	0.0	4e-05	2e-05	2e-05	2e-05	4e-05	4e-05	4e-05	4e-05	0.0	4e-05	4e-05	8e-05	6e-05	0.0001	6e-05	8e-05	6e-05	6e-05	0.00016	0.0001	0.00016	0.00014	0.00012	0.00012	0.0002	6e-05	0.00018	0.00024	0.00032	0.00038	0.00058	0.00066	0.00084	0.00128	0.0019	0.00242	0.00382	0.00556	0.0082	0.0108	0.01528	0.0197	0.02416	0.02758	0.03124	0.03164	0.03232	0.02998	0.0275	0.02312	0.0192	0.01458	0.01004	0.00776	0.00614	0.00398	0.00222	0.00164	0.00104	0.00062	0.00096	
0.0  4000.0  15000.0  0.0	0.0	0.0	0.0	0.0	2e-05	0.0	0.0	0.0	0.0	4e-05	0.0	0.0	0.0	0.0	0.0	0.0	0.0	0.0	0.0	2e-05	4e-05	0.0	2e-05	0.0	0.0	6e-05	4e-05	0.0	0.0	2e-05	2e-05	2e-05	0.0	0.0	2e-05	0.0	2e-05	2e-05	4e-05	0.0	2e-05	0.0	0.0	8e-05	2e-05	0.0	6e-05	0.0	0.0	2e-05	2e-05	4e-05	6e-05	0.00012	0.0	6e-05	8e-05	8e-05	2e-05	2e-05	6e-05	8e-05	0.00014	6e-05	8e-05	6e-05	0.00026	0.00012	0.00018	0.00036	0.0004	0.00068	0.0008	0.00126	0.00146	0.00214	0.00336	0.0043	0.00582	0.00874	0.01042	0.01308	0.0161	0.01904	0.02172	0.02332	0.02446	0.0262	0.02488	0.0236	0.02046	0.01906	0.01644	0.01356	0.011	0.0081	0.00694	0.0192	
