#===============
# ll~ : mumu
# qq~ : sb~
# FF  : vector
# XY  : LL RR  
# coef : 0 0
# type : Z*Reg
# Nevs : 50000
#===============
#
# XSEC	BIN_MIN	BIN_MAX 	 Kij 
#
1.3211  200.0  300.0  0.0	0.0	0.0	0.00024	0.00062	0.00278	0.05606	0.07904	0.0707	0.05988	0.052	0.0222	0.00024	0.0	0.0	0.0	0.0	0.0	0.0	0.0	0.0	0.0	0.0	0.0	0.0	0.0	0.0	0.0	0.0	0.0	0.0	0.0	0.0	0.0	0.0	0.0	0.0	0.0	0.0	0.0	0.0	0.0	0.0	0.0	
0.44474  300.0  400.0  0.0	0.0	0.0	2e-05	0.00014	0.0002	0.00024	0.00032	0.00072	0.00144	0.00562	0.07656	0.1197	0.10076	0.07708	0.0123	2e-05	0.0	0.0	0.0	0.0	2e-05	0.0	0.0	0.0	0.0	0.0	0.0	0.0	0.0	0.0	0.0	0.0	0.0	0.0	0.0	0.0	0.0	0.0	0.0	0.0	0.0	0.0	0.0	
0.19365  400.0  500.0  0.0	0.0	0.0	8e-05	6e-05	0.0001	6e-05	0.00016	0.00026	0.00026	0.00034	0.00056	0.00108	0.00236	0.02338	0.1396	0.13932	0.09122	0.00904	8e-05	0.0	0.0	0.0	0.0	0.0	0.0	0.0	0.0	0.0	0.0	0.0	0.0	0.0	0.0	0.0	0.0	0.0	0.0	0.0	0.0	0.0	0.0	0.0	0.0	
0.09666  500.0  600.0  0.0	0.0	0.0	8e-05	4e-05	0.0	0.0001	4e-05	0.00014	0.00022	0.00022	0.00026	0.00032	0.00042	0.00066	0.00102	0.00482	0.0561	0.17692	0.14248	0.0333	0.00106	6e-05	0.0	0.0	0.0	0.0	0.0	0.0	0.0	0.0	0.0	0.0	0.0	0.0	0.0	0.0	0.0	0.0	0.0	0.0	0.0	0.0	0.0	
0.05284  600.0  700.0  0.0	0.0	0.0	0.0	0.0	0.0	2e-05	4e-05	4e-05	4e-05	0.00014	0.00022	0.00028	0.0001	0.00034	0.00056	0.0007	0.00146	0.00404	0.03638	0.17546	0.16736	0.03758	0.00118	8e-05	0.0	0.0	0.0	0.0	0.0	0.0	0.0	0.0	0.0	0.0	0.0	0.0	0.0	0.0	0.0	0.0	0.0	0.0	0.0	
0.03076  700.0  800.0  0.0	0.0	0.0	2e-05	2e-05	0.0	4e-05	0.0	6e-05	4e-05	6e-05	8e-05	0.00018	0.00018	0.00028	0.00026	0.00038	0.00044	0.00088	0.00182	0.0058	0.05074	0.202	0.14696	0.0208	0.001	2e-05	0.0	0.0	0.0	0.0	0.0	0.0	0.0	0.0	0.0	0.0	0.0	0.0	0.0	0.0	0.0	0.0	0.0	
0.01876  800.0  900.0  0.0	0.0	0.0	0.0	2e-05	0.0	0.0	6e-05	6e-05	6e-05	0.00014	8e-05	0.00012	0.0001	0.00026	0.0002	0.0003	0.00038	0.00046	0.00092	0.0009	0.00254	0.01456	0.11002	0.21418	0.07718	0.00618	0.00038	0.0	2e-05	0.0	0.0	0.0	0.0	0.0	0.0	0.0	0.0	0.0	0.0	0.0	0.0	0.0	0.0	
0.01189  900.0  1000.0  0.0	0.0	0.0	0.0	0.0	0.0	0.0	0.0	2e-05	2e-05	4e-05	6e-05	6e-05	6e-05	0.00018	0.0001	0.00018	0.00034	0.00032	0.00054	0.00074	0.00138	0.0022	0.00714	0.0562	0.20224	0.14028	0.01992	0.00108	0.0002	2e-05	0.0	0.0	0.0	0.0	0.0	0.0	0.0	0.0	0.0	0.0	0.0	0.0	0.0	
0.01299  1000.0  1200.0  0.0	0.0	2e-05	2e-05	0.0	0.0	0.0	2e-05	0.0	2e-05	2e-05	6e-05	6e-05	6e-05	4e-05	0.0001	0.0001	0.00024	8e-05	0.00036	0.0004	0.00042	0.00074	0.00138	0.00366	0.0218	0.11108	0.16246	0.09902	0.0234	0.00222	0.00018	2e-05	0.0	0.0	0.0	0.0	0.0	0.0	0.0	0.0	0.0	0.0	0.0	
0.00605  1200.0  1400.0  0.0	0.0	2e-05	0.0	0.0	0.0	0.0	0.0	0.0	0.0	2e-05	2e-05	4e-05	8e-05	4e-05	0.00012	6e-05	0.00024	0.0002	0.00026	0.00018	0.00026	0.00032	0.00044	0.00064	0.0013	0.00372	0.0187	0.09148	0.16866	0.10826	0.02786	0.00336	0.0005	0.0001	0.0	0.0	0.0	0.0	0.0	0.0	0.0	0.0	0.0	
0.00302  1400.0  1600.0  0.0	0.0	0.0	0.0	0.0	0.0	0.0	0.0	4e-05	0.0	2e-05	2e-05	2e-05	2e-05	4e-05	0.00012	4e-05	0.00012	0.00018	0.00014	0.00014	0.00018	0.00022	0.00026	0.00036	0.00048	0.00078	0.0019	0.0061	0.02922	0.11066	0.15904	0.09058	0.02204	0.00292	0.0005	6e-05	0.0	0.0	0.0	0.0	0.0	0.0	0.0	
0.00159  1600.0  1800.0  0.0	0.0	0.0	0.0	0.0	0.0	0.0	0.0	4e-05	0.0	2e-05	0.0	2e-05	4e-05	2e-05	6e-05	6e-05	0.0001	0.0	6e-05	0.00014	0.00016	0.00024	0.00014	0.00032	0.0002	0.0004	0.00072	0.00134	0.00314	0.01322	0.05774	0.13948	0.13698	0.0563	0.01146	0.00142	0.0004	0.00012	0.0	0.0	0.0	0.0	0.0	
0.00087  1800.0  2000.0  0.0	0.0	0.0	0.0	2e-05	2e-05	0.0	2e-05	0.0	0.0	0.0	0.0	4e-05	2e-05	6e-05	0.0	6e-05	0.00012	8e-05	4e-05	0.00012	8e-05	0.00014	0.00012	8e-05	0.0002	0.0003	0.0005	0.0005	0.00122	0.0026	0.00882	0.03648	0.10118	0.1443	0.08616	0.02458	0.00448	0.0006	0.00018	2e-05	2e-05	0.0	0.0	
0.00058  2000.0  2250.0  0.0	0.0	0.0	0.0	0.0	0.0	0.0	0.0	2e-05	0.0	0.0	0.0	0.0	0.0	0.0	0.0001	0.0001	8e-05	4e-05	0.0001	0.00018	8e-05	0.00014	0.0001	0.00016	0.0003	0.00036	0.00042	0.00028	0.00066	0.00122	0.0021	0.00714	0.02658	0.07874	0.12838	0.10756	0.0449	0.0123	0.0023	0.0004	0.00012	2e-05	0.0	
0.0003  2250.0  2500.0  0.0	0.0	0.0	0.0	0.0	0.0	0.0	0.0	0.0	0.0	0.0	0.0	2e-05	0.0	2e-05	2e-05	0.0	0.0	6e-05	6e-05	4e-05	4e-05	0.0001	6e-05	0.00014	0.0001	0.00018	0.00024	0.0003	0.00048	0.00064	0.00084	0.00212	0.00552	0.0186	0.05448	0.10466	0.11616	0.0689	0.02332	0.00522	0.00114	0.0003	8e-05	
0.00016  2500.0  2750.0  0.0	0.0	0.0	2e-05	0.0	0.0	0.0	0.0	0.0	0.0	2e-05	0.0	2e-05	0.0	0.0	0.0	0.0	4e-05	2e-05	2e-05	6e-05	4e-05	6e-05	0.0001	6e-05	0.00016	0.00014	0.00012	0.00028	0.00036	0.00032	0.0005	0.00096	0.00214	0.00536	0.01628	0.04454	0.08754	0.10924	0.07948	0.03388	0.01042	0.00264	0.00054	
9e-05  2750.0  3000.0  0.0	0.0	0.0	0.0	0.0	0.0	0.0	2e-05	4e-05	0.0	0.0	0.0	0.0	0.0	2e-05	0.0	0.0	2e-05	0.0	4e-05	0.0	6e-05	6e-05	0.00016	0.00012	0.00014	0.00016	0.0002	0.00024	0.00016	0.0003	0.00052	0.00036	0.0008	0.00242	0.00554	0.0161	0.04352	0.07858	0.10256	0.08054	0.03892	0.0137	0.00376	
7e-05  3000.0  3500.0  0.0	0.0	0.0	0.0	0.0	2e-05	0.0	0.0	0.0	0.0	0.0	0.0	0.0	0.0	0.0	0.0	0.0	4e-05	0.0	2e-05	8e-05	8e-05	0.0001	6e-05	6e-05	8e-05	0.0001	8e-05	0.00014	0.00022	0.00016	0.0002	0.00028	0.0006	0.00102	0.00192	0.00524	0.01512	0.03462	0.06694	0.087	0.0812	0.05052	0.02536	
3e-05  3500.0  4000.0  0.0	0.0	0.0	0.0	0.0	0.0	2e-05	0.0	0.0	2e-05	2e-05	0.0	0.0	2e-05	2e-05	0.0	2e-05	0.0	0.0	0.0	0.0	6e-05	4e-05	6e-05	6e-05	8e-05	4e-05	0.00012	0.00014	0.00018	0.00018	0.00014	0.00024	0.00042	0.00032	0.00074	0.00152	0.00392	0.00886	0.02094	0.03978	0.06368	0.07616	0.06668	
1e-05  4000.0  15000.0  0.0	0.0	0.0	0.0	0.0	0.0	0.0	0.0	0.0	0.0	0.0	2e-05	0.0	0.0	0.0	0.0	0.0	0.0	2e-05	2e-05	2e-05	2e-05	0.0	2e-05	4e-05	6e-05	0.0001	6e-05	6e-05	6e-05	6e-05	0.0001	0.00012	0.00014	0.00016	0.00036	0.00046	0.00114	0.00246	0.00504	0.01184	0.0236	0.0377	0.0539	
