#===============
# ll~ : mumu
# qq~ : cu~
# FF  : vector
# XY  : LL RR  
# coef : 0 0
# type : Reg*Reg
# Nevs : 50000
#===============
#
# XSEC	BIN_MIN	BIN_MAX 	 Kij 
#
27.37  200.0  300.0  0.0	0.0	0.0	0.00032	0.00056	0.00238	0.03816	0.0632	0.06844	0.07284	0.07462	0.0335	0.00026	0.0	0.0	2e-05	0.0	0.0	0.0	0.0	0.0	0.0	0.0	0.0	0.0	0.0	0.0	0.0	0.0	0.0	0.0	0.0	0.0	0.0	0.0	0.0	0.0	0.0	0.0	0.0	0.0	0.0	0.0	0.0	
20.776  300.0  400.0  0.0	0.0	0.0	4e-05	0.0001	0.00016	0.00022	0.00032	0.00066	0.00086	0.00432	0.06088	0.10862	0.11138	0.09806	0.01648	0.00012	0.0	0.0	0.0	0.0	0.0	0.0	0.0	0.0	0.0	0.0	0.0	0.0	0.0	0.0	0.0	0.0	0.0	0.0	0.0	0.0	0.0	0.0	0.0	0.0	0.0	0.0	0.0	
15.9286  400.0  500.0  0.0	0.0	0.0	0.0	2e-05	6e-05	6e-05	6e-05	0.00016	0.00026	0.00032	0.00054	0.001	0.00256	0.0206	0.12744	0.1453	0.1117	0.01254	0.00024	0.0	0.0	0.0	0.0	0.0	0.0	0.0	0.0	0.0	0.0	0.0	0.0	0.0	0.0	0.0	0.0	0.0	0.0	0.0	0.0	0.0	0.0	0.0	0.0	
12.3522  500.0  600.0  0.0	0.0	0.0	2e-05	0.0	4e-05	0.0	4e-05	0.00012	0.00014	0.00016	0.0003	0.00036	0.00036	0.00076	0.00112	0.0045	0.04978	0.1714	0.15706	0.04202	0.00108	6e-05	2e-05	0.0	0.0	0.0	0.0	0.0	0.0	0.0	0.0	0.0	0.0	0.0	0.0	0.0	0.0	0.0	0.0	0.0	0.0	0.0	0.0	
9.6696  600.0  700.0  0.0	0.0	0.0	2e-05	0.0	2e-05	0.0	2e-05	4e-05	0.00014	8e-05	0.00012	0.00026	0.0003	0.0003	0.00038	0.00076	0.00114	0.00392	0.03164	0.17396	0.17856	0.04228	0.0016	2e-05	0.0	0.0	0.0	0.0	0.0	0.0	0.0	0.0	0.0	0.0	0.0	0.0	0.0	0.0	0.0	0.0	0.0	0.0	0.0	
7.6308  700.0  800.0  0.0	0.0	0.0	0.0	0.0	2e-05	0.0	4e-05	0.0	6e-05	4e-05	8e-05	0.00016	0.00016	0.00028	0.0003	0.00066	0.00052	0.0009	0.00168	0.00578	0.0496	0.19778	0.15648	0.02242	0.00078	6e-05	0.0	0.0	0.0	0.0	0.0	0.0	0.0	0.0	0.0	0.0	0.0	0.0	0.0	0.0	0.0	0.0	0.0	
6.0664  800.0  900.0  0.0	0.0	0.0	0.0	0.0	0.0	2e-05	8e-05	4e-05	4e-05	6e-05	8e-05	8e-05	0.00024	0.0002	0.0002	0.0003	0.00038	0.00066	0.00066	0.0013	0.0024	0.01412	0.10976	0.21976	0.0828	0.00598	0.00036	2e-05	0.0	0.0	0.0	0.0	0.0	0.0	0.0	0.0	0.0	0.0	0.0	0.0	0.0	0.0	0.0	
4.856  900.0  1000.0  0.0	0.0	0.0	0.0	4e-05	2e-05	2e-05	0.0	2e-05	2e-05	2e-05	6e-05	8e-05	0.0001	0.00018	0.00026	0.0003	0.00014	0.0003	0.00038	0.00064	0.00094	0.0021	0.00704	0.0504	0.20258	0.14994	0.01968	0.00114	2e-05	2e-05	0.0	0.0	0.0	0.0	0.0	0.0	0.0	0.0	0.0	0.0	0.0	0.0	0.0	
7.0654  1000.0  1200.0  0.0	0.0	0.0	0.0	0.0	2e-05	2e-05	6e-05	2e-05	2e-05	2e-05	8e-05	6e-05	2e-05	0.00014	0.00012	8e-05	0.00026	0.00024	0.00032	0.00032	0.00036	0.00078	0.00132	0.00346	0.0209	0.10348	0.16674	0.11248	0.0274	0.00212	0.00018	2e-05	0.0	0.0	0.0	0.0	0.0	0.0	0.0	0.0	0.0	0.0	0.0	
4.6562  1200.0  1400.0  0.0	0.0	0.0	4e-05	0.0	0.0	0.0	2e-05	2e-05	0.0	6e-05	4e-05	2e-05	2e-05	4e-05	0.00024	0.00016	0.00012	0.0001	0.00032	0.00028	0.00034	0.00044	0.0006	0.00076	0.00122	0.00338	0.01774	0.0872	0.16778	0.11832	0.03266	0.00344	0.00032	0.0	0.0	0.0	0.0	0.0	0.0	0.0	0.0	0.0	0.0	
3.114  1400.0  1600.0  0.0	0.0	0.0	0.0	0.0	0.0	2e-05	0.0	0.0	4e-05	4e-05	4e-05	6e-05	2e-05	4e-05	0.00016	6e-05	6e-05	0.00014	0.00012	0.00014	0.00018	0.0002	0.00034	0.00044	0.00054	0.00092	0.0018	0.00512	0.02662	0.10872	0.16812	0.09426	0.02268	0.00316	0.0002	4e-05	0.0	0.0	0.0	0.0	0.0	0.0	0.0	
2.1052  1600.0  1800.0  0.0	0.0	0.0	0.0	0.0	0.0	0.0	4e-05	0.0	2e-05	0.0	4e-05	4e-05	0.0001	2e-05	4e-05	8e-05	6e-05	0.00012	0.0001	0.00024	0.00024	0.00012	0.00018	0.00032	0.00028	0.00042	0.00072	0.0015	0.0028	0.01288	0.05554	0.14	0.1409	0.0587	0.0109	0.00176	0.00022	0.0	2e-05	0.0	0.0	0.0	0.0	
1.43618  1800.0  2000.0  0.0	0.0	0.0	0.0	0.0	2e-05	0.0	0.0	0.0	0.0	2e-05	2e-05	2e-05	0.0	2e-05	0.0	2e-05	8e-05	8e-05	4e-05	0.00012	2e-05	0.00014	0.00026	0.00014	0.00026	0.00028	0.00038	0.0006	0.00134	0.00208	0.00818	0.03544	0.10606	0.1477	0.08908	0.02816	0.0039	0.00062	8e-05	4e-05	0.0	0.0	0.0	
1.18252  2000.0  2250.0  0.0	0.0	0.0	0.0	0.0	0.0	0.0	0.0	0.0	0.0	0.0	0.0	2e-05	4e-05	0.0	0.0	4e-05	2e-05	0.0	4e-05	0.00012	0.0001	0.00018	0.00014	0.00018	0.00018	0.00028	0.00028	0.00036	0.00056	0.00062	0.0017	0.00564	0.02426	0.0771	0.13188	0.1129	0.04786	0.01174	0.00244	0.0002	0.0001	0.0	0.0	
0.74686  2250.0  2500.0  0.0	0.0	0.0	0.0	0.0	0.0	0.0	0.0	0.0	0.0	2e-05	0.0	4e-05	0.0	4e-05	6e-05	4e-05	4e-05	6e-05	0.0001	8e-05	8e-05	0.00014	0.00024	8e-05	0.00016	0.0003	0.0002	0.0004	0.00044	0.0005	0.0008	0.00142	0.00482	0.01714	0.05468	0.11134	0.12104	0.0708	0.02508	0.00544	0.00114	0.00014	4e-05	
0.47496  2500.0  2750.0  0.0	0.0	0.0	0.0	0.0	0.0	0.0	4e-05	0.0	0.0	2e-05	2e-05	0.0	0.0	0.0	0.0	4e-05	6e-05	8e-05	4e-05	8e-05	0.0001	2e-05	4e-05	0.00014	0.00014	0.0003	0.00022	0.0004	0.00034	0.00026	0.00056	0.00066	0.00138	0.00484	0.01494	0.04524	0.09126	0.11352	0.0808	0.03474	0.00964	0.002	0.00056	
0.30344  2750.0  3000.0  0.0	0.0	0.0	0.0	0.0	0.0	0.0	0.0	0.0	2e-05	2e-05	0.0	2e-05	0.0	0.0	2e-05	2e-05	4e-05	0.0	0.0001	2e-05	6e-05	2e-05	0.0001	8e-05	0.00012	4e-05	0.0001	0.00024	0.00018	0.00022	0.00032	0.00052	0.00076	0.00184	0.00516	0.01534	0.04386	0.08252	0.10588	0.08174	0.04288	0.01374	0.0032	
0.31958  3000.0  3500.0  0.0	0.0	0.0	0.0	2e-05	0.0	2e-05	2e-05	0.0	0.0	0.0	0.0	0.0	0.0	2e-05	4e-05	2e-05	2e-05	2e-05	4e-05	2e-05	6e-05	6e-05	4e-05	4e-05	8e-05	0.0001	0.00016	8e-05	0.0001	0.0002	0.00024	0.00034	0.00052	0.00072	0.00138	0.0047	0.01328	0.033	0.0648	0.0863	0.08368	0.05488	0.0259	
0.13166  3500.0  4000.0  0.0	0.0	0.0	4e-05	0.0	2e-05	2e-05	0.0	0.0	0.0	2e-05	0.0	0.0	0.0	0.0	0.0	0.0	0.0	2e-05	4e-05	0.0	4e-05	0.0	6e-05	4e-05	6e-05	6e-05	0.0001	0.00012	0.0001	0.0002	0.00022	0.0003	0.00024	0.00038	0.00058	0.00128	0.00318	0.00722	0.02018	0.04146	0.06618	0.07672	0.06892	
0.09162  4000.0  15000.0  0.0	0.0	0.0	0.0	0.0	2e-05	0.0	0.0	2e-05	2e-05	0.0	0.0	2e-05	0.0	0.0	0.0	0.0	0.0	0.0	2e-05	4e-05	4e-05	2e-05	2e-05	2e-05	6e-05	6e-05	2e-05	0.0	4e-05	0.0001	8e-05	0.0001	8e-05	0.0002	0.00024	0.00054	0.00086	0.00202	0.00488	0.01206	0.02294	0.0378	0.05274	
