#===============
# ll~ : mumu
# qq~ : sd~
# FF  : vector
# XY  : LL RR  
# coef : 0 0
# type : Z*Reg
# Nevs : 50000
#===============
#
# XSEC	BIN_MIN	BIN_MAX 	 Kij 
#
3.5828  200.0  300.0  0.0	0.0	8e-05	0.00034	0.0006	0.00308	0.05406	0.0771	0.07182	0.0597	0.05336	0.02214	0.00024	0.0	0.0	0.0	0.0	0.0	0.0	0.0	0.0	0.0	0.0	0.0	0.0	0.0	0.0	0.0	0.0	0.0	0.0	0.0	0.0	0.0	0.0	0.0	0.0	0.0	0.0	0.0	0.0	0.0	0.0	0.0	
1.2783  300.0  400.0  0.0	0.0	2e-05	6e-05	0.00014	0.00014	0.00016	0.00028	0.00066	0.00112	0.006	0.07392	0.11896	0.10126	0.0786	0.01252	0.00014	0.0	0.0	0.0	0.0	0.0	0.0	0.0	0.0	0.0	0.0	0.0	0.0	0.0	0.0	0.0	0.0	0.0	0.0	0.0	0.0	0.0	0.0	0.0	0.0	0.0	0.0	0.0	
0.58488  400.0  500.0  0.0	0.0	2e-05	6e-05	0.0	4e-05	0.0001	0.00016	0.00018	0.0003	0.00042	0.00062	0.00104	0.00242	0.02488	0.14138	0.14428	0.09628	0.00978	0.0001	0.0	0.0	0.0	0.0	0.0	0.0	0.0	0.0	0.0	0.0	0.0	0.0	0.0	0.0	0.0	0.0	0.0	0.0	0.0	0.0	0.0	0.0	0.0	0.0	
0.30569  500.0  600.0  0.0	0.0	0.0	0.0	4e-05	0.0	8e-05	8e-05	0.00022	0.00018	0.00024	0.00018	0.00044	0.00064	0.0009	0.00114	0.00548	0.05894	0.17792	0.14606	0.03566	0.00086	0.0	0.0	0.0	0.0	0.0	0.0	0.0	0.0	0.0	0.0	0.0	0.0	0.0	0.0	0.0	0.0	0.0	0.0	0.0	0.0	0.0	0.0	
0.17377  600.0  700.0  0.0	0.0	0.0	2e-05	4e-05	8e-05	0.0	4e-05	4e-05	4e-05	0.00014	0.00016	0.00014	0.00036	0.00054	0.0006	0.00094	0.00108	0.00358	0.03544	0.18054	0.17052	0.03956	0.00132	0.0	0.0	0.0	0.0	0.0	0.0	0.0	0.0	0.0	0.0	0.0	0.0	0.0	0.0	0.0	0.0	0.0	0.0	0.0	0.0	
0.10484  700.0  800.0  0.0	0.0	0.0	4e-05	4e-05	2e-05	0.0	2e-05	6e-05	6e-05	6e-05	0.00018	0.0001	0.0003	0.00022	0.00044	0.00038	0.0006	0.001	0.0018	0.00552	0.05204	0.20456	0.1506	0.02012	0.00066	6e-05	0.0	0.0	0.0	0.0	0.0	0.0	0.0	0.0	0.0	0.0	0.0	0.0	0.0	0.0	0.0	0.0	0.0	
0.06606  800.0  900.0  0.0	0.0	0.0	4e-05	0.0	0.0	4e-05	2e-05	0.0	2e-05	4e-05	6e-05	0.00012	6e-05	0.00018	0.0003	0.00028	0.00048	0.00048	0.00076	0.00108	0.00244	0.01472	0.11336	0.22058	0.07892	0.00532	0.0004	2e-05	0.0	0.0	0.0	0.0	0.0	0.0	0.0	0.0	0.0	0.0	0.0	0.0	0.0	0.0	0.0	
0.0431  900.0  1000.0  0.0	0.0	0.0	4e-05	2e-05	2e-05	6e-05	0.0	2e-05	0.0	2e-05	4e-05	6e-05	8e-05	0.0001	0.0001	0.0002	0.00032	0.00038	0.00046	0.00088	0.00128	0.00192	0.00678	0.05544	0.20998	0.14574	0.01948	0.00112	0.0001	2e-05	0.0	0.0	0.0	0.0	0.0	0.0	0.0	0.0	0.0	0.0	0.0	0.0	0.0	
0.0487  1000.0  1200.0  0.0	0.0	0.0	0.0	0.0	0.0	2e-05	4e-05	0.0	2e-05	4e-05	6e-05	4e-05	0.00022	6e-05	0.00018	0.00016	0.00022	0.00032	0.00024	0.00026	0.00054	0.00088	0.00104	0.00336	0.02096	0.11232	0.16932	0.1033	0.024	0.0018	0.00016	0.0	0.0	0.0	2e-05	0.0	0.0	0.0	0.0	0.0	0.0	0.0	0.0	
0.02363  1200.0  1400.0  0.0	0.0	2e-05	0.0	2e-05	2e-05	2e-05	0.0	0.0	0.0	0.0	0.0	6e-05	6e-05	4e-05	0.00016	0.0001	8e-05	0.00012	0.00012	0.00022	0.00036	0.00046	0.00062	0.00068	0.00126	0.00322	0.01776	0.09406	0.1767	0.11442	0.02762	0.00308	0.00024	6e-05	2e-05	0.0	0.0	0.0	0.0	0.0	0.0	0.0	0.0	
0.01216  1400.0  1600.0  0.0	0.0	0.0	0.0	2e-05	0.0	2e-05	0.0	0.0	4e-05	2e-05	2e-05	2e-05	2e-05	2e-05	4e-05	0.00016	0.00014	6e-05	0.00014	0.00018	0.00018	0.0002	0.00034	0.00054	0.00054	0.00078	0.00174	0.0048	0.02638	0.11298	0.16856	0.09294	0.02038	0.003	0.00034	6e-05	2e-05	0.0	0.0	0.0	0.0	0.0	0.0	
0.00653  1600.0  1800.0  0.0	0.0	0.0	0.0	0.0	0.0	0.0	2e-05	4e-05	0.0	0.0	2e-05	2e-05	8e-05	0.0	2e-05	0.00012	8e-05	0.00012	6e-05	8e-05	0.0002	0.0002	0.00028	0.00022	0.00032	0.0004	0.00072	0.00128	0.00312	0.0122	0.05608	0.14278	0.14122	0.05548	0.0099	0.00186	0.0003	2e-05	2e-05	0.0	0.0	0.0	0.0	
0.00363  1800.0  2000.0  0.0	0.0	0.0	0.0	0.0	2e-05	0.0	0.0	0.0	0.0	0.0	0.0	2e-05	2e-05	0.0	0.0	4e-05	4e-05	6e-05	0.0001	6e-05	0.00014	0.00014	0.00022	0.00028	0.00014	0.00038	0.00054	0.00052	0.001	0.00236	0.00852	0.03568	0.10754	0.1478	0.08724	0.0247	0.00444	0.00078	0.0001	2e-05	2e-05	0.0	0.0	
0.00243  2000.0  2250.0  0.0	0.0	0.0	0.0	0.0	0.0	2e-05	0.0	0.0	0.0	0.0	0.0	2e-05	2e-05	2e-05	0.0	2e-05	6e-05	6e-05	8e-05	4e-05	0.0001	0.0001	0.0001	0.00018	0.0001	0.00024	0.00018	0.00042	0.00062	0.00102	0.00212	0.00694	0.02562	0.0782	0.13196	0.11146	0.04558	0.01152	0.00176	0.00034	4e-05	0.0	0.0	
0.00124  2250.0  2500.0  0.0	0.0	0.0	0.0	0.0	0.0	0.0	0.0	0.0	0.0	0.0	0.0	0.0	2e-05	2e-05	2e-05	0.0	2e-05	2e-05	2e-05	4e-05	0.0001	4e-05	2e-05	0.00022	0.00022	0.00022	0.00014	0.0003	0.00038	0.00048	0.00062	0.00186	0.00534	0.0178	0.05598	0.10796	0.11722	0.0674	0.02396	0.00606	0.00096	0.00026	6e-05	
0.00065  2500.0  2750.0  0.0	0.0	0.0	0.0	0.0	2e-05	0.0	0.0	0.0	0.0	2e-05	2e-05	4e-05	2e-05	0.0001	0.0	0.0	4e-05	2e-05	0.0	2e-05	4e-05	2e-05	0.00014	6e-05	0.00016	0.00016	0.00014	0.00026	0.00034	0.00026	0.00058	0.00096	0.00196	0.00498	0.01554	0.04514	0.09256	0.11164	0.0785	0.0362	0.00992	0.00214	0.00054	
0.00035  2750.0  3000.0  0.0	0.0	0.0	0.0	0.0	0.0	0.0	2e-05	0.0	0.0	0.0	2e-05	0.0	0.0	0.0	2e-05	4e-05	4e-05	2e-05	8e-05	2e-05	8e-05	4e-05	0.00012	0.0001	4e-05	0.00014	0.0001	6e-05	0.00032	0.0003	0.00044	0.00044	0.00118	0.0021	0.0058	0.01634	0.0423	0.08044	0.10272	0.08018	0.04048	0.01312	0.00362	
0.00029  3000.0  3500.0  0.0	0.0	0.0	0.0	0.0	0.0	2e-05	0.0	0.0	0.0	4e-05	0.0	2e-05	0.0	0.0	2e-05	0.0	2e-05	4e-05	2e-05	0.00012	0.0	8e-05	8e-05	0.0001	0.0001	6e-05	0.0002	0.00016	0.00012	0.00012	0.00036	0.00032	0.00062	0.00102	0.00228	0.00568	0.015	0.03468	0.06476	0.08538	0.0782	0.05128	0.02468	
9e-05  3500.0  4000.0  0.0	0.0	0.0	0.0	0.0	0.0	0.0	0.0	0.0	2e-05	0.0	0.0	2e-05	0.0	0.0	0.0	0.0	0.0	2e-05	0.0	2e-05	4e-05	4e-05	4e-05	2e-05	0.0001	0.0	0.00012	6e-05	0.00014	0.00014	0.0001	0.00024	0.00022	0.00048	0.0007	0.00152	0.00384	0.00978	0.02114	0.04382	0.0641	0.07536	0.06504	
4e-05  4000.0  15000.0  0.0	0.0	0.0	0.0	0.0	0.0	0.0	0.0	0.0	2e-05	0.0	0.0	0.0	0.0	0.0	0.0	2e-05	2e-05	0.0	2e-05	2e-05	4e-05	8e-05	0.0	0.0	6e-05	4e-05	6e-05	0.00012	2e-05	6e-05	8e-05	0.00012	0.00016	0.0002	0.00028	0.00082	0.00132	0.00286	0.00634	0.01318	0.02394	0.03862	0.054	
