#===============
# ll~ : mumu
# qq~ : uu~
# FF  : vector
# XY  : LL RR  
# coef : 0 1
# type : Z*Reg
# Nevs : 50000
#===============
#
# XSEC	BIN_MIN	BIN_MAX 	 Kij 
#
-4.7271  200.0  300.0  0.0	0.0	0.0	0.0004	0.00072	0.00246	0.0345	0.0574	0.06018	0.06678	0.06722	0.03178	0.00076	0.0	0.0	0.0	0.0	0.0	0.0	0.0	0.0	0.0	0.0	0.0	0.0	0.0	0.0	0.0	0.0	0.0	0.0	0.0	0.0	0.0	0.0	0.0	0.0	0.0	0.0	0.0	0.0	0.0	0.0	0.0	
-4.0744  300.0  400.0  0.0	0.0	2e-05	2e-05	4e-05	0.0002	0.00026	0.00038	0.00066	0.00108	0.00502	0.05298	0.09568	0.10538	0.09208	0.01856	0.00054	0.0	0.0	0.0	0.0	0.0	0.0	0.0	0.0	0.0	0.0	0.0	0.0	0.0	0.0	0.0	0.0	0.0	0.0	0.0	0.0	0.0	0.0	0.0	0.0	0.0	0.0	0.0	
-3.6338  400.0  500.0  0.0	0.0	0.0	2e-05	2e-05	6e-05	8e-05	0.00014	0.00026	0.00034	0.00038	0.00048	0.0009	0.00268	0.02318	0.1123	0.13834	0.10622	0.01562	0.00064	2e-05	0.0	0.0	0.0	0.0	0.0	0.0	0.0	0.0	0.0	0.0	0.0	0.0	0.0	0.0	0.0	0.0	0.0	0.0	0.0	0.0	0.0	0.0	0.0	
-3.2643  500.0  600.0  0.0	0.0	0.0	0.0	2e-05	4e-05	2e-05	4e-05	6e-05	0.00018	0.00024	0.00038	0.0003	0.0006	0.00088	0.00124	0.0058	0.05086	0.16064	0.15478	0.0465	0.00304	8e-05	0.0	0.0	0.0	0.0	0.0	0.0	0.0	0.0	0.0	0.0	0.0	0.0	0.0	0.0	0.0	0.0	0.0	0.0	0.0	0.0	0.0	
-2.9409  600.0  700.0  0.0	0.0	0.0	0.0	6e-05	2e-05	0.0	0.0001	4e-05	0.0001	0.00016	0.00012	0.00034	0.00016	0.00038	0.00048	0.00072	0.0013	0.0054	0.03922	0.164	0.1745	0.05048	0.00462	0.00032	6e-05	0.0	0.0	0.0	0.0	0.0	0.0	0.0	0.0	0.0	0.0	0.0	0.0	0.0	0.0	0.0	0.0	0.0	0.0	
-2.6489  700.0  800.0  0.0	0.0	0.0	0.0	2e-05	2e-05	2e-05	0.0	4e-05	8e-05	0.0001	0.00012	0.00016	0.00024	0.00032	0.00028	0.00044	0.00054	0.001	0.00178	0.00798	0.05648	0.1903	0.16094	0.03136	0.00284	0.00042	0.0	0.0	0.0	0.0	0.0	0.0	0.0	0.0	0.0	0.0	0.0	0.0	0.0	0.0	0.0	0.0	0.0	
-2.3835  800.0  900.0  0.0	0.0	0.0	2e-05	2e-05	4e-05	0.0	2e-05	0.0	6e-05	6e-05	0.00012	0.00014	0.00028	0.00024	0.0002	0.00034	0.00034	0.00028	0.0006	0.00166	0.00364	0.02124	0.11038	0.21234	0.09154	0.0113	0.00126	8e-05	4e-05	0.0	0.0	0.0	0.0	0.0	0.0	0.0	0.0	0.0	0.0	0.0	0.0	0.0	0.0	
-2.1458  900.0  1000.0  0.0	0.0	0.0	0.0	4e-05	0.0	0.0	0.0	4e-05	6e-05	4e-05	8e-05	6e-05	0.0002	0.00016	0.00022	0.00016	0.00026	0.00042	0.00034	0.00096	0.00126	0.0031	0.01108	0.0649	0.19142	0.1539	0.02948	0.00408	0.00058	0.0	2e-05	0.0	0.0	0.0	0.0	0.0	0.0	0.0	0.0	0.0	0.0	0.0	0.0	
-3.659  1000.0  1200.0  0.0	0.0	0.0	0.0	0.0	0.0	0.0	0.0	8e-05	0.0	2e-05	4e-05	6e-05	6e-05	4e-05	6e-05	0.00022	0.00022	0.00022	0.0002	0.0003	0.00068	0.00118	0.0018	0.00496	0.02608	0.09958	0.1669	0.11926	0.03506	0.00514	0.0006	0.00014	2e-05	0.0	0.0	0.0	0.0	0.0	0.0	0.0	0.0	0.0	0.0	
-2.944  1200.0  1400.0  0.0	0.0	0.0	0.0	0.0	0.0	0.0	0.0	2e-05	4e-05	0.0	4e-05	0.0	2e-05	0.0001	0.0001	4e-05	0.00018	0.00014	4e-05	0.00034	0.00016	0.00038	0.00048	0.00082	0.00208	0.00562	0.022	0.08962	0.1655	0.12656	0.03852	0.00636	0.00118	0.0002	6e-05	0.0	0.0	0.0	0.0	0.0	0.0	0.0	0.0	
-2.3607  1400.0  1600.0  0.0	0.0	0.0	0.0	0.0	0.0	0.0	0.0	0.0	0.0	0.0	2e-05	0.0	4e-05	6e-05	0.00012	0.0001	0.00014	8e-05	8e-05	0.00032	8e-05	0.00014	0.00026	0.00052	0.00058	0.00096	0.00242	0.00762	0.03274	0.10852	0.16384	0.10196	0.02742	0.00548	0.001	0.0001	4e-05	0.0	0.0	0.0	0.0	0.0	0.0	
-1.8836  1600.0  1800.0  0.0	0.0	0.0	0.0	0.0	0.0	0.0	0.0	0.0	0.0	2e-05	4e-05	0.0	0.0	6e-05	4e-05	0.0001	6e-05	0.00018	0.00016	0.00016	0.00024	0.00016	0.00032	0.00014	0.00036	0.00054	0.00074	0.0016	0.00374	0.01566	0.06008	0.13882	0.13912	0.06464	0.01558	0.00238	0.00046	4e-05	0.0	0.0	0.0	0.0	0.0	
-1.4971  1800.0  2000.0  0.0	0.0	0.0	0.0	0.0	0.0	0.0	0.0	0.0	2e-05	0.0	0.0	2e-05	8e-05	2e-05	4e-05	2e-05	8e-05	0.00012	8e-05	0.00014	0.0001	0.00012	0.0002	0.00018	0.00022	0.00024	0.00052	0.00048	0.0011	0.0029	0.00996	0.04004	0.10486	0.14576	0.09306	0.02902	0.00654	0.00112	0.00032	4e-05	0.0	0.0	0.0	
-1.441  2000.0  2250.0  0.0	0.0	0.0	0.0	0.0	0.0	0.0	0.0	2e-05	4e-05	0.0	0.0	0.0	0.0	2e-05	4e-05	2e-05	6e-05	4e-05	4e-05	0.00012	4e-05	6e-05	0.00016	0.00016	0.00016	0.0002	0.00024	0.00026	0.00072	0.00126	0.00244	0.00774	0.02774	0.07876	0.12944	0.1106	0.05166	0.01466	0.0035	0.0006	0.00014	0.0	0.0	
-1.0702  2250.0  2500.0  0.0	0.0	0.0	0.0	0.0	0.0	0.0	0.0	0.0	2e-05	0.0	0.0	0.0	0.0	0.0	2e-05	2e-05	4e-05	2e-05	2e-05	2e-05	8e-05	8e-05	0.00016	0.00026	0.00018	0.0001	0.00024	0.0002	0.00048	0.00062	0.00108	0.00164	0.00526	0.0199	0.05776	0.10702	0.11684	0.07252	0.0267	0.0069	0.00128	0.00044	0.00012	
-0.79049  2500.0  2750.0  0.0	0.0	0.0	0.0	0.0	0.0	0.0	0.0	0.0	0.0	0.0	2e-05	0.0	0.0	0.0	0.0	2e-05	0.0	4e-05	4e-05	6e-05	6e-05	6e-05	6e-05	6e-05	0.00012	0.00018	0.00032	0.00018	0.00014	0.00038	0.00066	0.00096	0.00202	0.00498	0.01556	0.04784	0.0908	0.11126	0.08164	0.0375	0.01134	0.00272	0.00044	
-0.5804  2750.0  3000.0  0.0	0.0	0.0	0.0	2e-05	0.0	0.0	0.0	0.0	0.0	2e-05	0.0	4e-05	0.0	4e-05	2e-05	4e-05	6e-05	0.0	2e-05	4e-05	6e-05	2e-05	8e-05	6e-05	0.00014	0.0002	0.0001	0.00036	0.00018	0.00018	0.00034	0.00046	0.001	0.00182	0.0057	0.01746	0.04266	0.08298	0.10538	0.08342	0.04334	0.01498	0.00406	
-0.7308  3000.0  3500.0  0.0	0.0	0.0	0.0	0.0	0.0	0.0	0.0	0.0	2e-05	0.0	2e-05	2e-05	2e-05	0.0	0.0	0.0	0.0	4e-05	2e-05	2e-05	6e-05	6e-05	0.0001	0.0001	0.0001	0.00014	0.00012	0.00012	0.00016	0.00012	0.00024	0.00036	0.00046	0.00086	0.00202	0.00436	0.01366	0.03236	0.06476	0.08788	0.08174	0.05312	0.02594	
-0.37894  3500.0  4000.0  0.0	0.0	0.0	0.0	0.0	0.0	0.0	0.0	0.0	0.0	0.0	2e-05	0.0	0.0	0.0	0.0	0.0	4e-05	2e-05	6e-05	0.0	2e-05	6e-05	4e-05	4e-05	4e-05	4e-05	6e-05	0.00012	0.00018	0.00014	0.00024	0.00016	0.00038	0.00038	0.00062	0.00112	0.00312	0.0082	0.02082	0.04124	0.06646	0.07346	0.06712	
-0.36442  4000.0  15000.0  0.0	0.0	0.0	0.0	0.0	0.0	0.0	0.0	0.0	0.0	0.0	0.0	2e-05	2e-05	0.0	2e-05	0.0	2e-05	0.0	4e-05	2e-05	4e-05	0.0	4e-05	0.00012	0.0001	2e-05	0.00014	0.0001	8e-05	8e-05	0.0001	8e-05	0.00012	0.00018	0.0001	0.00038	0.00072	0.00168	0.0043	0.01106	0.02086	0.03628	0.04964	
