#===============
# Ref : 1903.06248
# Experiment : ATLAS
# ll~ : mumu
# qq~ : cc~
# FF  : vector
# XY  :  LL LR RL RR
# coef : 00
# type : A*Reg
# Nevs : 50000
#===============
#
# XSEC	BIN_MIN	BIN_MAX 	 Kij 
# 225.0 232.51 240.271 248.291 256.579 265.143 273.994 283.139 292.59 302.357 312.449 322.878 333.656 344.793 356.302 368.195 380.485 393.185 406.309 419.872 433.887 448.369 463.336 478.801 494.783 511.299 528.365 546.002 564.227 583.06 602.522 622.634 643.417 664.894 687.087 710.022 733.722 758.213 783.521 809.674 836.7 864.629 893.489 923.313 954.133 985.981 1018.89 1052.9 1088.05 1124.36 1161.9 1200.68 1240.76 1282.17 1324.97 1369.2 1414.9 1462.13 1510.93 1561.36 1613.48 1667.34 1722.99 1780.5 1839.94 1901.35 1964.82 2030.4 2098.17 2168.21 2240.58 2315.37 2392.65 2472.52 2555.05 2640.34 2728.47 2819.54 2913.66 3010.91 3111.41 3215.27 3322.59 3433.5 3548.1 3666.54 3788.92 3915.39 4046.09 4181.14 4320.7 4464.92 4613.96 4767.97 4927.12 5091.58 5261.54 5437.16 5618.6 10000.0 
-17.849  200.0  300.0  0.03718	0.03356	0.03178	0.03062	0.02938	0.02658	0.0257	0.02086	0.0142	0.00278	0.00028	4e-05	0.0	0.0	0.0	0.0	0.0	0.0	0.0	0.0	0.0	0.0	0.0	0.0	0.0	0.0	0.0	0.0	0.0	0.0	0.0	0.0	0.0	0.0	0.0	0.0	0.0	0.0	0.0	0.0	0.0	0.0	0.0	0.0	0.0	0.0	0.0	0.0	0.0	0.0	0.0	0.0	0.0	0.0	0.0	0.0	0.0	0.0	0.0	0.0	0.0	0.0	0.0	0.0	0.0	0.0	0.0	0.0	0.0	0.0	0.0	0.0	0.0	0.0	0.0	0.0	0.0	0.0	0.0	0.0	0.0	0.0	0.0	0.0	0.0	0.0	0.0	0.0	0.0	0.0	0.0	0.0	0.0	0.0	0.0	0.0	0.0	0.0	0.0	
-6.4821  300.0  400.0  0.00038	0.00034	0.0003	0.0006	0.00052	0.00082	0.00218	0.0065	0.02548	0.0529	0.05764	0.05354	0.04768	0.0458	0.04316	0.03808	0.03208	0.01634	0.00296	0.00028	2e-05	0.0	0.0	0.0	0.0	0.0	0.0	0.0	0.0	0.0	0.0	0.0	0.0	0.0	0.0	0.0	0.0	0.0	0.0	0.0	0.0	0.0	0.0	0.0	0.0	0.0	0.0	0.0	0.0	0.0	0.0	0.0	0.0	0.0	0.0	0.0	0.0	0.0	0.0	0.0	0.0	0.0	0.0	0.0	0.0	0.0	0.0	0.0	0.0	0.0	0.0	0.0	0.0	0.0	0.0	0.0	0.0	0.0	0.0	0.0	0.0	0.0	0.0	0.0	0.0	0.0	0.0	0.0	0.0	0.0	0.0	0.0	0.0	0.0	0.0	0.0	0.0	0.0	0.0	
-2.8741  400.0  500.0  8e-05	0.00014	0.00016	0.0002	0.0003	0.00018	0.00018	0.00024	0.00024	0.00024	0.00046	0.0005	0.00046	0.00092	0.00218	0.00398	0.01498	0.04328	0.06708	0.06758	0.0626	0.05878	0.05328	0.03954	0.01814	0.00374	0.00054	8e-05	0.0	0.0	0.0	0.0	0.0	0.0	0.0	0.0	0.0	0.0	0.0	0.0	0.0	0.0	0.0	0.0	0.0	0.0	0.0	0.0	0.0	0.0	0.0	0.0	0.0	0.0	0.0	0.0	0.0	0.0	0.0	0.0	0.0	0.0	0.0	0.0	0.0	0.0	0.0	0.0	0.0	0.0	0.0	0.0	0.0	0.0	0.0	0.0	0.0	0.0	0.0	0.0	0.0	0.0	0.0	0.0	0.0	0.0	0.0	0.0	0.0	0.0	0.0	0.0	0.0	0.0	0.0	0.0	0.0	0.0	0.0	
-1.4379  500.0  600.0  0.00014	0.0	6e-05	6e-05	0.0001	0.00014	0.0001	0.00014	0.00016	0.00022	0.0002	0.0002	0.0001	0.00026	0.00028	0.00034	0.00034	0.00042	0.00064	0.00076	0.00122	0.00322	0.0073	0.02486	0.05888	0.07994	0.08012	0.07136	0.05668	0.03822	0.01376	0.00294	0.00066	0.00018	0.0	0.0	0.0	0.0	0.0	0.0	0.0	0.0	0.0	0.0	0.0	0.0	0.0	0.0	0.0	0.0	0.0	0.0	0.0	0.0	0.0	0.0	0.0	0.0	0.0	0.0	0.0	0.0	0.0	0.0	0.0	0.0	0.0	0.0	0.0	0.0	0.0	0.0	0.0	0.0	0.0	0.0	0.0	0.0	0.0	0.0	0.0	0.0	0.0	0.0	0.0	0.0	0.0	0.0	0.0	0.0	0.0	0.0	0.0	0.0	0.0	0.0	0.0	0.0	0.0	
-0.7824  600.0  700.0  4e-05	2e-05	2e-05	8e-05	6e-05	4e-05	0.0001	8e-05	6e-05	6e-05	4e-05	8e-05	0.0001	0.0001	0.00014	0.0002	8e-05	0.00014	0.00028	0.00024	0.00028	0.00042	0.00072	0.00052	0.00064	0.00084	0.0024	0.00538	0.01784	0.04466	0.0821	0.09188	0.08118	0.06372	0.03674	0.01276	0.00252	0.0008	0.00014	6e-05	2e-05	0.0	0.0	0.0	0.0	0.0	0.0	0.0	0.0	0.0	0.0	0.0	0.0	0.0	0.0	0.0	0.0	0.0	0.0	0.0	0.0	0.0	0.0	0.0	0.0	0.0	0.0	0.0	0.0	0.0	0.0	0.0	0.0	0.0	0.0	0.0	0.0	0.0	0.0	0.0	0.0	0.0	0.0	0.0	0.0	0.0	0.0	0.0	0.0	0.0	0.0	0.0	0.0	0.0	0.0	0.0	0.0	0.0	0.0	
-0.45149  700.0  800.0  2e-05	4e-05	4e-05	4e-05	6e-05	8e-05	4e-05	8e-05	6e-05	2e-05	8e-05	2e-05	4e-05	0.00014	0.0001	0.00018	0.0001	0.00018	8e-05	0.00012	0.00014	0.00012	0.0003	0.00016	0.00034	0.00046	0.00042	0.00042	0.00074	0.0011	0.00218	0.00412	0.01136	0.03102	0.06576	0.0939	0.09298	0.0762	0.04528	0.01652	0.00504	0.00112	0.0003	8e-05	0.0	0.0	0.0	0.0	0.0	0.0	0.0	0.0	0.0	0.0	0.0	0.0	0.0	0.0	0.0	0.0	0.0	0.0	0.0	0.0	0.0	0.0	0.0	0.0	0.0	0.0	0.0	0.0	0.0	0.0	0.0	0.0	0.0	0.0	0.0	0.0	0.0	0.0	0.0	0.0	0.0	0.0	0.0	0.0	0.0	0.0	0.0	0.0	0.0	0.0	0.0	0.0	0.0	0.0	0.0	
-0.27299  800.0  900.0  0.0	2e-05	2e-05	6e-05	0.0	4e-05	0.0	2e-05	4e-05	4e-05	4e-05	6e-05	0.0001	6e-05	8e-05	6e-05	0.00014	0.00012	0.00016	0.00016	6e-05	8e-05	0.00014	8e-05	0.00018	0.0003	0.00022	0.00032	0.0003	0.00042	0.00052	0.0004	0.00102	0.00116	0.00222	0.00532	0.0128	0.03346	0.0695	0.09458	0.0952	0.07082	0.03738	0.01394	0.0043	0.00116	0.00046	0.00016	2e-05	0.0	2e-05	0.0	0.0	0.0	0.0	0.0	0.0	0.0	0.0	0.0	0.0	0.0	0.0	0.0	0.0	0.0	0.0	0.0	0.0	0.0	0.0	0.0	0.0	0.0	0.0	0.0	0.0	0.0	0.0	0.0	0.0	0.0	0.0	0.0	0.0	0.0	0.0	0.0	0.0	0.0	0.0	0.0	0.0	0.0	0.0	0.0	0.0	0.0	0.0	
-0.17154  900.0  1000.0  4e-05	6e-05	2e-05	4e-05	0.0	0.0	6e-05	0.0	2e-05	6e-05	4e-05	4e-05	2e-05	8e-05	2e-05	2e-05	0.0001	2e-05	0.00012	8e-05	0.0001	0.00016	2e-05	0.00024	0.00014	0.00018	0.00022	0.0002	0.00022	0.0002	0.00038	0.00036	0.00024	0.0005	0.00048	0.00064	0.00106	0.00192	0.00408	0.00958	0.02334	0.05278	0.08672	0.10114	0.08114	0.0505	0.02208	0.00696	0.00238	0.0008	0.00028	2e-05	2e-05	4e-05	0.0	0.0	0.0	0.0	0.0	0.0	0.0	0.0	0.0	0.0	0.0	0.0	0.0	0.0	0.0	0.0	0.0	0.0	0.0	0.0	0.0	0.0	0.0	0.0	0.0	0.0	0.0	0.0	0.0	0.0	0.0	0.0	0.0	0.0	0.0	0.0	0.0	0.0	0.0	0.0	0.0	0.0	0.0	0.0	0.0	
-0.18428  1000.0  1200.0  0.0	0.0	2e-05	0.0	4e-05	0.0	2e-05	4e-05	6e-05	2e-05	6e-05	2e-05	8e-05	0.0001	6e-05	0.0	2e-05	6e-05	0.0	6e-05	4e-05	2e-05	8e-05	0.00016	8e-05	0.00012	0.00012	6e-05	0.00018	0.00014	0.00018	0.00024	0.00016	0.0002	0.00018	0.00044	0.00038	0.00054	0.00062	0.00078	0.0013	0.00316	0.00592	0.01674	0.033	0.05586	0.07256	0.073	0.06488	0.05186	0.036	0.0184	0.00844	0.0036	0.00108	0.0003	0.00014	0.0001	4e-05	2e-05	0.0	0.0	0.0	0.0	0.0	0.0	0.0	0.0	0.0	0.0	0.0	0.0	0.0	0.0	0.0	0.0	0.0	0.0	0.0	0.0	0.0	0.0	0.0	0.0	0.0	0.0	0.0	0.0	0.0	0.0	0.0	0.0	0.0	0.0	0.0	0.0	0.0	0.0	0.0	
-0.083896  1200.0  1400.0  2e-05	0.0	0.0	0.0	0.0	0.0	0.0	2e-05	0.0	4e-05	2e-05	2e-05	0.0	0.0	4e-05	2e-05	2e-05	4e-05	6e-05	6e-05	2e-05	6e-05	8e-05	6e-05	2e-05	4e-05	4e-05	0.00014	6e-05	6e-05	0.00018	0.00012	6e-05	2e-05	0.00022	0.00014	0.00014	0.00018	0.00014	0.00026	0.00022	0.00038	0.0004	0.00044	0.0011	0.00158	0.0026	0.00584	0.01364	0.02852	0.04866	0.06748	0.07558	0.06974	0.05438	0.03678	0.01938	0.00918	0.00372	0.0014	0.00046	0.00038	8e-05	8e-05	2e-05	0.0	0.0	0.0	0.0	0.0	0.0	0.0	0.0	0.0	0.0	0.0	0.0	0.0	0.0	0.0	0.0	0.0	0.0	0.0	0.0	0.0	0.0	0.0	0.0	0.0	0.0	0.0	0.0	0.0	0.0	0.0	0.0	0.0	0.0	
-0.040934  1400.0  1600.0  0.0	0.0	0.0	0.0	0.0	0.0	0.0	0.0	2e-05	0.0	2e-05	2e-05	2e-05	0.0	0.0	6e-05	6e-05	2e-05	0.0	2e-05	4e-05	6e-05	4e-05	2e-05	2e-05	4e-05	0.0001	4e-05	2e-05	8e-05	6e-05	4e-05	0.00012	6e-05	6e-05	0.0001	0.00012	0.00012	0.00014	8e-05	0.00014	0.0003	0.00028	0.00014	0.00026	0.00034	0.00038	0.00062	0.00094	0.00134	0.00318	0.00552	0.0112	0.02266	0.04024	0.05676	0.0721	0.07054	0.06158	0.0419	0.02414	0.01272	0.00604	0.0025	0.0008	0.00052	0.00022	4e-05	0.0	4e-05	0.0	0.0	0.0	0.0	0.0	0.0	0.0	0.0	0.0	0.0	0.0	0.0	0.0	0.0	0.0	0.0	0.0	0.0	0.0	0.0	0.0	0.0	0.0	0.0	0.0	0.0	0.0	0.0	0.0	
-0.021023  1600.0  1800.0  0.0	0.0	0.0	0.0	0.0	0.0	0.0	0.0	2e-05	0.0	0.0	0.0	0.0	2e-05	0.0	0.0	0.0	4e-05	0.0	4e-05	2e-05	4e-05	2e-05	6e-05	6e-05	2e-05	2e-05	6e-05	6e-05	6e-05	0.00012	4e-05	2e-05	0.00012	6e-05	4e-05	2e-05	4e-05	4e-05	8e-05	6e-05	0.0001	0.00022	0.00016	0.00024	0.00016	0.00018	0.0004	0.0004	0.0006	0.00062	0.00066	0.00112	0.00196	0.0036	0.00688	0.01396	0.02564	0.04236	0.05786	0.06804	0.069	0.05556	0.039	0.02292	0.01264	0.00634	0.00296	0.00122	0.00046	8e-05	6e-05	2e-05	2e-05	0.0	0.0	0.0	2e-05	0.0	0.0	0.0	0.0	0.0	0.0	0.0	0.0	0.0	0.0	0.0	0.0	0.0	0.0	0.0	0.0	0.0	0.0	0.0	0.0	0.0	
-0.011251  1800.0  2000.0  0.0	2e-05	0.0	0.0	0.0	0.0	0.0	0.0	0.0	0.0	0.0	2e-05	0.0	2e-05	0.0	0.0	2e-05	2e-05	0.0	2e-05	0.0	0.0	0.0	2e-05	4e-05	0.0	0.0	4e-05	6e-05	2e-05	2e-05	2e-05	6e-05	0.0	0.00012	0.0001	4e-05	8e-05	0.00016	8e-05	0.00016	4e-05	6e-05	0.00016	0.0002	0.0003	0.00018	0.00014	0.00028	0.00024	0.00024	0.00028	0.00044	0.0008	0.00082	0.00112	0.00196	0.00378	0.00748	0.01176	0.02132	0.0352	0.05042	0.06164	0.06194	0.05746	0.0469	0.02784	0.01748	0.00956	0.00474	0.00204	0.00088	0.00036	0.00016	4e-05	6e-05	4e-05	2e-05	0.0	2e-05	0.0	0.0	0.0	0.0	0.0	0.0	0.0	0.0	0.0	0.0	0.0	0.0	0.0	0.0	0.0	0.0	0.0	0.0	
-0.007288  2000.0  2250.0  2e-05	0.0	0.0	0.0	0.0	4e-05	0.0	0.0	0.0	4e-05	2e-05	0.0	0.0	2e-05	0.0	0.0	4e-05	0.0	0.0	0.0	2e-05	0.0	0.0	2e-05	2e-05	4e-05	2e-05	6e-05	2e-05	0.0	0.0001	6e-05	4e-05	8e-05	0.0	4e-05	2e-05	8e-05	0.0001	8e-05	2e-05	8e-05	0.00012	0.00014	4e-05	0.00014	4e-05	0.0001	0.00012	0.00026	0.00018	0.00022	0.00012	0.00026	0.00044	0.0005	0.0005	0.00074	0.0012	0.00256	0.0033	0.00638	0.01222	0.02072	0.03332	0.04444	0.05478	0.0594	0.05582	0.0452	0.03342	0.02254	0.01356	0.00714	0.00364	0.00192	0.0008	0.00038	0.00026	8e-05	4e-05	2e-05	0.0	0.0	0.0	0.0	0.0	0.0	0.0	0.0	0.0	0.0	0.0	0.0	0.0	0.0	0.0	0.0	0.0	
-0.003615  2250.0  2500.0  0.0	0.0	0.0	0.0	0.0	0.0	0.0	0.0	0.0	0.0	0.0	0.0	2e-05	0.0	6e-05	6e-05	2e-05	4e-05	2e-05	2e-05	0.0	0.0	2e-05	4e-05	2e-05	2e-05	2e-05	8e-05	0.00012	2e-05	0.0	0.0	2e-05	2e-05	8e-05	4e-05	2e-05	8e-05	0.0001	2e-05	6e-05	4e-05	0.00014	8e-05	6e-05	0.00014	4e-05	0.0002	0.00012	8e-05	4e-05	0.0001	0.0001	0.00016	0.00026	0.00026	0.00038	0.00042	0.00038	0.0005	0.00088	0.00096	0.00252	0.00392	0.00668	0.01144	0.01888	0.02748	0.04024	0.04816	0.05152	0.05328	0.04554	0.03624	0.02602	0.01684	0.01066	0.00594	0.00378	0.00124	0.0008	0.00036	0.00026	4e-05	4e-05	2e-05	4e-05	2e-05	2e-05	0.0	0.0	0.0	0.0	0.0	0.0	0.0	0.0	0.0	0.0	
-0.00185  2500.0  2750.0  0.0	0.0	0.0	0.0	6e-05	0.0	0.0	0.0	0.0	0.0	0.0	0.0	0.0	4e-05	0.0	2e-05	2e-05	0.0	0.0	2e-05	2e-05	4e-05	2e-05	2e-05	2e-05	2e-05	6e-05	4e-05	0.0	4e-05	6e-05	8e-05	4e-05	4e-05	2e-05	4e-05	2e-05	2e-05	4e-05	2e-05	4e-05	2e-05	6e-05	0.0001	4e-05	0.00014	0.0001	0.0001	8e-05	8e-05	0.0001	6e-05	0.00012	8e-05	0.00012	0.00014	8e-05	0.0002	0.00012	0.00036	0.00032	0.00046	0.00076	0.00098	0.00146	0.00264	0.00434	0.00788	0.01214	0.01862	0.02724	0.03654	0.04414	0.04824	0.04948	0.04156	0.03702	0.02668	0.01826	0.01166	0.0073	0.0042	0.00188	0.00082	0.0005	0.00016	0.00014	4e-05	2e-05	2e-05	0.0	2e-05	0.0	0.0	0.0	0.0	0.0	0.0	0.0	
-0.000971  2750.0  3000.0  0.0	0.0	0.0	2e-05	2e-05	0.0	0.0	0.0	0.0	0.0	0.0	0.0	0.0	2e-05	0.0	0.0	0.0	4e-05	4e-05	0.0	2e-05	2e-05	4e-05	0.0	2e-05	0.0	2e-05	2e-05	0.0	0.0	2e-05	2e-05	6e-05	6e-05	0.0	6e-05	0.0	0.0	2e-05	4e-05	6e-05	2e-05	2e-05	6e-05	4e-05	2e-05	6e-05	4e-05	8e-05	2e-05	8e-05	6e-05	8e-05	6e-05	0.0001	0.00012	0.00012	0.00016	8e-05	0.00022	0.00022	0.00024	0.00032	0.00046	0.00046	0.00098	0.00168	0.00248	0.00426	0.00642	0.01012	0.01448	0.02122	0.0291	0.03684	0.04078	0.04454	0.04416	0.03926	0.032	0.02306	0.01738	0.01152	0.0068	0.0042	0.0024	0.00122	0.00048	0.00032	0.0001	4e-05	6e-05	0.0	2e-05	0.0	0.0	0.0	0.0	0.0	
-0.000803  3000.0  3500.0  0.0	0.0	2e-05	0.0	0.0	0.0	0.0	2e-05	0.0	0.0	0.0	0.0	0.0	2e-05	0.0	0.0	0.0	2e-05	0.0	0.0	0.0	2e-05	2e-05	0.0	0.0	0.0	2e-05	0.0	0.0	0.0	4e-05	2e-05	4e-05	0.0	4e-05	6e-05	6e-05	4e-05	0.0	8e-05	0.00012	4e-05	4e-05	0.0	0.0001	2e-05	2e-05	0.00012	6e-05	2e-05	6e-05	6e-05	4e-05	4e-05	2e-05	8e-05	0.00012	8e-05	0.0002	0.00014	0.00014	0.00022	0.0001	0.00026	0.00028	0.00038	0.00046	0.00064	0.0008	0.0018	0.00282	0.00494	0.00674	0.01092	0.01548	0.02106	0.02552	0.03244	0.03598	0.0387	0.03854	0.03678	0.03044	0.02492	0.01858	0.01382	0.01048	0.0057	0.00416	0.00256	0.00112	0.00084	0.00052	0.0003	0.00022	6e-05	2e-05	2e-05	2e-05	
-0.000242  3500.0  4000.0  0.0	0.0	0.0	2e-05	0.0	0.0	2e-05	0.0	0.0	2e-05	0.0	0.0	0.0	2e-05	2e-05	2e-05	4e-05	0.0	0.0	0.0	2e-05	0.0	0.0	0.0	2e-05	4e-05	2e-05	0.0	2e-05	6e-05	2e-05	0.0	0.0	2e-05	2e-05	0.0	2e-05	4e-05	2e-05	2e-05	2e-05	2e-05	4e-05	2e-05	4e-05	6e-05	4e-05	4e-05	4e-05	6e-05	6e-05	6e-05	6e-05	4e-05	0.0	6e-05	8e-05	4e-05	6e-05	0.0001	0.0001	8e-05	4e-05	0.00012	0.00016	0.00016	0.0003	0.00036	0.00042	0.0006	0.00074	0.0011	0.0011	0.0022	0.00332	0.0052	0.00686	0.01024	0.01416	0.01906	0.0225	0.02826	0.03046	0.03362	0.03404	0.03254	0.02756	0.02398	0.0203	0.01494	0.01094	0.00858	0.00562	0.00382	0.00224	0.0013	0.00082	0.00066	0.00052	
-0.000111  4000.0  15000.0  0.0	0.0	0.0	0.0	0.0	0.0	0.0	0.0	0.0	0.0	0.0	0.0	0.0	0.0	0.0	0.0	0.0	0.0	0.0	0.0	0.0	0.0	2e-05	0.0	4e-05	0.0	0.0	0.0	0.0	0.0	2e-05	0.0	2e-05	0.0	0.0	0.0	0.0	2e-05	0.0	0.0	0.0	0.0	4e-05	2e-05	6e-05	4e-05	2e-05	2e-05	2e-05	6e-05	2e-05	0.0	0.0	4e-05	8e-05	0.0	4e-05	2e-05	0.00014	2e-05	8e-05	4e-05	2e-05	8e-05	6e-05	0.00016	8e-05	4e-05	0.00014	0.0001	0.00014	0.00026	0.00038	0.0006	0.0008	0.00114	0.00214	0.00256	0.00366	0.0058	0.00758	0.01024	0.01234	0.01586	0.01788	0.02192	0.02444	0.02482	0.02616	0.02606	0.02466	0.02276	0.01926	0.01676	0.01418	0.01118	0.00888	0.0067	0.02078	
