#===============
# Ref : 1903.06248
# Experiment : ATLAS
# ll~ : mumu
# qq~ : cc~
# FF  : vector
# XY  :  LL RR
# coef : 01
# type : Z*Reg
# Nevs : 50000
#===============
#
# XSEC	BIN_MIN	BIN_MAX 	 Kij 
# 225.0 232.51 240.271 248.291 256.579 265.143 273.994 283.139 292.59 302.357 312.449 322.878 333.656 344.793 356.302 368.195 380.485 393.185 406.309 419.872 433.887 448.369 463.336 478.801 494.783 511.299 528.365 546.002 564.227 583.06 602.522 622.634 643.417 664.894 687.087 710.022 733.722 758.213 783.521 809.674 836.7 864.629 893.489 923.313 954.133 985.981 1018.89 1052.9 1088.05 1124.36 1161.9 1200.68 1240.76 1282.17 1324.97 1369.2 1414.9 1462.13 1510.93 1561.36 1613.48 1667.34 1722.99 1780.5 1839.94 1901.35 1964.82 2030.4 2098.17 2168.21 2240.58 2315.37 2392.65 2472.52 2555.05 2640.34 2728.47 2819.54 2913.66 3010.91 3111.41 3215.27 3322.59 3433.5 3548.1 3666.54 3788.92 3915.39 4046.09 4181.14 4320.7 4464.92 4613.96 4767.97 4927.12 5091.58 5261.54 5437.16 5618.6 10000.0 
-0.46968  200.0  300.0  0.0391	0.03784	0.0389	0.03828	0.03802	0.0371	0.03628	0.03268	0.0216	0.00384	0.00038	8e-05	0.0	0.0	0.0	0.0	0.0	0.0	0.0	0.0	0.0	0.0	0.0	0.0	0.0	0.0	0.0	0.0	0.0	0.0	0.0	0.0	0.0	0.0	0.0	0.0	0.0	0.0	0.0	0.0	0.0	0.0	0.0	0.0	0.0	0.0	0.0	0.0	0.0	0.0	0.0	0.0	0.0	0.0	0.0	0.0	0.0	0.0	0.0	0.0	0.0	0.0	0.0	0.0	0.0	0.0	0.0	0.0	0.0	0.0	0.0	0.0	0.0	0.0	0.0	0.0	0.0	0.0	0.0	0.0	0.0	0.0	0.0	0.0	0.0	0.0	0.0	0.0	0.0	0.0	0.0	0.0	0.0	0.0	0.0	0.0	0.0	0.0	0.0	
-0.31632  300.0  400.0  0.00014	0.00028	0.00048	0.00048	0.00054	0.00132	0.00214	0.0066	0.02484	0.0493	0.0547	0.0556	0.05322	0.05478	0.05198	0.05208	0.04416	0.02242	0.00452	0.00064	8e-05	0.0	0.0	0.0	0.0	0.0	0.0	0.0	0.0	0.0	0.0	0.0	0.0	0.0	0.0	0.0	0.0	0.0	0.0	0.0	0.0	0.0	0.0	0.0	0.0	0.0	0.0	0.0	0.0	0.0	0.0	0.0	0.0	0.0	0.0	0.0	0.0	0.0	0.0	0.0	0.0	0.0	0.0	0.0	0.0	0.0	0.0	0.0	0.0	0.0	0.0	0.0	0.0	0.0	0.0	0.0	0.0	0.0	0.0	0.0	0.0	0.0	0.0	0.0	0.0	0.0	0.0	0.0	0.0	0.0	0.0	0.0	0.0	0.0	0.0	0.0	0.0	0.0	0.0	
-0.22788  400.0  500.0  0.00012	0.00012	8e-05	0.00014	0.00012	0.00022	0.0002	0.0002	0.00042	0.0004	0.00036	0.0004	0.00066	0.00088	0.00146	0.00432	0.01366	0.04196	0.06678	0.0721	0.06928	0.06916	0.06348	0.04952	0.02454	0.00534	0.00088	0.00012	2e-05	0.0	0.0	0.0	0.0	0.0	0.0	0.0	0.0	0.0	0.0	0.0	0.0	0.0	0.0	0.0	0.0	0.0	0.0	0.0	0.0	0.0	0.0	0.0	0.0	0.0	0.0	0.0	0.0	0.0	0.0	0.0	0.0	0.0	0.0	0.0	0.0	0.0	0.0	0.0	0.0	0.0	0.0	0.0	0.0	0.0	0.0	0.0	0.0	0.0	0.0	0.0	0.0	0.0	0.0	0.0	0.0	0.0	0.0	0.0	0.0	0.0	0.0	0.0	0.0	0.0	0.0	0.0	0.0	0.0	0.0	
-0.16902  500.0  600.0  0.0001	4e-05	8e-05	0.0001	6e-05	0.0001	0.0001	4e-05	0.0002	0.00022	0.00024	0.00026	0.00028	0.00024	0.00036	0.00024	0.0004	0.0005	0.00058	0.00074	0.00126	0.00292	0.0079	0.02366	0.05946	0.08132	0.08506	0.08098	0.07248	0.04756	0.01724	0.00408	0.001	0.00012	2e-05	4e-05	0.0	0.0	0.0	0.0	0.0	0.0	0.0	0.0	0.0	0.0	0.0	0.0	0.0	0.0	0.0	0.0	0.0	0.0	0.0	0.0	0.0	0.0	0.0	0.0	0.0	0.0	0.0	0.0	0.0	0.0	0.0	0.0	0.0	0.0	0.0	0.0	0.0	0.0	0.0	0.0	0.0	0.0	0.0	0.0	0.0	0.0	0.0	0.0	0.0	0.0	0.0	0.0	0.0	0.0	0.0	0.0	0.0	0.0	0.0	0.0	0.0	0.0	0.0	
-0.12779  600.0  700.0  2e-05	6e-05	4e-05	4e-05	8e-05	8e-05	0.0001	6e-05	6e-05	0.00012	0.00012	0.00012	0.00012	0.00014	0.00014	0.0002	0.00022	0.0002	0.0004	0.00024	0.00026	0.00024	0.00048	0.00068	0.00086	0.00138	0.00206	0.0062	0.01852	0.04764	0.0823	0.09804	0.09076	0.0761	0.04374	0.01538	0.00402	0.00096	0.00028	8e-05	0.0	0.0	0.0	0.0	0.0	0.0	0.0	0.0	0.0	0.0	0.0	0.0	0.0	0.0	0.0	0.0	0.0	0.0	0.0	0.0	0.0	0.0	0.0	0.0	0.0	0.0	0.0	0.0	0.0	0.0	0.0	0.0	0.0	0.0	0.0	0.0	0.0	0.0	0.0	0.0	0.0	0.0	0.0	0.0	0.0	0.0	0.0	0.0	0.0	0.0	0.0	0.0	0.0	0.0	0.0	0.0	0.0	0.0	0.0	
-0.098071  700.0  800.0  2e-05	0.0	0.0	6e-05	4e-05	6e-05	4e-05	6e-05	6e-05	2e-05	0.00016	0.00016	0.00012	0.0001	8e-05	6e-05	0.00012	8e-05	0.00018	0.00022	0.00018	0.00022	0.0003	0.00028	0.00034	0.00014	0.00044	0.00074	0.001	0.00122	0.00194	0.00428	0.01144	0.03078	0.06702	0.0965	0.10218	0.08418	0.05368	0.02086	0.00588	0.0017	0.00034	0.00018	6e-05	0.0	0.0	0.0	0.0	0.0	0.0	0.0	0.0	0.0	0.0	0.0	0.0	0.0	0.0	0.0	0.0	0.0	0.0	0.0	0.0	0.0	0.0	0.0	0.0	0.0	0.0	0.0	0.0	0.0	0.0	0.0	0.0	0.0	0.0	0.0	0.0	0.0	0.0	0.0	0.0	0.0	0.0	0.0	0.0	0.0	0.0	0.0	0.0	0.0	0.0	0.0	0.0	0.0	0.0	
-0.076064  800.0  900.0  2e-05	4e-05	4e-05	2e-05	0.0	2e-05	0.0	2e-05	8e-05	2e-05	8e-05	2e-05	8e-05	4e-05	8e-05	0.0001	0.00014	0.00014	0.00012	0.00012	0.0002	8e-05	0.00016	0.00022	0.00018	0.00022	0.00028	0.0002	0.00014	0.00048	0.00058	0.00056	0.00096	0.0014	0.00214	0.00558	0.0142	0.03386	0.07014	0.10342	0.10354	0.07718	0.04448	0.01678	0.00476	0.00128	0.00048	0.00022	0.00012	2e-05	0.0	0.0	0.0	0.0	0.0	0.0	0.0	0.0	0.0	0.0	0.0	0.0	0.0	0.0	0.0	0.0	0.0	0.0	0.0	0.0	0.0	0.0	0.0	0.0	0.0	0.0	0.0	0.0	0.0	0.0	0.0	0.0	0.0	0.0	0.0	0.0	0.0	0.0	0.0	0.0	0.0	0.0	0.0	0.0	0.0	0.0	0.0	0.0	0.0	
-0.059546  900.0  1000.0  2e-05	8e-05	2e-05	0.0	4e-05	0.0	4e-05	2e-05	2e-05	0.0	8e-05	8e-05	8e-05	2e-05	6e-05	4e-05	0.00014	6e-05	0.00012	0.0002	0.00022	0.0001	0.00016	0.00012	0.00024	0.00022	0.00024	0.00022	0.0003	0.00016	0.0003	0.00026	0.00028	0.00046	0.0005	0.00072	0.00096	0.00178	0.00376	0.01048	0.02488	0.05486	0.08954	0.10776	0.08902	0.05606	0.02462	0.00774	0.00294	0.00092	0.00038	6e-05	6e-05	0.0	0.0	2e-05	0.0	0.0	0.0	0.0	0.0	0.0	0.0	0.0	0.0	0.0	0.0	0.0	0.0	0.0	0.0	0.0	0.0	0.0	0.0	0.0	0.0	0.0	0.0	0.0	0.0	0.0	0.0	0.0	0.0	0.0	0.0	0.0	0.0	0.0	0.0	0.0	0.0	0.0	0.0	0.0	0.0	0.0	0.0	
-0.08435  1000.0  1200.0  0.0	0.0	0.0	6e-05	4e-05	4e-05	2e-05	2e-05	0.0	0.0	0.0	4e-05	0.0	0.0	8e-05	0.00012	6e-05	4e-05	6e-05	4e-05	4e-05	6e-05	0.00012	8e-05	0.00016	8e-05	0.00016	0.0002	6e-05	0.00018	0.00014	0.0001	0.00018	0.0002	0.0002	0.00022	0.00036	0.00052	0.0004	0.00088	0.00156	0.00302	0.0065	0.01578	0.03096	0.05454	0.07264	0.07668	0.07226	0.05962	0.04164	0.02266	0.00984	0.00366	0.0013	0.00062	0.00024	0.0001	6e-05	0.0	0.0	0.0	0.0	0.0	0.0	0.0	0.0	0.0	0.0	0.0	0.0	0.0	0.0	0.0	0.0	0.0	0.0	0.0	0.0	0.0	0.0	0.0	0.0	0.0	0.0	0.0	0.0	0.0	0.0	0.0	0.0	0.0	0.0	0.0	0.0	0.0	0.0	0.0	0.0	
-0.053815  1200.0  1400.0  0.0	0.0	4e-05	2e-05	0.0	0.0	0.0	0.0	2e-05	2e-05	0.0	4e-05	8e-05	6e-05	2e-05	6e-05	2e-05	2e-05	0.0001	2e-05	4e-05	8e-05	4e-05	2e-05	6e-05	0.0001	8e-05	8e-05	0.00012	0.00012	8e-05	0.00016	8e-05	0.0002	0.00012	0.0	0.00018	0.0001	0.0003	0.0003	0.00036	0.00038	0.00068	0.0007	0.0008	0.00182	0.0028	0.00618	0.01402	0.02764	0.04804	0.06872	0.07886	0.07266	0.05996	0.0414	0.02344	0.0109	0.00438	0.00142	0.0007	0.0003	0.00016	4e-05	0.0	2e-05	0.0	0.0	2e-05	0.0	0.0	0.0	0.0	0.0	0.0	0.0	0.0	0.0	0.0	0.0	0.0	0.0	0.0	0.0	0.0	0.0	0.0	0.0	0.0	0.0	0.0	0.0	0.0	0.0	0.0	0.0	0.0	0.0	0.0	
-0.035022  1400.0  1600.0  0.0	2e-05	0.0	0.0	0.0	0.0	4e-05	6e-05	2e-05	0.0	2e-05	0.0	2e-05	4e-05	6e-05	6e-05	2e-05	2e-05	4e-05	4e-05	2e-05	8e-05	6e-05	6e-05	4e-05	6e-05	4e-05	6e-05	2e-05	8e-05	6e-05	0.0001	0.0001	0.0001	0.00014	8e-05	6e-05	0.00018	0.00018	0.00014	0.0002	0.00028	0.00028	0.0002	0.00038	0.00032	0.00058	0.00056	0.00084	0.00142	0.00286	0.0052	0.01144	0.02312	0.03858	0.0575	0.07268	0.07456	0.06592	0.0473	0.02896	0.01462	0.0065	0.0029	0.00126	0.00064	0.00032	8e-05	6e-05	0.0	4e-05	2e-05	0.0	0.0	0.0	2e-05	0.0	0.0	0.0	0.0	0.0	0.0	0.0	0.0	0.0	0.0	0.0	0.0	0.0	0.0	0.0	0.0	0.0	0.0	0.0	0.0	0.0	0.0	0.0	
-0.023133  1600.0  1800.0  0.0	2e-05	2e-05	4e-05	0.0	0.0	2e-05	2e-05	0.0	2e-05	4e-05	0.0	4e-05	2e-05	2e-05	2e-05	0.0	6e-05	2e-05	2e-05	4e-05	4e-05	4e-05	0.0	6e-05	2e-05	0.0	4e-05	4e-05	8e-05	4e-05	8e-05	0.0001	8e-05	4e-05	2e-05	8e-05	8e-05	6e-05	0.00012	6e-05	0.0001	0.00014	0.00018	0.0002	0.0003	0.0001	0.00044	0.00034	0.00036	0.00042	0.00058	0.00126	0.00172	0.00392	0.00728	0.01478	0.02782	0.04062	0.0607	0.0699	0.06988	0.05844	0.04174	0.02636	0.01302	0.00692	0.00326	0.00168	0.00056	0.00024	0.00014	2e-05	0.0	4e-05	0.0	0.0	0.0	0.0	0.0	0.0	0.0	0.0	0.0	0.0	0.0	0.0	0.0	0.0	0.0	0.0	0.0	0.0	0.0	0.0	0.0	0.0	0.0	0.0	
-0.015477  1800.0  2000.0  4e-05	0.0	0.0	0.0	0.0	0.0	2e-05	2e-05	0.0	0.0	0.0	4e-05	0.0	2e-05	0.0	0.0	0.0	4e-05	0.0	4e-05	4e-05	8e-05	2e-05	0.0	2e-05	4e-05	2e-05	4e-05	4e-05	2e-05	4e-05	8e-05	0.0	0.0001	8e-05	4e-05	2e-05	8e-05	0.00014	8e-05	4e-05	0.00012	6e-05	0.00022	0.00012	0.0001	0.00016	0.0001	0.00024	0.00018	0.0003	0.00024	0.00026	0.00042	0.00102	0.00098	0.0021	0.00382	0.00666	0.01234	0.02214	0.03512	0.0502	0.06232	0.06672	0.05784	0.04564	0.03218	0.02058	0.01046	0.0048	0.00184	0.00098	0.0006	0.0003	0.00016	0.0	2e-05	0.0	0.0	0.0	0.0	0.0	0.0	0.0	0.0	0.0	0.0	0.0	0.0	0.0	0.0	0.0	0.0	0.0	0.0	0.0	0.0	0.0	
-0.012503  2000.0  2250.0  2e-05	0.0	0.0	0.0	2e-05	0.0	2e-05	4e-05	0.0	2e-05	0.0	0.0	0.0	0.0	4e-05	2e-05	0.0	0.0	0.0	2e-05	4e-05	2e-05	0.0	0.0	0.0	2e-05	2e-05	2e-05	6e-05	2e-05	6e-05	4e-05	0.0	4e-05	4e-05	6e-05	6e-05	4e-05	8e-05	4e-05	6e-05	4e-05	6e-05	4e-05	4e-05	8e-05	0.00014	0.00018	6e-05	0.00018	0.00016	0.0001	0.00016	0.00016	0.0003	0.00036	0.00056	0.00072	0.00156	0.00186	0.0034	0.00684	0.01224	0.02098	0.03232	0.04446	0.05436	0.06032	0.0563	0.04846	0.03702	0.02492	0.01444	0.00792	0.00414	0.00198	0.00096	0.00038	0.00022	4e-05	0.0	2e-05	0.0	0.0	0.0	0.0	0.0	0.0	0.0	0.0	0.0	0.0	0.0	0.0	0.0	0.0	0.0	0.0	0.0	
-0.007756  2250.0  2500.0  0.0	0.0	0.0	0.0	0.0	2e-05	2e-05	0.0	0.0	2e-05	0.0	0.0	0.0	0.0	0.0	2e-05	0.0	0.0	0.0	0.0	0.0	0.0	0.0	0.0	2e-05	6e-05	6e-05	4e-05	0.0	2e-05	4e-05	2e-05	4e-05	6e-05	6e-05	8e-05	0.0	4e-05	6e-05	4e-05	6e-05	4e-05	2e-05	2e-05	6e-05	6e-05	6e-05	8e-05	8e-05	0.00014	0.00016	2e-05	8e-05	6e-05	8e-05	0.0004	0.0002	0.00042	0.00034	0.00052	0.00078	0.00132	0.0024	0.00362	0.0069	0.01104	0.01818	0.02856	0.03796	0.0473	0.05212	0.0523	0.04806	0.03832	0.02796	0.01884	0.01078	0.00646	0.00336	0.00182	0.0009	0.00028	0.00028	0.0001	4e-05	4e-05	0.0	2e-05	0.0	0.0	0.0	0.0	2e-05	0.0	0.0	0.0	0.0	0.0	0.0	
-0.004852  2500.0  2750.0  0.0	0.0	0.0	0.0	0.0	0.0	2e-05	0.0	2e-05	0.0	0.0	0.0	2e-05	0.0	0.0	0.0	0.0	4e-05	2e-05	0.0	0.0	0.0	6e-05	4e-05	4e-05	0.0	2e-05	0.0	4e-05	6e-05	6e-05	6e-05	2e-05	4e-05	0.0	6e-05	4e-05	8e-05	2e-05	0.0001	2e-05	6e-05	0.0	8e-05	6e-05	8e-05	0.0001	0.0001	0.0001	8e-05	0.00014	8e-05	8e-05	0.00012	0.00016	0.00022	6e-05	0.00022	0.00024	0.00032	0.00034	0.00048	0.0007	0.00084	0.00158	0.00268	0.0053	0.0075	0.01334	0.01966	0.02772	0.03726	0.04432	0.04794	0.04848	0.04284	0.03516	0.02676	0.01984	0.01172	0.0076	0.00378	0.00204	0.001	0.00074	0.00024	0.00016	0.00012	0.0	2e-05	0.0	0.0	2e-05	0.0	0.0	0.0	0.0	0.0	0.0	
-0.00306  2750.0  3000.0  0.0	0.0	0.0	0.0	0.0	0.0	0.0	0.0	0.0	0.0	0.0	0.0	0.0	0.0	0.0	0.0	0.0	0.0	0.0	2e-05	0.0	0.0	0.0	0.0	0.0	0.0	6e-05	2e-05	0.0	2e-05	0.0	2e-05	2e-05	2e-05	0.0	0.0	4e-05	2e-05	4e-05	0.0	6e-05	4e-05	0.0	6e-05	4e-05	4e-05	4e-05	4e-05	2e-05	0.00014	4e-05	0.00012	0.0001	2e-05	0.00014	6e-05	8e-05	0.00014	4e-05	0.00014	0.0002	0.00026	0.00026	0.00036	0.0005	0.001	0.00104	0.00216	0.004	0.00636	0.01024	0.01448	0.02174	0.03028	0.03608	0.04308	0.04404	0.0432	0.0389	0.03242	0.02472	0.01782	0.01142	0.0074	0.00452	0.00226	0.00128	0.00058	0.0003	0.00012	4e-05	8e-05	2e-05	0.0	0.0	0.0	0.0	2e-05	0.0	
-0.003165  3000.0  3500.0  0.0	0.0	0.0	0.0	0.0	0.0	0.0	0.0	0.0	2e-05	0.0	0.0	0.0	2e-05	0.0	2e-05	0.0	2e-05	2e-05	0.0	2e-05	2e-05	0.0	0.0	0.0	0.0	2e-05	0.0	6e-05	2e-05	0.0	0.0	2e-05	0.0	2e-05	0.0	0.0	6e-05	0.0	4e-05	8e-05	4e-05	2e-05	0.0	8e-05	2e-05	4e-05	0.00014	6e-05	6e-05	8e-05	0.0	0.00012	2e-05	2e-05	8e-05	0.0001	6e-05	0.00016	0.0001	0.00022	0.0001	0.00014	0.00018	0.0003	0.00024	0.00052	0.0009	0.00132	0.00176	0.0027	0.00452	0.00796	0.01024	0.01452	0.02004	0.02668	0.03192	0.03562	0.0379	0.0363	0.03554	0.03158	0.0244	0.01936	0.0136	0.01078	0.00654	0.00428	0.00296	0.00126	0.0009	0.00046	0.0001	0.00012	0.00016	2e-05	0.0	0.0	
-0.001278  3500.0  4000.0  0.0	2e-05	0.0	0.0	2e-05	4e-05	0.0	0.0	0.0	0.0	2e-05	0.0	2e-05	0.0	0.0	0.0	2e-05	0.0	0.0	2e-05	0.0	2e-05	0.0	0.0	0.0	2e-05	0.0	0.0	2e-05	0.0	2e-05	0.0	0.0	0.0	0.0	0.0	0.0	0.0	6e-05	2e-05	0.0	2e-05	4e-05	0.0	0.0	2e-05	6e-05	2e-05	2e-05	6e-05	2e-05	4e-05	6e-05	0.0	4e-05	6e-05	2e-05	8e-05	4e-05	4e-05	6e-05	0.00012	0.0001	6e-05	0.00012	0.00014	0.00012	0.00026	0.00022	0.00034	0.00056	0.00106	0.00156	0.00246	0.00348	0.00504	0.00712	0.0108	0.01546	0.01912	0.02254	0.02708	0.03092	0.03314	0.03294	0.03112	0.02904	0.02452	0.01942	0.01502	0.01194	0.00852	0.00576	0.00338	0.00248	0.0016	0.0008	0.00042	0.0007	
-0.000846  4000.0  15000.0  0.0	0.0	0.0	0.0	0.0	0.0	0.0	0.0	0.0	0.0	0.0	0.0	0.0	0.0	0.0	0.0	0.0	0.0	0.0	0.0	2e-05	0.0	0.0	0.0	2e-05	2e-05	0.0	0.0	2e-05	2e-05	0.0	0.0	2e-05	2e-05	0.0	2e-05	2e-05	6e-05	2e-05	0.0	0.0	0.0	4e-05	0.0	0.0	0.0	0.0	0.0	2e-05	2e-05	4e-05	4e-05	2e-05	4e-05	4e-05	8e-05	6e-05	4e-05	6e-05	6e-05	8e-05	2e-05	6e-05	6e-05	6e-05	0.00012	4e-05	0.00022	0.00014	0.0002	0.00018	0.0002	0.00044	0.00066	0.00078	0.00136	0.00204	0.0028	0.00358	0.00516	0.0076	0.00844	0.01128	0.01416	0.0172	0.0205	0.0228	0.02278	0.0246	0.02334	0.0242	0.02044	0.01962	0.01594	0.01356	0.01146	0.00936	0.0077	0.02292	
