#===============
# Ref : 1903.06248
# Experiment : ATLAS
# ll~ : mumu
# qq~ : ss~
# FF  : vector
# XY  :  LL LR RL RR
# coef : 01
# type : A*Reg
# Nevs : 50000
#===============
#
# XSEC	BIN_MIN	BIN_MAX 	 Kij 
# 225.0 232.51 240.271 248.291 256.579 265.143 273.994 283.139 292.59 302.357 312.449 322.878 333.656 344.793 356.302 368.195 380.485 393.185 406.309 419.872 433.887 448.369 463.336 478.801 494.783 511.299 528.365 546.002 564.227 583.06 602.522 622.634 643.417 664.894 687.087 710.022 733.722 758.213 783.521 809.674 836.7 864.629 893.489 923.313 954.133 985.981 1018.89 1052.9 1088.05 1124.36 1161.9 1200.68 1240.76 1282.17 1324.97 1369.2 1414.9 1462.13 1510.93 1561.36 1613.48 1667.34 1722.99 1780.5 1839.94 1901.35 1964.82 2030.4 2098.17 2168.21 2240.58 2315.37 2392.65 2472.52 2555.05 2640.34 2728.47 2819.54 2913.66 3010.91 3111.41 3215.27 3322.59 3433.5 3548.1 3666.54 3788.92 3915.39 4046.09 4181.14 4320.7 4464.92 4613.96 4767.97 4927.12 5091.58 5261.54 5437.16 5618.6 10000.0 
0.4773  200.0  300.0  0.03704	0.03644	0.03696	0.03804	0.0378	0.0382	0.03854	0.03404	0.02052	0.00488	0.00036	2e-05	0.0	0.0	0.0	0.0	0.0	0.0	0.0	0.0	0.0	0.0	0.0	0.0	0.0	0.0	0.0	0.0	0.0	0.0	0.0	0.0	0.0	0.0	0.0	0.0	0.0	0.0	0.0	0.0	0.0	0.0	0.0	0.0	0.0	0.0	0.0	0.0	0.0	0.0	0.0	0.0	0.0	0.0	0.0	0.0	0.0	0.0	0.0	0.0	0.0	0.0	0.0	0.0	0.0	0.0	0.0	0.0	0.0	0.0	0.0	0.0	0.0	0.0	0.0	0.0	0.0	0.0	0.0	0.0	0.0	0.0	0.0	0.0	0.0	0.0	0.0	0.0	0.0	0.0	0.0	0.0	0.0	0.0	0.0	0.0	0.0	0.0	0.0	
0.35737  300.0  400.0  0.00028	0.0003	0.00058	0.00042	0.0007	0.001	0.00262	0.00638	0.02434	0.04846	0.0534	0.0534	0.055	0.05456	0.05294	0.05056	0.04342	0.02326	0.00434	0.00082	0.00016	2e-05	2e-05	0.0	0.0	0.0	0.0	0.0	0.0	0.0	0.0	0.0	0.0	0.0	0.0	0.0	0.0	0.0	0.0	0.0	0.0	0.0	0.0	0.0	0.0	0.0	0.0	0.0	0.0	0.0	0.0	0.0	0.0	0.0	0.0	0.0	0.0	0.0	0.0	0.0	0.0	0.0	0.0	0.0	0.0	0.0	0.0	0.0	0.0	0.0	0.0	0.0	0.0	0.0	0.0	0.0	0.0	0.0	0.0	0.0	0.0	0.0	0.0	0.0	0.0	0.0	0.0	0.0	0.0	0.0	0.0	0.0	0.0	0.0	0.0	0.0	0.0	0.0	0.0	
0.27188  400.0  500.0  6e-05	0.0001	0.0003	0.00016	0.00018	0.0002	0.00024	0.0004	0.00044	0.00022	0.00042	0.00036	0.00056	0.00086	0.00168	0.00476	0.01352	0.04126	0.06492	0.07062	0.07056	0.07008	0.06502	0.0522	0.02248	0.00504	0.00098	0.00016	4e-05	2e-05	0.0	0.0	0.0	0.0	0.0	0.0	0.0	0.0	0.0	0.0	0.0	0.0	0.0	0.0	0.0	0.0	0.0	0.0	0.0	0.0	0.0	0.0	0.0	0.0	0.0	0.0	0.0	0.0	0.0	0.0	0.0	0.0	0.0	0.0	0.0	0.0	0.0	0.0	0.0	0.0	0.0	0.0	0.0	0.0	0.0	0.0	0.0	0.0	0.0	0.0	0.0	0.0	0.0	0.0	0.0	0.0	0.0	0.0	0.0	0.0	0.0	0.0	0.0	0.0	0.0	0.0	0.0	0.0	0.0	
0.20975  500.0  600.0  4e-05	6e-05	2e-05	8e-05	0.0001	8e-05	0.00016	0.0002	0.00012	0.0002	0.00018	0.00024	0.00022	0.00028	0.00032	0.00028	0.00038	0.00042	0.00078	0.00084	0.00154	0.00302	0.00824	0.0238	0.05558	0.08092	0.08488	0.07958	0.07036	0.04784	0.01806	0.00416	0.00134	0.0002	0.00012	4e-05	0.0	0.0	0.0	0.0	0.0	0.0	0.0	0.0	0.0	0.0	0.0	0.0	0.0	0.0	0.0	0.0	0.0	0.0	0.0	0.0	0.0	0.0	0.0	0.0	0.0	0.0	0.0	0.0	0.0	0.0	0.0	0.0	0.0	0.0	0.0	0.0	0.0	0.0	0.0	0.0	0.0	0.0	0.0	0.0	0.0	0.0	0.0	0.0	0.0	0.0	0.0	0.0	0.0	0.0	0.0	0.0	0.0	0.0	0.0	0.0	0.0	0.0	0.0	
0.16391  600.0  700.0  6e-05	6e-05	8e-05	8e-05	6e-05	0.0001	0.00012	6e-05	8e-05	8e-05	8e-05	0.00012	0.00014	6e-05	8e-05	0.0002	0.00024	0.00016	0.00014	0.00032	0.00042	0.00034	0.00044	0.00054	0.00096	0.00136	0.00302	0.00678	0.0183	0.04528	0.08124	0.09512	0.09166	0.07474	0.0449	0.01524	0.0036	0.00102	0.00046	0.0001	6e-05	0.0	0.0	0.0	0.0	0.0	0.0	0.0	0.0	0.0	0.0	0.0	0.0	0.0	0.0	0.0	0.0	0.0	0.0	0.0	0.0	0.0	0.0	0.0	0.0	0.0	0.0	0.0	0.0	0.0	0.0	0.0	0.0	0.0	0.0	0.0	0.0	0.0	0.0	0.0	0.0	0.0	0.0	0.0	0.0	0.0	0.0	0.0	0.0	0.0	0.0	0.0	0.0	0.0	0.0	0.0	0.0	0.0	0.0	
0.12931  700.0  800.0  6e-05	2e-05	2e-05	4e-05	4e-05	2e-05	8e-05	2e-05	6e-05	6e-05	0.0001	6e-05	0.0	0.0001	0.00016	2e-05	0.0001	0.00012	0.00018	0.00012	0.00016	0.0002	0.00024	0.00024	0.0003	0.0004	0.00036	0.00042	0.0007	0.0012	0.00216	0.005	0.01226	0.0304	0.06678	0.09436	0.09928	0.08428	0.05204	0.02116	0.0062	0.0018	0.00072	0.00026	4e-05	2e-05	2e-05	2e-05	0.0	0.0	0.0	0.0	0.0	0.0	0.0	0.0	0.0	0.0	0.0	0.0	0.0	0.0	0.0	0.0	0.0	0.0	0.0	0.0	0.0	0.0	0.0	0.0	0.0	0.0	0.0	0.0	0.0	0.0	0.0	0.0	0.0	0.0	0.0	0.0	0.0	0.0	0.0	0.0	0.0	0.0	0.0	0.0	0.0	0.0	0.0	0.0	0.0	0.0	0.0	
0.10305  800.0  900.0  6e-05	2e-05	2e-05	2e-05	2e-05	0.0001	2e-05	6e-05	2e-05	0.0	4e-05	0.00012	2e-05	6e-05	8e-05	0.0001	6e-05	0.0001	0.0002	0.0001	6e-05	0.00014	0.00016	6e-05	0.00022	0.0002	0.0003	0.0002	0.00032	0.00046	0.0005	0.00066	0.00074	0.00152	0.00282	0.00614	0.01288	0.03478	0.06986	0.0998	0.10496	0.08024	0.04328	0.01638	0.005	0.0016	0.0006	0.0002	8e-05	4e-05	0.0	0.0	2e-05	0.0	0.0	0.0	0.0	0.0	0.0	0.0	0.0	0.0	0.0	0.0	0.0	0.0	0.0	0.0	0.0	0.0	0.0	0.0	0.0	0.0	0.0	0.0	0.0	0.0	0.0	0.0	0.0	0.0	0.0	0.0	0.0	0.0	0.0	0.0	0.0	0.0	0.0	0.0	0.0	0.0	0.0	0.0	0.0	0.0	0.0	
0.082741  900.0  1000.0  4e-05	2e-05	4e-05	0.0	0.0	0.0	2e-05	8e-05	8e-05	6e-05	0.0001	4e-05	2e-05	4e-05	6e-05	6e-05	0.00012	6e-05	8e-05	0.00012	0.0001	0.00018	8e-05	0.00016	0.00016	0.00014	0.00022	0.00014	0.0002	0.00018	0.0002	0.0002	0.0002	0.0006	0.0008	0.00088	0.00108	0.00242	0.00538	0.01134	0.02562	0.05398	0.0893	0.10522	0.09064	0.05392	0.02466	0.00948	0.00274	0.00116	0.00048	0.00018	0.0001	0.0	0.0	2e-05	0.0	0.0	0.0	0.0	0.0	0.0	0.0	0.0	0.0	0.0	0.0	0.0	0.0	0.0	0.0	0.0	0.0	0.0	0.0	0.0	0.0	0.0	0.0	0.0	0.0	0.0	0.0	0.0	0.0	0.0	0.0	0.0	0.0	0.0	0.0	0.0	0.0	0.0	0.0	0.0	0.0	0.0	0.0	
0.12113  1000.0  1200.0  4e-05	2e-05	0.0	6e-05	0.0	6e-05	2e-05	2e-05	2e-05	2e-05	0.0	8e-05	6e-05	4e-05	6e-05	8e-05	8e-05	4e-05	2e-05	0.00012	2e-05	8e-05	4e-05	8e-05	8e-05	6e-05	8e-05	0.0002	0.0001	0.0002	8e-05	0.00014	0.0003	0.00028	0.0002	0.0003	0.00032	0.00046	0.00068	0.00104	0.00162	0.00312	0.00588	0.0151	0.03124	0.05414	0.07098	0.07558	0.06964	0.05966	0.04128	0.02352	0.01006	0.00366	0.00156	0.00056	0.00022	0.00018	4e-05	6e-05	0.0	0.0	0.0	0.0	0.0	0.0	0.0	0.0	0.0	0.0	0.0	0.0	0.0	0.0	0.0	0.0	0.0	0.0	0.0	0.0	0.0	0.0	0.0	0.0	0.0	0.0	0.0	0.0	0.0	0.0	0.0	0.0	0.0	0.0	0.0	0.0	0.0	0.0	0.0	
0.080638  1200.0  1400.0  0.0	0.0	0.0	2e-05	0.0	0.0	6e-05	8e-05	2e-05	0.0	4e-05	2e-05	2e-05	2e-05	2e-05	4e-05	4e-05	6e-05	0.0	2e-05	4e-05	2e-05	4e-05	8e-05	4e-05	2e-05	0.0002	0.0001	4e-05	4e-05	0.00016	8e-05	0.00012	0.0002	0.00012	0.00016	0.00022	0.00014	0.00016	0.00042	0.00034	0.00048	0.00056	0.00062	0.00118	0.00154	0.00276	0.00692	0.01294	0.02882	0.04678	0.06846	0.0785	0.07412	0.05922	0.04058	0.02328	0.01036	0.00456	0.00184	0.00066	0.00032	0.00012	0.0001	2e-05	0.0	4e-05	0.0	0.0	0.0	0.0	0.0	0.0	0.0	0.0	0.0	0.0	0.0	0.0	0.0	0.0	0.0	0.0	0.0	0.0	0.0	0.0	0.0	0.0	0.0	0.0	0.0	0.0	0.0	0.0	0.0	0.0	0.0	0.0	
0.054559  1400.0  1600.0  0.0	0.0	0.0	0.0	0.0	0.0	0.0	0.0	4e-05	2e-05	0.0	0.0	2e-05	0.0	0.0	4e-05	0.0	0.0001	4e-05	0.0	4e-05	4e-05	2e-05	2e-05	8e-05	8e-05	6e-05	8e-05	8e-05	8e-05	6e-05	0.0001	8e-05	0.0001	2e-05	6e-05	0.00012	0.0002	0.0002	0.00016	0.00014	0.0001	0.00024	0.0003	0.0002	0.00028	0.00046	0.0007	0.00088	0.00172	0.00296	0.0055	0.01162	0.02214	0.03898	0.05886	0.07136	0.0757	0.06332	0.04648	0.02922	0.01588	0.00654	0.00302	0.0013	0.00044	0.00022	0.00016	0.0001	0.0	2e-05	4e-05	0.0	0.0	0.0	2e-05	0.0	0.0	0.0	0.0	0.0	0.0	0.0	0.0	0.0	0.0	0.0	0.0	0.0	0.0	0.0	0.0	0.0	0.0	0.0	0.0	0.0	0.0	0.0	
0.037383  1600.0  1800.0  0.0	0.0	0.0	2e-05	0.0	0.0	2e-05	0.0	0.0	2e-05	0.0	6e-05	2e-05	4e-05	0.0	2e-05	2e-05	2e-05	4e-05	4e-05	4e-05	6e-05	4e-05	6e-05	0.0	4e-05	2e-05	0.0001	2e-05	2e-05	2e-05	2e-05	2e-05	8e-05	4e-05	8e-05	6e-05	6e-05	0.00012	0.00016	0.0001	0.00014	0.00018	0.00018	0.00018	0.00022	0.00026	0.00024	0.0004	0.00048	0.00056	0.00084	0.0013	0.00206	0.00362	0.00754	0.01424	0.02556	0.04114	0.05888	0.07	0.0695	0.05826	0.04244	0.02592	0.01424	0.00664	0.0034	0.00146	0.0005	0.00032	0.0002	6e-05	6e-05	2e-05	6e-05	0.0	0.0	2e-05	2e-05	0.0	0.0	0.0	0.0	0.0	0.0	0.0	0.0	0.0	0.0	0.0	0.0	0.0	0.0	0.0	0.0	0.0	0.0	0.0	
0.025837  1800.0  2000.0  0.0	0.0	0.0	0.0	0.0	0.0	2e-05	2e-05	0.0	0.0	2e-05	2e-05	0.0	0.0	0.0	0.0	2e-05	2e-05	2e-05	2e-05	2e-05	2e-05	2e-05	0.0	4e-05	8e-05	4e-05	0.0	6e-05	6e-05	0.00012	8e-05	2e-05	6e-05	2e-05	8e-05	0.0001	0.0001	8e-05	0.0001	0.00018	0.0001	0.0001	0.0001	6e-05	0.00012	0.00012	0.00028	0.00024	0.00028	0.0003	0.00028	0.0005	0.00046	0.00108	0.00146	0.00192	0.00368	0.00798	0.01316	0.02174	0.03586	0.04974	0.06314	0.06308	0.06	0.0476	0.03158	0.01942	0.01016	0.0055	0.0023	0.00132	0.00068	0.0002	0.00026	8e-05	0.00012	0.0	0.0	8e-05	0.0	0.0	0.0	0.0	0.0	0.0	0.0	0.0	0.0	0.0	0.0	0.0	0.0	0.0	0.0	0.0	0.0	0.0	
0.021626  2000.0  2250.0  0.0	0.0	0.0	2e-05	0.0	0.0	0.0	2e-05	0.0	0.0	0.0	0.0	0.0	0.0	2e-05	0.0	0.0	0.0	0.0	4e-05	0.0	2e-05	6e-05	2e-05	8e-05	2e-05	0.0	0.0	2e-05	2e-05	0.0	2e-05	6e-05	2e-05	2e-05	2e-05	2e-05	6e-05	6e-05	8e-05	4e-05	4e-05	0.0001	8e-05	8e-05	6e-05	6e-05	6e-05	0.00012	0.00014	0.00016	0.00012	0.0002	0.0003	0.00038	0.00044	0.00078	0.0011	0.00114	0.00264	0.00444	0.00678	0.01282	0.02094	0.03158	0.04328	0.05434	0.05846	0.05486	0.04622	0.03566	0.02294	0.01454	0.00764	0.00422	0.0022	0.00078	0.00066	0.00042	0.00022	0.0001	6e-05	6e-05	0.0	0.0	2e-05	0.0	0.0	0.0	0.0	0.0	0.0	0.0	0.0	0.0	0.0	0.0	0.0	0.0	
0.013925  2250.0  2500.0  0.0	0.0	2e-05	0.0	0.0	0.0	0.0	0.0	0.0	2e-05	0.0	0.0	0.0	0.0	2e-05	0.0	4e-05	2e-05	0.0	0.0	2e-05	0.0	2e-05	4e-05	4e-05	0.0	0.0	0.0	0.0	4e-05	0.0	0.0	6e-05	2e-05	6e-05	2e-05	2e-05	8e-05	0.0	0.0	2e-05	4e-05	8e-05	0.00014	8e-05	0.0001	8e-05	6e-05	0.00012	2e-05	0.0001	0.00018	0.00012	0.0002	0.00016	0.0003	0.00034	0.00048	0.00046	0.0005	0.00084	0.00144	0.00244	0.00382	0.00706	0.01142	0.01714	0.02964	0.03816	0.04644	0.0513	0.05122	0.04712	0.0368	0.02626	0.01874	0.01066	0.00658	0.00332	0.00182	0.0009	0.00056	0.0003	0.0002	0.00012	4e-05	8e-05	0.0	0.0	2e-05	0.0	0.0	2e-05	0.0	0.0	0.0	0.0	0.0	0.0	
0.009054  2500.0  2750.0  0.0	2e-05	2e-05	0.0	0.0	2e-05	0.0	0.0	0.0	2e-05	2e-05	0.0	0.0	2e-05	0.0	2e-05	0.0	0.0	0.0	0.0	4e-05	0.0	0.0	2e-05	2e-05	2e-05	2e-05	4e-05	0.0	0.0	0.0	8e-05	2e-05	2e-05	2e-05	4e-05	6e-05	4e-05	2e-05	8e-05	6e-05	6e-05	2e-05	0.0001	6e-05	8e-05	8e-05	4e-05	4e-05	0.00012	0.0001	0.00016	0.00018	0.00016	0.00018	0.00018	0.00012	0.00012	0.00028	0.00024	0.00052	0.00038	0.00082	0.00144	0.00176	0.00356	0.00516	0.00818	0.01276	0.01948	0.0277	0.03524	0.04324	0.04648	0.04656	0.04298	0.0344	0.0274	0.0182	0.01256	0.00758	0.00384	0.00238	0.0015	0.00064	0.00042	0.00032	0.00028	8e-05	2e-05	2e-05	2e-05	0.0	0.0	0.0	0.0	0.0	0.0	0.0	
0.005934  2750.0  3000.0  0.0	0.0	0.0	0.0	0.0	0.0	0.0	0.0	2e-05	2e-05	0.0	2e-05	0.0	2e-05	0.0	2e-05	2e-05	0.0	0.0	0.0	0.0	2e-05	2e-05	2e-05	0.0	0.0	4e-05	0.0	0.0	0.0	6e-05	0.0	2e-05	2e-05	4e-05	0.0	2e-05	2e-05	4e-05	2e-05	4e-05	2e-05	4e-05	2e-05	4e-05	0.0001	0.0001	0.0	4e-05	8e-05	6e-05	0.0001	8e-05	0.00012	0.00012	8e-05	8e-05	0.00016	0.00034	0.0003	0.0003	0.00018	0.0004	0.0005	0.0009	0.00118	0.00162	0.00284	0.00448	0.00638	0.01124	0.01476	0.02222	0.02834	0.0355	0.0406	0.04374	0.0417	0.03696	0.03158	0.02336	0.01736	0.01158	0.0075	0.00428	0.00266	0.00154	0.00076	0.00052	0.00024	0.00012	4e-05	2e-05	4e-05	2e-05	2e-05	0.0	0.0	2e-05	
0.006516  3000.0  3500.0  0.0	0.0	0.0	0.0	0.0	0.0	0.0	0.0	0.0	0.0	2e-05	0.0	0.0	0.0	0.0	0.0	0.0	0.0	0.0	0.0	0.0	2e-05	0.0	0.0	0.0	2e-05	0.0	0.0	0.0	2e-05	2e-05	0.0	2e-05	0.0	2e-05	6e-05	0.0	6e-05	2e-05	2e-05	0.0	2e-05	0.0	0.0	0.0001	6e-05	6e-05	4e-05	8e-05	0.0001	0.0	6e-05	8e-05	0.0001	8e-05	2e-05	0.00012	0.00016	6e-05	0.00028	0.00018	0.00018	0.00012	0.00024	0.00038	0.00034	0.00076	0.00116	0.0015	0.00228	0.00294	0.00492	0.00726	0.01152	0.01412	0.01988	0.02652	0.03098	0.0361	0.03596	0.03496	0.0334	0.02878	0.02448	0.01904	0.0156	0.0097	0.00704	0.0044	0.0026	0.0019	0.00098	0.00048	0.00038	0.00026	6e-05	4e-05	0.0	2e-05	
0.002918  3500.0  4000.0  0.0	0.0	0.0	0.0	0.0	0.0	2e-05	0.0	0.0	2e-05	0.0	0.0	0.0	0.0	0.0	0.0	0.0	0.0	2e-05	2e-05	2e-05	0.0	0.0	2e-05	0.0	0.0	4e-05	0.0	2e-05	0.0	2e-05	4e-05	6e-05	0.0	0.0	2e-05	0.0	4e-05	2e-05	0.0	6e-05	2e-05	2e-05	2e-05	4e-05	2e-05	6e-05	4e-05	2e-05	4e-05	4e-05	2e-05	4e-05	0.0001	2e-05	4e-05	8e-05	8e-05	2e-05	0.00016	8e-05	0.00016	0.00012	0.00024	0.00026	0.00016	0.00026	0.00026	0.00052	0.00044	0.00092	0.00104	0.00172	0.00324	0.00392	0.00562	0.00828	0.01128	0.01466	0.01796	0.0229	0.02626	0.02992	0.0313	0.03062	0.03016	0.02784	0.02398	0.0189	0.01414	0.01224	0.00884	0.00624	0.00436	0.0028	0.00164	0.00082	0.00064	0.00104	
0.002477  4000.0  15000.0  0.0	0.0	2e-05	0.0	0.0	0.0	0.0	0.0	0.0	0.0	0.0	0.0	2e-05	0.0	0.0	2e-05	0.0	0.0	0.0	0.0	0.0	0.0	0.0	0.0	2e-05	0.0	0.0	2e-05	0.0	0.0	0.0	0.0	0.0	0.0	2e-05	2e-05	4e-05	0.0	4e-05	4e-05	2e-05	0.0	2e-05	0.0	4e-05	0.0	0.0	6e-05	6e-05	4e-05	0.0	6e-05	0.0	6e-05	0.00014	2e-05	4e-05	8e-05	4e-05	0.0	4e-05	6e-05	8e-05	6e-05	4e-05	0.00012	4e-05	0.00014	0.00024	0.00026	0.00032	0.00032	0.0006	0.00074	0.00114	0.00156	0.00204	0.0028	0.0041	0.0051	0.00696	0.00868	0.0111	0.01344	0.01638	0.01848	0.01894	0.02084	0.02162	0.02188	0.02124	0.01938	0.01862	0.0154	0.01428	0.01194	0.00964	0.00818	0.03182	
