#===============
# ll~ : mumu
# qq~ : cc~
# FF  : vector
# XY  : LL RR  
# coef : 0 0
# type : A*A
# Nevs : 50000
#===============
#
# XSEC	BIN_MIN	BIN_MAX 	 Kij 
#
78.282  200.0  300.0  0.0	0.0	4e-05	0.0006	0.00086	0.00414	0.07062	0.09068	0.0726	0.05608	0.0407	0.0151	0.00014	0.0	0.0	0.0	0.0	0.0	0.0	0.0	0.0	0.0	0.0	0.0	0.0	0.0	0.0	0.0	0.0	0.0	0.0	0.0	0.0	0.0	0.0	0.0	0.0	0.0	0.0	0.0	0.0	0.0	0.0	0.0	
13.7488  300.0  400.0  0.0	0.0	0.0	4e-05	0.00014	0.00018	0.00036	0.0005	0.00074	0.0012	0.00612	0.09062	0.13188	0.09818	0.0612	0.01014	2e-05	2e-05	0.0	0.0	0.0	0.0	0.0	0.0	0.0	0.0	0.0	0.0	0.0	0.0	0.0	0.0	0.0	0.0	0.0	0.0	0.0	0.0	0.0	0.0	0.0	0.0	0.0	0.0	
3.602  400.0  500.0  0.0	0.0	0.0	0.0	2e-05	2e-05	8e-05	0.00018	0.00018	0.0003	0.00046	0.00076	0.00092	0.00298	0.02736	0.16066	0.14006	0.0797	0.0072	0.0001	0.0	0.0	0.0	0.0	0.0	0.0	0.0	0.0	0.0	0.0	0.0	0.0	0.0	0.0	0.0	0.0	0.0	0.0	0.0	0.0	0.0	0.0	0.0	0.0	
1.1922  500.0  600.0  0.0	0.0	0.0	0.0	2e-05	4e-05	4e-05	0.00012	0.0001	0.00012	0.0003	0.00032	0.00052	0.0006	0.00092	0.00142	0.00484	0.06432	0.18792	0.13802	0.0294	0.0009	2e-05	0.0	0.0	0.0	0.0	0.0	0.0	0.0	0.0	0.0	0.0	0.0	0.0	0.0	0.0	0.0	0.0	0.0	0.0	0.0	0.0	0.0	
0.4613  600.0  700.0  0.0	0.0	0.0	0.0	0.0	0.0	4e-05	6e-05	8e-05	0.00012	0.00018	0.00032	0.00036	0.0003	0.00026	0.0007	0.00094	0.0013	0.00396	0.04008	0.193	0.15722	0.03286	0.00102	2e-05	0.0	0.0	0.0	0.0	0.0	0.0	0.0	0.0	0.0	0.0	0.0	0.0	0.0	0.0	0.0	0.0	0.0	0.0	0.0	
0.19914  700.0  800.0  0.0	0.0	0.0	0.0	0.0	2e-05	2e-05	0.0	4e-05	6e-05	0.00012	0.00018	0.00022	0.00022	0.00034	0.00038	0.00064	0.00058	0.00078	0.00156	0.00602	0.05754	0.21176	0.14126	0.01818	0.0008	4e-05	0.0	0.0	0.0	0.0	0.0	0.0	0.0	0.0	0.0	0.0	0.0	0.0	0.0	0.0	0.0	0.0	0.0	
0.09353  800.0  900.0  0.0	0.0	0.0	6e-05	0.0	4e-05	2e-05	0.0	0.0	6e-05	0.0	8e-05	6e-05	0.00024	0.0001	0.00026	0.00038	0.00036	0.00068	0.00072	0.00128	0.00248	0.0147	0.1186	0.22002	0.0743	0.0053	0.00026	0.0	0.0	0.0	0.0	0.0	0.0	0.0	0.0	0.0	0.0	0.0	0.0	0.0	0.0	0.0	0.0	
0.04688  900.0  1000.0  0.0	0.0	0.0	0.0	0.0	2e-05	2e-05	2e-05	0.0	2e-05	2e-05	8e-05	0.0001	6e-05	0.00022	0.00014	0.00028	0.00034	0.0003	0.00052	0.0004	0.00102	0.00204	0.0073	0.05954	0.2139	0.13872	0.0183	0.00126	0.0001	0.0	0.0	0.0	0.0	0.0	0.0	0.0	0.0	0.0	0.0	0.0	0.0	0.0	0.0	
0.03839  1000.0  1200.0  0.0	0.0	0.0	0.0	2e-05	0.0	2e-05	0.0	2e-05	2e-05	4e-05	2e-05	6e-05	8e-05	8e-05	4e-05	6e-05	0.00016	0.0003	0.00034	0.00034	0.00058	0.00082	0.00132	0.0033	0.02552	0.12346	0.16862	0.09344	0.01982	0.00172	0.00022	2e-05	0.0	0.0	0.0	0.0	0.0	0.0	0.0	0.0	0.0	0.0	0.0	
0.01244  1200.0  1400.0  0.0	0.0	0.0	0.0	0.0	0.0	0.0	0.0	0.0	2e-05	2e-05	6e-05	2e-05	4e-05	6e-05	6e-05	0.0001	8e-05	0.00022	0.00036	0.00022	0.00032	0.00028	0.00052	0.00072	0.0016	0.00346	0.01976	0.09852	0.1751	0.1081	0.0259	0.00258	0.00036	2e-05	0.0	0.0	0.0	0.0	0.0	0.0	0.0	0.0	0.0	
0.00453  1400.0  1600.0  0.0	0.0	0.0	0.0	0.0	0.0	0.0	0.0	0.0	0.0	0.0	4e-05	2e-05	4e-05	4e-05	4e-05	4e-05	8e-05	0.00012	6e-05	0.00024	0.0003	0.00026	0.00038	0.00024	0.00048	0.00094	0.0019	0.00544	0.02982	0.11526	0.16548	0.08768	0.01918	0.00274	0.00032	0.0	0.0	0.0	0.0	0.0	0.0	0.0	0.0	
0.0018  1600.0  1800.0  0.0	0.0	0.0	0.0	0.0	2e-05	0.0	0.0	0.0	4e-05	0.0	0.0	0.0	0.0	4e-05	2e-05	6e-05	0.00016	0.0001	8e-05	0.00014	0.00032	0.0001	0.00042	0.00034	0.00056	0.00044	0.0007	0.00098	0.00262	0.01344	0.05972	0.14602	0.13902	0.05368	0.01018	0.00154	0.00012	0.0	0.0	0.0	0.0	0.0	0.0	
0.00077  1800.0  2000.0  0.0	0.0	2e-05	0.0	0.0	0.0	0.0	2e-05	0.0	0.0	2e-05	2e-05	4e-05	0.0	2e-05	2e-05	6e-05	6e-05	0.0001	8e-05	8e-05	0.00016	0.00022	0.00016	0.00018	0.0004	0.00036	0.00044	0.00058	0.00094	0.00238	0.00812	0.03802	0.10644	0.14758	0.0861	0.02354	0.00392	0.00068	2e-05	2e-05	0.0	0.0	0.0	
0.0004  2000.0  2250.0  0.0	0.0	0.0	0.0	0.0	0.0	2e-05	0.0	2e-05	0.0	0.0	0.0	0.0	4e-05	2e-05	0.0	0.0	4e-05	6e-05	6e-05	6e-05	0.00014	0.0001	4e-05	0.00024	0.0001	0.00022	0.0003	0.00034	0.0004	0.00112	0.00176	0.00606	0.02712	0.08052	0.13368	0.10892	0.04296	0.01132	0.0015	0.00028	6e-05	0.0	0.0	
0.00016  2250.0  2500.0  0.0	0.0	0.0	0.0	0.0	0.0	0.0	0.0	2e-05	0.0	2e-05	0.0	2e-05	2e-05	0.0	2e-05	0.0	6e-05	6e-05	8e-05	8e-05	8e-05	0.00014	0.0001	0.00014	0.00016	0.00028	0.00024	0.00018	0.0003	0.00066	0.00076	0.00194	0.0047	0.01772	0.05854	0.10978	0.12106	0.06682	0.02244	0.00558	0.0008	0.00024	4e-05	
7e-05  2500.0  2750.0  0.0	0.0	0.0	0.0	0.0	0.0	0.0	0.0	0.0	0.0	0.0	2e-05	0.0	0.0	2e-05	2e-05	4e-05	4e-05	2e-05	6e-05	4e-05	0.0001	0.00016	0.00014	0.00024	0.00018	0.00018	0.00018	0.00018	0.0004	0.00044	0.00048	0.00074	0.00132	0.00432	0.01498	0.04744	0.09468	0.11612	0.0797	0.03356	0.00982	0.00158	0.00046	
3e-05  2750.0  3000.0  0.0	0.0	0.0	0.0	0.0	0.0	0.0	0.0	4e-05	0.0	0.0	0.0	0.0	2e-05	2e-05	0.0	2e-05	4e-05	0.0	6e-05	4e-05	6e-05	8e-05	0.0001	0.00018	0.00012	0.00018	0.0002	0.00014	0.00016	0.00038	0.00034	0.0005	0.00068	0.00194	0.00526	0.01542	0.043	0.08502	0.10382	0.08388	0.0402	0.0126	0.00354	
2e-05  3000.0  3500.0  0.0	0.0	0.0	0.0	2e-05	0.0	0.0	0.0	0.0	0.0	0.0	2e-05	0.0	2e-05	0.0	0.0	0.0	0.0	4e-05	2e-05	2e-05	0.0001	6e-05	4e-05	0.0	0.0001	8e-05	8e-05	0.00016	0.0002	0.00024	0.00024	0.00028	0.00042	0.00078	0.00152	0.00436	0.01352	0.0366	0.07	0.09236	0.08312	0.04988	0.02382	
0.0  3500.0  4000.0  0.0	0.0	0.0	0.0	0.0	2e-05	0.0	0.0	0.0	2e-05	0.0	0.0	0.0	0.0	0.0	2e-05	0.0	0.0	2e-05	2e-05	0.0	2e-05	2e-05	4e-05	4e-05	4e-05	4e-05	8e-05	0.00014	8e-05	8e-05	0.00016	0.00022	0.00026	0.00026	0.00058	0.00112	0.00326	0.00816	0.01968	0.04334	0.06906	0.08004	0.06776	
0.0  4000.0  15000.0  0.0	0.0	0.0	0.0	0.0	0.0	0.0	0.0	0.0	0.0	0.0	0.0	2e-05	0.0	0.0	2e-05	0.0	0.0	2e-05	2e-05	0.0	0.0	0.0	2e-05	2e-05	0.0	2e-05	6e-05	8e-05	0.0002	8e-05	0.0002	0.00016	0.00012	0.00024	0.00032	0.00046	0.00066	0.00232	0.00532	0.01308	0.0264	0.04426	0.06072	
