#===============
# ll~ : mumu
# qq~ : ss~
# FF  : vector
# XY  : LL RR  
# coef : 0 1
# type : Z*Reg
# Nevs : 50000
#===============
#
# XSEC	BIN_MIN	BIN_MAX 	 Kij 
#
1.0484  200.0  300.0  0.0	0.0	0.0	0.0004	0.00066	0.00352	0.05432	0.08526	0.08716	0.08352	0.08514	0.0388	0.00054	0.0	0.0	0.0	0.0	0.0	0.0	0.0	0.0	0.0	0.0	0.0	0.0	0.0	0.0	0.0	0.0	0.0	0.0	0.0	0.0	0.0	0.0	0.0	0.0	0.0	0.0	0.0	0.0	0.0	0.0	0.0	
0.7233  300.0  400.0  0.0	0.0	2e-05	0.0001	2e-05	0.00016	0.0005	0.0004	0.00082	0.0012	0.00548	0.07464	0.12656	0.12954	0.11032	0.01946	0.00022	0.0	0.0	0.0	0.0	0.0	0.0	0.0	0.0	0.0	0.0	0.0	0.0	0.0	0.0	0.0	0.0	0.0	0.0	0.0	0.0	0.0	0.0	0.0	0.0	0.0	0.0	0.0	
0.53442  400.0  500.0  0.0	0.0	0.0	0.0	0.00012	6e-05	0.00012	0.00014	0.00024	0.00032	0.0004	0.00072	0.00102	0.00292	0.02464	0.146	0.16622	0.11868	0.01344	0.00024	0.0	0.0	0.0	0.0	0.0	0.0	0.0	0.0	0.0	0.0	0.0	0.0	0.0	0.0	0.0	0.0	0.0	0.0	0.0	0.0	0.0	0.0	0.0	0.0	
0.40627  500.0  600.0  0.0	0.0	0.0	2e-05	0.0	4e-05	2e-05	6e-05	0.00018	0.00014	0.00018	0.0004	0.00048	0.00078	0.0006	0.00112	0.00588	0.0579	0.19184	0.17418	0.04334	0.00142	2e-05	0.0	0.0	0.0	0.0	0.0	0.0	0.0	0.0	0.0	0.0	0.0	0.0	0.0	0.0	0.0	0.0	0.0	0.0	0.0	0.0	0.0	
0.31484  600.0  700.0  0.0	0.0	2e-05	2e-05	0.0	2e-05	4e-05	4e-05	6e-05	6e-05	0.00016	0.00028	0.00032	0.00034	0.0004	0.00044	0.00088	0.00162	0.00472	0.03618	0.19034	0.19414	0.04772	0.00188	6e-05	0.0	0.0	0.0	0.0	0.0	0.0	0.0	0.0	0.0	0.0	0.0	0.0	0.0	0.0	0.0	0.0	0.0	0.0	0.0	
0.24743  700.0  800.0  0.0	0.0	0.0	0.0	0.0	2e-05	0.0	2e-05	4e-05	2e-05	0.00012	0.00014	0.00012	0.00028	0.00024	0.00032	0.0007	0.00088	0.00108	0.00158	0.00634	0.05546	0.2185	0.16942	0.02434	0.00136	4e-05	0.0	0.0	0.0	0.0	0.0	0.0	0.0	0.0	0.0	0.0	0.0	0.0	0.0	0.0	0.0	0.0	0.0	
0.19636  800.0  900.0  0.0	0.0	0.0	0.0	2e-05	0.0	2e-05	6e-05	0.0	4e-05	4e-05	4e-05	4e-05	0.00012	0.00018	0.00028	0.00028	0.00044	0.00046	0.00064	0.00136	0.00278	0.01612	0.1178	0.23804	0.0898	0.00704	0.0005	0.0	2e-05	2e-05	0.0	0.0	0.0	0.0	0.0	0.0	0.0	0.0	0.0	0.0	0.0	0.0	0.0	
0.15727  900.0  1000.0  0.0	0.0	0.0	0.0	0.0	0.0	4e-05	2e-05	2e-05	4e-05	8e-05	6e-05	8e-05	8e-05	0.00016	0.00016	0.00018	0.00032	0.0003	0.00056	0.00056	0.00102	0.00212	0.00774	0.05836	0.21842	0.16292	0.02338	0.00162	0.0002	0.0	0.0	0.0	0.0	0.0	0.0	0.0	0.0	0.0	0.0	0.0	0.0	0.0	0.0	
0.22975  1000.0  1200.0  0.0	0.0	0.0	0.0	0.0	0.0	0.0	2e-05	6e-05	2e-05	0.0	2e-05	4e-05	4e-05	0.0002	0.0001	0.00032	0.0002	0.0002	0.00022	0.00052	0.00062	0.0007	0.00142	0.0039	0.02248	0.10914	0.1793	0.12178	0.02908	0.00324	0.00026	6e-05	0.0	0.0	0.0	0.0	0.0	0.0	0.0	0.0	0.0	0.0	0.0	
0.15276  1200.0  1400.0  0.0	0.0	0.0	0.0	0.0	0.0	0.0	0.0	2e-05	0.0	0.0	0.0	4e-05	6e-05	4e-05	0.0001	0.0001	0.0002	0.00018	0.0003	0.00024	0.00022	0.00038	0.00062	0.00064	0.00142	0.00372	0.01942	0.09226	0.17928	0.12626	0.0352	0.0038	0.00058	4e-05	4e-05	0.0	0.0	0.0	0.0	0.0	0.0	0.0	0.0	
0.1032  1400.0  1600.0  0.0	0.0	0.0	2e-05	2e-05	2e-05	2e-05	0.0	0.0	0.0	2e-05	2e-05	2e-05	2e-05	4e-05	8e-05	4e-05	6e-05	6e-05	4e-05	0.00012	0.00018	0.00034	0.00032	0.00036	0.0007	0.00114	0.00204	0.00536	0.03018	0.11182	0.17342	0.10138	0.0252	0.00318	0.00038	0.0001	0.0	0.0	0.0	0.0	0.0	0.0	0.0	
0.07063  1600.0  1800.0  0.0	0.0	0.0	0.0	0.0	4e-05	0.0	2e-05	0.0	0.0	0.0	2e-05	0.0	4e-05	2e-05	8e-05	4e-05	0.00016	4e-05	0.00012	0.00016	8e-05	0.00032	0.00034	0.00034	0.00024	0.0004	0.00068	0.0014	0.00314	0.01278	0.05956	0.14344	0.14618	0.06242	0.0123	0.00196	0.00058	4e-05	4e-05	0.0	0.0	0.0	0.0	
0.04879  1800.0  2000.0  0.0	0.0	0.0	0.0	0.0	0.0	0.0	0.0	0.0	0.0	0.0	0.0	2e-05	0.0	0.0	0.0	4e-05	8e-05	0.00012	0.00012	4e-05	4e-05	4e-05	0.00016	0.0001	0.0001	0.0003	0.00056	0.00076	0.0012	0.00238	0.0091	0.0369	0.10696	0.15386	0.09464	0.02824	0.00508	0.00074	0.00016	0.0	0.0	0.0	0.0	
0.0408  2000.0  2250.0  0.0	0.0	0.0	0.0	0.0	0.0	0.0	0.0	2e-05	0.0	4e-05	2e-05	0.0	0.0	6e-05	4e-05	0.0	2e-05	0.0	0.00012	8e-05	0.00012	0.00014	0.0001	0.00026	0.00012	0.0002	0.00018	0.0004	0.00044	0.00106	0.00228	0.0073	0.02726	0.0785	0.1336	0.11176	0.04888	0.01234	0.00272	0.00064	0.00018	4e-05	0.0	
0.02628  2250.0  2500.0  0.0	0.0	0.0	0.0	0.0	0.0	0.0	4e-05	0.0	0.0	0.0	0.0	0.0	0.0	2e-05	6e-05	0.0	4e-05	4e-05	8e-05	0.0001	2e-05	2e-05	8e-05	0.00018	0.00016	0.00018	0.0003	0.00024	0.0003	0.00054	0.00096	0.00194	0.00522	0.0184	0.05754	0.10846	0.12076	0.07534	0.02464	0.00556	0.00128	0.0003	8e-05	
0.01706  2500.0  2750.0  0.0	0.0	0.0	0.0	0.0	0.0	0.0	0.0	0.0	2e-05	0.0	2e-05	2e-05	0.0	2e-05	4e-05	0.0	0.0	6e-05	2e-05	4e-05	4e-05	8e-05	0.0001	6e-05	0.00016	0.00022	0.00028	0.00012	0.00034	0.00052	0.0004	0.00108	0.0019	0.00562	0.01734	0.04808	0.0917	0.111	0.08204	0.03622	0.01114	0.00228	0.00042	
0.01118  2750.0  3000.0  0.0	0.0	0.0	0.0	0.0	0.0	2e-05	2e-05	0.0	0.0	0.0	0.0	0.0	4e-05	2e-05	2e-05	0.0	2e-05	4e-05	0.0	4e-05	2e-05	0.00012	4e-05	8e-05	4e-05	8e-05	0.00012	0.00022	0.0002	0.00024	0.00046	0.00058	0.00084	0.00202	0.00576	0.01672	0.04372	0.0812	0.10526	0.08206	0.04284	0.01438	0.0035	
0.01228  3000.0  3500.0  0.0	0.0	0.0	0.0	0.0	0.0	0.0	0.0	2e-05	0.0	0.0	0.0	0.0	0.0	4e-05	0.0	0.0	0.0	2e-05	2e-05	6e-05	4e-05	4e-05	0.0001	6e-05	8e-05	0.00014	0.00012	6e-05	0.00014	0.0002	0.00026	0.00034	0.00052	0.0009	0.00188	0.00514	0.01428	0.0352	0.06604	0.08826	0.07846	0.05358	0.0266	
0.0055  3500.0  4000.0  0.0	0.0	0.0	0.0	0.0	0.0	2e-05	0.0	0.0	0.0	0.0	0.0	2e-05	0.0	0.0	0.0	0.0	2e-05	0.0	2e-05	4e-05	0.0001	0.0	2e-05	6e-05	6e-05	4e-05	4e-05	0.00018	8e-05	0.00016	0.00018	0.00022	0.0004	0.00046	0.00052	0.00166	0.00366	0.0089	0.02138	0.0432	0.06514	0.07526	0.0669	
0.00467  4000.0  15000.0  0.0	0.0	0.0	0.0	0.0	2e-05	2e-05	0.0	2e-05	0.0	0.0	2e-05	0.0	0.0	0.0	0.0	0.0	4e-05	0.0	0.0	0.0	0.0	2e-05	0.00012	4e-05	4e-05	4e-05	4e-05	8e-05	8e-05	0.0001	0.00016	0.0001	0.00018	0.00022	0.0003	0.0005	0.00108	0.00272	0.00544	0.012	0.02128	0.0361	0.0483	
