#===============
# ll~ : mumu
# qq~ : cc~
# FF  : vector
# XY  : LL RR  
# coef : 0 0
# type : Reg*Reg
# Nevs : 50000
#===============
#
# XSEC	BIN_MIN	BIN_MAX 	 Kij 
#
16.0186  200.0  300.0  0.0	0.0	0.0	0.00026	0.00078	0.00254	0.0389	0.06454	0.06986	0.07084	0.07506	0.0351	0.00038	0.0	0.0	0.0	0.0	0.0	0.0	0.0	0.0	0.0	0.0	0.0	0.0	0.0	0.0	0.0	0.0	0.0	0.0	0.0	0.0	0.0	0.0	0.0	0.0	0.0	0.0	0.0	0.0	0.0	0.0	0.0	
11.7066  300.0  400.0  0.0	0.0	0.0	4e-05	0.0001	0.00018	0.00032	0.0003	0.0007	0.00126	0.00436	0.06178	0.11364	0.11108	0.09682	0.01516	0.00012	0.0	0.0	0.0	0.0	0.0	0.0	0.0	0.0	0.0	0.0	0.0	0.0	0.0	0.0	0.0	0.0	0.0	0.0	0.0	0.0	0.0	0.0	0.0	0.0	0.0	0.0	0.0	
8.6778  400.0  500.0  0.0	0.0	0.0	2e-05	2e-05	0.0001	6e-05	0.00012	0.00024	0.00034	0.0006	0.0007	0.00084	0.00208	0.02272	0.12808	0.1444	0.10964	0.0106	0.00022	0.0	0.0	0.0	0.0	0.0	0.0	0.0	0.0	0.0	0.0	0.0	0.0	0.0	0.0	0.0	0.0	0.0	0.0	0.0	0.0	0.0	0.0	0.0	0.0	
6.531  500.0  600.0  0.0	0.0	0.0	0.0	2e-05	0.0	2e-05	0.0	6e-05	0.00028	0.00022	0.00044	0.00034	0.00072	0.00096	0.0012	0.00458	0.05072	0.17216	0.15736	0.03944	0.00098	4e-05	0.0	0.0	0.0	0.0	0.0	0.0	0.0	0.0	0.0	0.0	0.0	0.0	0.0	0.0	0.0	0.0	0.0	0.0	0.0	0.0	0.0	
4.9786  600.0  700.0  0.0	0.0	0.0	0.0	2e-05	2e-05	4e-05	4e-05	6e-05	0.00016	0.00014	0.00022	0.00038	0.0003	0.0004	0.0006	0.00072	0.00112	0.00318	0.032	0.17554	0.17944	0.04328	0.00144	0.0	0.0	0.0	0.0	0.0	0.0	0.0	0.0	0.0	0.0	0.0	0.0	0.0	0.0	0.0	0.0	0.0	0.0	0.0	0.0	
3.84032  700.0  800.0  0.0	0.0	0.0	0.0	0.0	0.0	0.0	2e-05	4e-05	2e-05	4e-05	2e-05	0.00028	0.00018	0.00036	0.00046	0.00044	0.00062	0.00094	0.00136	0.0054	0.04884	0.2012	0.15384	0.02142	0.0009	8e-05	2e-05	0.0	0.0	0.0	0.0	0.0	0.0	0.0	0.0	0.0	0.0	0.0	0.0	0.0	0.0	0.0	0.0	
2.98952  800.0  900.0  0.0	0.0	0.0	0.0	2e-05	0.0	4e-05	0.0	4e-05	4e-05	0.00012	0.00016	0.00014	0.00016	0.00014	0.00024	0.00024	0.00036	0.00056	0.00078	0.00122	0.00274	0.0136	0.10984	0.22006	0.08278	0.0054	0.0003	4e-05	0.0	0.0	0.0	0.0	0.0	0.0	0.0	0.0	0.0	0.0	0.0	0.0	0.0	0.0	0.0	
2.34576  900.0  1000.0  0.0	0.0	0.0	0.0	0.0	0.0	2e-05	2e-05	2e-05	0.0	2e-05	4e-05	4e-05	0.00022	0.00012	0.00022	0.00026	0.00028	0.00038	0.0004	0.00088	0.00092	0.00198	0.0072	0.0538	0.206	0.15036	0.02218	0.0009	0.00012	0.0	0.0	0.0	0.0	0.0	0.0	0.0	0.0	0.0	0.0	0.0	0.0	0.0	0.0	
3.3306  1000.0  1200.0  0.0	0.0	0.0	2e-05	0.0	0.0	0.0	6e-05	2e-05	2e-05	2e-05	8e-05	6e-05	4e-05	0.0001	0.00014	0.0001	0.00014	0.00024	0.00024	0.0003	0.00042	0.00082	0.0014	0.0031	0.02024	0.1034	0.16706	0.11154	0.02704	0.00288	0.00016	2e-05	0.0	0.0	0.0	0.0	0.0	0.0	0.0	0.0	0.0	0.0	0.0	
2.12928  1200.0  1400.0  0.0	0.0	0.0	0.0	0.0	2e-05	0.0	2e-05	0.0	0.0	2e-05	6e-05	4e-05	0.0001	4e-05	8e-05	0.0001	0.00018	0.0003	0.00018	0.0002	0.0004	0.0004	0.0005	0.00084	0.00124	0.00338	0.0173	0.08872	0.17034	0.11844	0.03096	0.00398	0.00052	8e-05	0.0	0.0	0.0	0.0	0.0	0.0	0.0	0.0	0.0	
1.38768  1400.0  1600.0  0.0	0.0	0.0	2e-05	0.0	0.0	4e-05	0.0	2e-05	4e-05	2e-05	2e-05	6e-05	0.0	6e-05	0.00016	6e-05	0.00012	6e-05	0.00022	0.00014	0.00022	0.00038	0.00034	0.00054	0.00054	0.00094	0.00174	0.00572	0.02758	0.1052	0.16506	0.09758	0.02364	0.00262	0.00032	4e-05	0.0	0.0	0.0	0.0	0.0	0.0	0.0	
0.91742  1600.0  1800.0  0.0	0.0	0.0	0.0	0.0	0.0	0.0	0.0	6e-05	0.0	6e-05	0.0	2e-05	4e-05	2e-05	0.0	8e-05	8e-05	4e-05	6e-05	0.00014	0.00014	0.00026	0.00018	0.00034	0.0003	0.00078	0.00074	0.00114	0.00312	0.01082	0.05466	0.141	0.14192	0.05762	0.01192	0.0015	0.00016	4e-05	2e-05	0.0	0.0	0.0	0.0	
0.61418  1800.0  2000.0  0.0	0.0	0.0	0.0	0.0	0.0	0.0	0.0	2e-05	0.0	0.0	2e-05	0.0	0.0	2e-05	4e-05	0.0001	4e-05	6e-05	0.00016	2e-05	0.00022	0.00016	0.00018	0.00016	0.00024	0.00022	0.0003	0.0005	0.00126	0.00216	0.00776	0.0353	0.10598	0.14904	0.08816	0.02602	0.00478	0.0006	4e-05	2e-05	2e-05	0.0	0.0	
0.49612  2000.0  2250.0  0.0	0.0	0.0	0.0	0.0	0.0	0.0	0.0	0.0	0.0	2e-05	0.0	2e-05	0.0	4e-05	0.0	0.0	0.0001	0.0	4e-05	6e-05	0.0001	8e-05	0.00014	0.0001	0.00016	0.0002	0.0003	0.00036	0.0005	0.00072	0.00184	0.00584	0.02504	0.07788	0.1333	0.10974	0.04596	0.01134	0.0022	0.00024	6e-05	0.0	2e-05	
0.30784  2250.0  2500.0  0.0	0.0	0.0	0.0	0.0	0.0	2e-05	2e-05	2e-05	0.0	2e-05	0.0	0.0	4e-05	0.0	0.0	2e-05	8e-05	2e-05	2e-05	2e-05	0.00014	0.00012	0.00012	8e-05	0.00022	0.00018	0.00014	0.00028	0.00024	0.00046	0.00068	0.0017	0.00454	0.01712	0.0556	0.1059	0.12066	0.06954	0.02416	0.0054	0.0009	0.0002	2e-05	
0.19278  2500.0  2750.0  0.0	0.0	0.0	0.0	0.0	2e-05	0.0	0.0	0.0	0.0	0.0	2e-05	0.0	2e-05	0.0	0.0	0.0	0.0	4e-05	4e-05	0.0	4e-05	2e-05	0.00012	4e-05	4e-05	0.00012	0.0002	0.00028	0.00038	0.00036	0.00052	0.00078	0.0015	0.00394	0.01484	0.04514	0.09314	0.1149	0.08264	0.03444	0.00892	0.00218	0.0004	
0.12141  2750.0  3000.0  0.0	0.0	0.0	0.0	0.0	0.0	0.0	0.0	0.0	0.0	0.0	0.0	2e-05	2e-05	2e-05	0.0	0.0	0.0	2e-05	0.0	6e-05	4e-05	4e-05	0.0001	0.00018	0.0001	0.00016	0.00016	0.00014	0.0002	0.00014	0.00028	0.00032	0.0009	0.00144	0.00428	0.0152	0.0402	0.08524	0.10412	0.08236	0.04084	0.0131	0.00318	
0.12584  3000.0  3500.0  0.0	0.0	0.0	0.0	0.0	2e-05	0.0	0.0	2e-05	0.0	0.0	0.0	2e-05	0.0	0.0	2e-05	2e-05	0.0	0.0	4e-05	2e-05	0.0	6e-05	6e-05	6e-05	8e-05	0.00018	0.00014	0.00014	0.00024	0.00022	0.00016	0.00036	0.0005	0.00072	0.00174	0.00434	0.01288	0.03364	0.06442	0.08864	0.08454	0.05552	0.02604	
0.05076  3500.0  4000.0  0.0	0.0	0.0	0.0	0.0	0.0	0.0	0.0	0.0	0.0	0.0	0.0	0.0	0.0	0.0	0.0	0.0	2e-05	4e-05	4e-05	6e-05	2e-05	4e-05	4e-05	4e-05	2e-05	6e-05	0.0001	0.00012	8e-05	0.00014	0.00016	0.00018	0.00026	0.00034	0.00042	0.00126	0.00282	0.00878	0.01904	0.04086	0.06582	0.07758	0.06992	
0.03362  4000.0  15000.0  0.0	0.0	0.0	0.0	0.0	0.0	0.0	0.0	0.0	0.0	4e-05	0.0	2e-05	0.0	0.0	2e-05	0.0	4e-05	2e-05	0.0	0.0	0.0	2e-05	4e-05	0.0	4e-05	6e-05	2e-05	6e-05	0.00022	0.0001	0.00018	0.00014	0.0002	0.00012	0.00034	0.0004	0.00096	0.00192	0.0041	0.0106	0.02316	0.0378	0.05386	
