#===============
# ll~ : mumu
# qq~ : sd~
# FF  : vector
# XY  : LL RR  
# coef : 0 0
# type : Reg*Reg
# Nevs : 50000
#===============
#
# XSEC	BIN_MIN	BIN_MAX 	 Kij 
#
40.588  200.0  300.0  0.0	0.0	0.0	0.00014	0.00078	0.0026	0.03814	0.06316	0.06644	0.07474	0.07256	0.03384	0.0004	0.0	0.0	0.0	0.0	0.0	0.0	0.0	0.0	0.0	0.0	0.0	0.0	0.0	0.0	0.0	0.0	0.0	0.0	0.0	0.0	0.0	0.0	0.0	0.0	0.0	0.0	0.0	0.0	0.0	0.0	0.0	
31.792  300.0  400.0  0.0	0.0	2e-05	0.0001	6e-05	0.00022	0.00024	0.00054	0.00048	0.00096	0.00458	0.06038	0.10462	0.10798	0.09842	0.0167	0.00012	0.0	0.0	0.0	0.0	0.0	0.0	0.0	0.0	0.0	0.0	0.0	0.0	0.0	0.0	0.0	0.0	0.0	0.0	0.0	0.0	0.0	0.0	0.0	0.0	0.0	0.0	0.0	
25.104  400.0  500.0  0.0	0.0	0.0	6e-05	4e-05	8e-05	8e-05	0.00014	0.00022	0.0004	0.00036	0.00066	0.0011	0.00212	0.02112	0.12516	0.14284	0.11046	0.0121	8e-05	0.0	0.0	0.0	0.0	0.0	0.0	0.0	0.0	0.0	0.0	0.0	0.0	0.0	0.0	0.0	0.0	0.0	0.0	0.0	0.0	0.0	0.0	0.0	0.0	
20.01  500.0  600.0  0.0	0.0	0.0	0.0	4e-05	8e-05	8e-05	2e-05	8e-05	8e-05	0.00018	0.00022	0.00034	0.00052	0.00068	0.00172	0.00446	0.05058	0.1706	0.16354	0.0406	0.00112	2e-05	0.0	0.0	0.0	0.0	0.0	0.0	0.0	0.0	0.0	0.0	0.0	0.0	0.0	0.0	0.0	0.0	0.0	0.0	0.0	0.0	0.0	
16.0692  600.0  700.0  0.0	0.0	0.0	0.0	2e-05	0.0	0.0	6e-05	4e-05	8e-05	6e-05	4e-05	0.00022	0.00026	0.00046	0.00058	0.00064	0.00126	0.00386	0.03406	0.17306	0.17874	0.04316	0.00148	2e-05	0.0	0.0	0.0	0.0	0.0	0.0	0.0	0.0	0.0	0.0	0.0	0.0	0.0	0.0	0.0	0.0	0.0	0.0	0.0	
12.999  700.0  800.0  0.0	0.0	0.0	0.0	2e-05	2e-05	4e-05	4e-05	0.0	6e-05	0.00016	0.00012	0.00024	0.00026	0.0003	0.0002	0.00036	0.00064	0.00074	0.0018	0.005	0.05048	0.20064	0.15686	0.02154	0.00092	2e-05	0.0	0.0	0.0	0.0	0.0	0.0	0.0	0.0	0.0	0.0	0.0	0.0	0.0	0.0	0.0	0.0	0.0	
10.5756  800.0  900.0  0.0	0.0	0.0	0.0	0.0	2e-05	4e-05	2e-05	2e-05	0.00012	0.00012	8e-05	6e-05	0.00016	0.00022	0.00022	0.00042	0.00026	0.00042	0.0006	0.00148	0.00208	0.01338	0.10924	0.2232	0.08396	0.0055	0.00034	2e-05	0.0	0.0	0.0	0.0	0.0	0.0	0.0	0.0	0.0	0.0	0.0	0.0	0.0	0.0	0.0	
8.6412  900.0  1000.0  0.0	0.0	0.0	0.0	2e-05	2e-05	0.0	0.0	4e-05	4e-05	4e-05	2e-05	4e-05	0.00012	0.00012	0.00014	0.00018	0.00026	0.00042	0.0004	0.00076	0.00102	0.00166	0.0068	0.05258	0.20286	0.15362	0.01974	0.00104	0.00014	2e-05	0.0	0.0	0.0	0.0	0.0	0.0	0.0	0.0	0.0	0.0	0.0	0.0	0.0	
12.9468  1000.0  1200.0  0.0	0.0	0.0	0.0	0.0	0.0	0.0	0.0	0.0	0.0	0.0	0.0	4e-05	0.00012	6e-05	8e-05	8e-05	0.00026	0.00016	0.00038	0.00042	0.0004	0.00068	0.00116	0.00338	0.0206	0.10336	0.16626	0.1117	0.02782	0.00234	0.0002	2e-05	0.0	0.0	0.0	0.0	0.0	0.0	0.0	0.0	0.0	0.0	0.0	
8.832  1200.0  1400.0  0.0	0.0	0.0	0.0	0.0	0.0	0.0	2e-05	0.0	2e-05	0.0	4e-05	0.0	8e-05	2e-05	0.00016	0.00012	8e-05	0.00016	0.0001	0.00028	0.00036	0.00034	0.0007	0.0007	0.00136	0.00318	0.01584	0.08528	0.16982	0.1217	0.03234	0.00312	0.00026	0.00016	2e-05	0.0	0.0	0.0	0.0	0.0	0.0	0.0	0.0	
6.0794  1400.0  1600.0  0.0	0.0	0.0	0.0	0.0	0.0	0.0	2e-05	2e-05	2e-05	0.0	0.0	8e-05	2e-05	4e-05	0.0001	4e-05	0.0002	0.00014	0.0001	0.00016	0.00022	0.0003	0.00026	0.00054	0.0006	0.00066	0.0017	0.00506	0.02614	0.10724	0.1691	0.09896	0.02152	0.0027	0.00032	4e-05	2e-05	0.0	0.0	0.0	0.0	0.0	0.0	
4.2048  1600.0  1800.0  0.0	0.0	0.0	4e-05	0.0	0.0	0.0	0.0	0.0	0.0	0.0	0.0	2e-05	2e-05	2e-05	6e-05	0.0001	6e-05	6e-05	0.0002	0.00016	8e-05	0.00014	0.00028	0.00038	0.00052	0.00046	0.00074	0.00134	0.00268	0.0118	0.0555	0.13968	0.14324	0.061	0.01222	0.00164	0.0002	0.0	0.0	2e-05	0.0	0.0	0.0	
2.9222  1800.0  2000.0  0.0	0.0	0.0	2e-05	0.0	0.0	0.0	2e-05	2e-05	0.0	0.0	0.0	2e-05	4e-05	2e-05	0.0	8e-05	2e-05	6e-05	6e-05	4e-05	0.00018	0.00014	0.00026	0.00028	0.00036	0.00022	0.0005	0.00082	0.00102	0.00242	0.00744	0.03354	0.10232	0.15032	0.0914	0.0252	0.00434	0.00084	0.00012	2e-05	2e-05	0.0	0.0	
2.4412  2000.0  2250.0  0.0	0.0	0.0	0.0	2e-05	0.0	6e-05	0.0	0.0	0.0	0.0	0.0	2e-05	2e-05	2e-05	2e-05	2e-05	4e-05	6e-05	8e-05	2e-05	2e-05	0.00014	0.00014	8e-05	0.00018	0.00026	0.00032	0.00042	0.00044	0.00126	0.00218	0.00636	0.02566	0.07682	0.13206	0.11284	0.04534	0.01222	0.00224	0.00038	0.0001	0.0	2e-05	
1.55862  2250.0  2500.0  0.0	0.0	0.0	0.0	0.0	0.0	0.0	0.0	0.0	0.0	0.0	0.0	4e-05	0.0	0.0	8e-05	0.0	0.0	0.00012	2e-05	8e-05	8e-05	0.00016	6e-05	0.00018	8e-05	0.00014	0.00016	0.00034	0.00032	0.0005	0.0009	0.00174	0.00458	0.01862	0.05496	0.1084	0.11672	0.07078	0.02424	0.0054	0.00112	0.00018	2e-05	
1.0003  2500.0  2750.0  0.0	0.0	0.0	0.0	0.0	0.0	0.0	2e-05	2e-05	2e-05	0.0	2e-05	0.0	6e-05	2e-05	0.0	0.0	4e-05	4e-05	0.00012	2e-05	6e-05	8e-05	8e-05	8e-05	0.0001	0.00012	0.00024	0.0002	0.00034	0.0004	0.00038	0.00082	0.00158	0.00482	0.01518	0.04484	0.09222	0.11254	0.08102	0.03362	0.01044	0.00244	0.00066	
0.6431  2750.0  3000.0  0.0	0.0	0.0	0.0	0.0	0.0	0.0	0.0	0.0	2e-05	0.0	0.0	0.0	0.0	0.0	0.0	0.0	2e-05	0.0	4e-05	4e-05	8e-05	8e-05	8e-05	0.0001	6e-05	8e-05	6e-05	0.00024	0.00024	0.00024	0.00034	0.00058	0.00096	0.00166	0.00546	0.01628	0.04222	0.0844	0.10164	0.08104	0.03938	0.01334	0.0042	
0.6834  3000.0  3500.0  0.0	0.0	0.0	0.0	0.0	0.0	0.0	0.0	2e-05	2e-05	0.0	0.0	0.0	0.0	0.0	2e-05	0.0	0.0	2e-05	0.0	2e-05	6e-05	6e-05	2e-05	0.0001	4e-05	0.0001	4e-05	8e-05	0.00012	0.00016	0.00018	0.00032	0.00072	0.00068	0.00212	0.0056	0.01364	0.0353	0.06462	0.08704	0.08122	0.05124	0.02448	
0.2863  3500.0  4000.0  0.0	0.0	0.0	0.0	0.0	0.0	0.0	0.0	0.0	0.0	0.0	2e-05	0.0	2e-05	2e-05	0.0	0.0	0.0	4e-05	4e-05	6e-05	4e-05	0.0	6e-05	0.0001	0.0001	4e-05	8e-05	0.00014	0.00018	8e-05	0.0002	0.00018	0.00026	0.00066	0.00094	0.00178	0.0037	0.00868	0.02102	0.03968	0.0643	0.07662	0.06666	
0.19014  4000.0  15000.0  0.0	0.0	0.0	0.0	0.0	0.0	0.0	0.0	0.0	0.0	0.0	0.0	0.0	0.0	0.0	0.0	6e-05	2e-05	0.0	0.0	2e-05	2e-05	2e-05	0.0	4e-05	8e-05	2e-05	4e-05	4e-05	0.00016	0.00018	0.00012	0.00014	8e-05	0.00024	0.0003	0.0006	0.00116	0.0025	0.00576	0.00966	0.02148	0.03706	0.04816	
