#===============
# Ref : 1903.06248
# Experiment : ATLAS
# ll~ : mumu
# qq~ : db~
# FF  : vector
# XY  :  LL RR
# coef : 00
# type : Z*Z
# Nevs : 50000
#===============
#
# XSEC	BIN_MIN	BIN_MAX 	 Kij 
# 225.0 232.51 240.271 248.291 256.579 265.143 273.994 283.139 292.59 302.357 312.449 322.878 333.656 344.793 356.302 368.195 380.485 393.185 406.309 419.872 433.887 448.369 463.336 478.801 494.783 511.299 528.365 546.002 564.227 583.06 602.522 622.634 643.417 664.894 687.087 710.022 733.722 758.213 783.521 809.674 836.7 864.629 893.489 923.313 954.133 985.981 1018.89 1052.9 1088.05 1124.36 1161.9 1200.68 1240.76 1282.17 1324.97 1369.2 1414.9 1462.13 1510.93 1561.36 1613.48 1667.34 1722.99 1780.5 1839.94 1901.35 1964.82 2030.4 2098.17 2168.21 2240.58 2315.37 2392.65 2472.52 2555.05 2640.34 2728.47 2819.54 2913.66 3010.91 3111.41 3215.27 3322.59 3433.5 3548.1 3666.54 3788.92 3915.39 4046.09 4181.14 4320.7 4464.92 4613.96 4767.97 4927.12 5091.58 5261.54 5437.16 5618.6 10000.0 
0.7154  200.0  300.0  0.02952	0.02604	0.02224	0.01964	0.01708	0.01508	0.01452	0.01092	0.00606	0.00116	0.00016	4e-05	0.0	0.0	0.0	0.0	0.0	0.0	0.0	0.0	0.0	0.0	0.0	0.0	0.0	0.0	0.0	0.0	0.0	0.0	0.0	0.0	0.0	0.0	0.0	0.0	0.0	0.0	0.0	0.0	0.0	0.0	0.0	0.0	0.0	0.0	0.0	0.0	0.0	0.0	0.0	0.0	0.0	0.0	0.0	0.0	0.0	0.0	0.0	0.0	0.0	0.0	0.0	0.0	0.0	0.0	0.0	0.0	0.0	0.0	0.0	0.0	0.0	0.0	0.0	0.0	0.0	0.0	0.0	0.0	0.0	0.0	0.0	0.0	0.0	0.0	0.0	0.0	0.0	0.0	0.0	0.0	0.0	0.0	0.0	0.0	0.0	0.0	0.0	
0.123466  300.0  400.0  0.00016	0.0002	0.00042	0.0004	0.0006	0.00118	0.00224	0.00662	0.02496	0.04786	0.04808	0.04404	0.04012	0.03654	0.03124	0.02424	0.02128	0.01084	0.00262	0.00034	6e-05	4e-05	0.0	0.0	0.0	0.0	0.0	0.0	0.0	0.0	0.0	0.0	0.0	0.0	0.0	0.0	0.0	0.0	0.0	0.0	0.0	0.0	0.0	0.0	0.0	0.0	0.0	0.0	0.0	0.0	0.0	0.0	0.0	0.0	0.0	0.0	0.0	0.0	0.0	0.0	0.0	0.0	0.0	0.0	0.0	0.0	0.0	0.0	0.0	0.0	0.0	0.0	0.0	0.0	0.0	0.0	0.0	0.0	0.0	0.0	0.0	0.0	0.0	0.0	0.0	0.0	0.0	0.0	0.0	0.0	0.0	0.0	0.0	0.0	0.0	0.0	0.0	0.0	0.0	
0.034944  400.0  500.0  0.00014	6e-05	0.00018	0.0001	0.00016	0.0002	0.00034	0.00022	0.0003	0.00024	0.00032	0.00048	0.0006	0.00064	0.00218	0.00526	0.01438	0.03964	0.05964	0.0578	0.0539	0.04618	0.03826	0.0282	0.01378	0.00362	0.00076	0.00014	4e-05	2e-05	0.0	0.0	0.0	0.0	0.0	0.0	0.0	0.0	0.0	0.0	0.0	0.0	0.0	0.0	0.0	0.0	0.0	0.0	0.0	0.0	0.0	0.0	0.0	0.0	0.0	0.0	0.0	0.0	0.0	0.0	0.0	0.0	0.0	0.0	0.0	0.0	0.0	0.0	0.0	0.0	0.0	0.0	0.0	0.0	0.0	0.0	0.0	0.0	0.0	0.0	0.0	0.0	0.0	0.0	0.0	0.0	0.0	0.0	0.0	0.0	0.0	0.0	0.0	0.0	0.0	0.0	0.0	0.0	0.0	
0.012678  500.0  600.0  2e-05	4e-05	2e-05	0.0	0.0002	8e-05	2e-05	8e-05	0.00018	6e-05	0.00014	0.0001	0.00022	0.00012	0.0002	0.00024	0.0005	0.0007	0.00036	0.00074	0.00172	0.00374	0.0092	0.02504	0.0543	0.06966	0.06706	0.06062	0.04892	0.02998	0.01172	0.00264	0.00094	0.0002	6e-05	2e-05	2e-05	0.0	0.0	0.0	0.0	0.0	0.0	0.0	0.0	0.0	0.0	0.0	0.0	0.0	0.0	0.0	0.0	0.0	0.0	0.0	0.0	0.0	0.0	0.0	0.0	0.0	0.0	0.0	0.0	0.0	0.0	0.0	0.0	0.0	0.0	0.0	0.0	0.0	0.0	0.0	0.0	0.0	0.0	0.0	0.0	0.0	0.0	0.0	0.0	0.0	0.0	0.0	0.0	0.0	0.0	0.0	0.0	0.0	0.0	0.0	0.0	0.0	0.0	
0.005379  600.0  700.0  0.0	6e-05	6e-05	4e-05	6e-05	0.0001	4e-05	0.00014	2e-05	0.0001	0.00012	0.00028	4e-05	0.00014	8e-05	0.00014	8e-05	0.00028	0.00022	0.00028	0.00028	0.0004	0.00044	0.00066	0.00072	0.00126	0.00338	0.0079	0.01774	0.04432	0.07242	0.08	0.0685	0.0542	0.0314	0.01186	0.00326	0.00122	0.00036	0.0001	6e-05	0.0	0.0	0.0	0.0	0.0	0.0	0.0	0.0	0.0	0.0	0.0	0.0	0.0	0.0	0.0	0.0	0.0	0.0	0.0	0.0	0.0	0.0	0.0	0.0	0.0	0.0	0.0	0.0	0.0	0.0	0.0	0.0	0.0	0.0	0.0	0.0	0.0	0.0	0.0	0.0	0.0	0.0	0.0	0.0	0.0	0.0	0.0	0.0	0.0	0.0	0.0	0.0	0.0	0.0	0.0	0.0	0.0	0.0	
0.002538  700.0  800.0  4e-05	4e-05	2e-05	2e-05	6e-05	2e-05	0.0	0.0	2e-05	4e-05	6e-05	8e-05	2e-05	0.00024	6e-05	0.00016	0.0001	0.00016	0.00022	0.00014	0.00016	0.00016	0.00026	0.00032	0.0002	0.00032	0.00052	0.00066	0.0007	0.00142	0.00246	0.00488	0.01228	0.0297	0.0597	0.08344	0.084	0.06372	0.03854	0.01658	0.00552	0.00222	0.0005	0.00014	6e-05	4e-05	0.0	0.0	0.0	0.0	0.0	0.0	0.0	0.0	0.0	0.0	0.0	0.0	0.0	0.0	0.0	0.0	0.0	0.0	0.0	0.0	0.0	0.0	0.0	0.0	0.0	0.0	0.0	0.0	0.0	0.0	0.0	0.0	0.0	0.0	0.0	0.0	0.0	0.0	0.0	0.0	0.0	0.0	0.0	0.0	0.0	0.0	0.0	0.0	0.0	0.0	0.0	0.0	0.0	
0.001294  800.0  900.0  2e-05	4e-05	0.0	2e-05	4e-05	2e-05	4e-05	8e-05	6e-05	8e-05	0.0001	0.00012	2e-05	4e-05	0.00012	8e-05	0.0001	4e-05	8e-05	0.00016	0.00024	0.0001	0.0001	0.00012	0.00022	0.00022	0.00024	0.00028	0.00024	0.00044	0.00042	0.00062	0.00078	0.00182	0.00314	0.00708	0.01544	0.03446	0.06274	0.0865	0.0832	0.06096	0.0339	0.01402	0.00528	0.00198	0.00056	0.00018	0.0001	2e-05	0.0	2e-05	2e-05	0.0	0.0	0.0	0.0	0.0	0.0	0.0	0.0	0.0	0.0	0.0	0.0	0.0	0.0	0.0	0.0	0.0	0.0	0.0	0.0	0.0	0.0	0.0	0.0	0.0	0.0	0.0	0.0	0.0	0.0	0.0	0.0	0.0	0.0	0.0	0.0	0.0	0.0	0.0	0.0	0.0	0.0	0.0	0.0	0.0	0.0	
0.000702  900.0  1000.0  2e-05	0.0	2e-05	2e-05	2e-05	4e-05	2e-05	2e-05	2e-05	6e-05	6e-05	2e-05	4e-05	4e-05	8e-05	0.0	4e-05	2e-05	8e-05	0.0001	0.00014	8e-05	0.00014	0.00012	6e-05	0.0001	0.00024	0.00022	0.00046	0.00014	0.00028	0.0002	0.00044	0.0005	0.0007	0.00074	0.00152	0.00286	0.00514	0.01224	0.02382	0.05078	0.07756	0.08944	0.07368	0.04448	0.02122	0.00878	0.00292	0.00132	0.00038	0.00032	0.00012	4e-05	0.0	0.0	0.0	0.0	0.0	0.0	0.0	0.0	0.0	0.0	0.0	0.0	0.0	0.0	0.0	0.0	0.0	0.0	0.0	0.0	0.0	0.0	0.0	0.0	0.0	0.0	0.0	0.0	0.0	0.0	0.0	0.0	0.0	0.0	0.0	0.0	0.0	0.0	0.0	0.0	0.0	0.0	0.0	0.0	0.0	
0.000635  1000.0  1200.0  0.0	0.0	0.0	2e-05	6e-05	6e-05	0.0	2e-05	6e-05	0.0	2e-05	0.0	2e-05	2e-05	4e-05	2e-05	6e-05	6e-05	2e-05	6e-05	2e-05	0.0001	6e-05	8e-05	8e-05	0.0001	0.00018	0.0001	0.00012	0.00018	0.00012	4e-05	0.00012	0.0003	0.00016	0.00016	0.00044	0.00038	0.0008	0.00122	0.00202	0.00368	0.008	0.01774	0.03382	0.05312	0.06526	0.06702	0.05832	0.0459	0.03004	0.01734	0.00878	0.00418	0.00118	0.0006	0.00026	0.00012	0.0	6e-05	0.0	0.0	0.0	0.0	0.0	0.0	0.0	0.0	0.0	0.0	0.0	0.0	0.0	0.0	0.0	0.0	0.0	0.0	0.0	0.0	0.0	0.0	0.0	0.0	0.0	0.0	0.0	0.0	0.0	0.0	0.0	0.0	0.0	0.0	0.0	0.0	0.0	0.0	0.0	
0.000235  1200.0  1400.0  0.0	0.0	0.0	0.0	0.0	2e-05	4e-05	0.0	2e-05	2e-05	2e-05	0.0	2e-05	8e-05	6e-05	6e-05	4e-05	2e-05	6e-05	4e-05	6e-05	0.0	0.00012	4e-05	0.0001	8e-05	6e-05	8e-05	4e-05	0.00012	8e-05	0.0002	0.00016	0.00012	8e-05	0.00026	0.00042	0.00024	0.00028	0.0003	0.00032	0.00046	0.00058	0.00078	0.00136	0.00196	0.00426	0.008	0.01526	0.03006	0.04822	0.06322	0.06992	0.06288	0.04866	0.03506	0.01894	0.00906	0.00422	0.0016	0.0009	0.00044	0.00012	8e-05	4e-05	0.0	0.0	0.0	0.0	0.0	0.0	0.0	0.0	0.0	0.0	0.0	0.0	0.0	0.0	0.0	0.0	0.0	0.0	0.0	0.0	0.0	0.0	0.0	0.0	0.0	0.0	0.0	0.0	0.0	0.0	0.0	0.0	0.0	0.0	
9.6e-05  1400.0  1600.0  0.0	2e-05	2e-05	2e-05	2e-05	4e-05	2e-05	0.0	2e-05	2e-05	0.0	0.0	2e-05	0.0	6e-05	6e-05	0.0	4e-05	0.0	4e-05	6e-05	4e-05	0.0	4e-05	4e-05	2e-05	0.0	2e-05	4e-05	8e-05	8e-05	0.0001	0.00022	0.0001	8e-05	0.00014	0.00016	0.00016	0.00016	0.00012	0.00018	0.0002	0.0002	0.00032	0.00036	0.00036	0.00056	0.00076	0.00124	0.00228	0.0034	0.00604	0.01208	0.0216	0.04002	0.05634	0.06738	0.06838	0.05542	0.03954	0.0235	0.01326	0.0065	0.00282	0.00132	0.00056	0.00024	0.00014	0.00014	6e-05	0.0	0.0	0.0	0.0	2e-05	0.0	0.0	0.0	0.0	0.0	0.0	0.0	0.0	0.0	0.0	0.0	0.0	0.0	0.0	0.0	0.0	0.0	0.0	0.0	0.0	0.0	0.0	0.0	0.0	
4.3e-05  1600.0  1800.0  0.0	2e-05	0.0	0.0	2e-05	0.0	6e-05	0.0	4e-05	0.0	0.0	2e-05	2e-05	6e-05	4e-05	2e-05	8e-05	2e-05	6e-05	0.0	2e-05	4e-05	4e-05	2e-05	0.00012	4e-05	8e-05	4e-05	0.00012	2e-05	6e-05	8e-05	2e-05	4e-05	0.0001	0.00012	2e-05	0.00014	0.0001	0.0001	6e-05	0.00012	0.00022	0.00012	0.00018	0.00032	0.00026	0.00034	0.00048	0.00048	0.0008	0.00102	0.00146	0.00244	0.0045	0.00828	0.01584	0.026	0.03968	0.05548	0.06448	0.06276	0.05174	0.0363	0.0216	0.0142	0.0068	0.0032	0.00134	0.00068	0.00038	0.00022	0.00026	2e-05	0.0	0.0	2e-05	0.0	0.0	0.0	0.0	0.0	0.0	0.0	0.0	0.0	0.0	0.0	0.0	0.0	0.0	0.0	0.0	0.0	0.0	0.0	0.0	0.0	0.0	
2e-05  1800.0  2000.0  0.0	2e-05	2e-05	0.0	0.0	0.0	0.0	2e-05	2e-05	0.0	0.0	0.0	4e-05	0.0	0.0	2e-05	0.0	0.0	2e-05	8e-05	2e-05	2e-05	2e-05	6e-05	2e-05	0.0	6e-05	0.0	8e-05	4e-05	6e-05	4e-05	8e-05	6e-05	4e-05	6e-05	8e-05	6e-05	4e-05	0.0001	4e-05	0.00016	8e-05	0.00016	6e-05	0.0002	0.00022	0.0002	0.00012	0.00028	0.00032	0.00048	0.0006	0.00066	0.0011	0.00162	0.0027	0.0041	0.00742	0.01378	0.02192	0.0352	0.0497	0.05986	0.06132	0.05454	0.04158	0.0284	0.01686	0.00926	0.0056	0.00258	0.00104	0.00046	0.00032	0.00022	8e-05	2e-05	4e-05	2e-05	0.0	0.0	0.0	0.0	0.0	0.0	0.0	0.0	0.0	0.0	0.0	0.0	0.0	0.0	0.0	0.0	0.0	0.0	0.0	
1.2e-05  2000.0  2250.0  0.0	2e-05	0.0	2e-05	0.0	0.0	2e-05	2e-05	0.0	0.0	2e-05	2e-05	0.0	0.0	0.0	6e-05	4e-05	0.0	0.0	4e-05	0.0	4e-05	0.0	2e-05	0.0	2e-05	0.0	4e-05	0.0	0.0	4e-05	0.0	8e-05	0.0	6e-05	4e-05	6e-05	4e-05	4e-05	0.00012	0.0001	8e-05	6e-05	0.0001	0.00012	8e-05	8e-05	8e-05	0.0001	6e-05	0.0002	0.00018	0.00034	0.00032	0.00048	0.0006	0.0006	0.00108	0.00156	0.00276	0.00434	0.00738	0.01288	0.02066	0.03264	0.04336	0.05128	0.05584	0.0517	0.04296	0.03292	0.0199	0.01378	0.00736	0.0043	0.00184	0.00102	0.00056	0.0001	8e-05	0.00012	2e-05	4e-05	0.0	0.0	0.0	0.0	0.0	0.0	0.0	0.0	0.0	0.0	0.0	0.0	0.0	0.0	0.0	0.0	
5e-06  2250.0  2500.0  0.0	0.0	0.0	0.0	2e-05	0.0	0.0	0.0	2e-05	0.0	0.0	0.0	2e-05	0.0	0.0	2e-05	2e-05	4e-05	2e-05	4e-05	2e-05	4e-05	0.0	0.0	0.0	2e-05	0.0	2e-05	2e-05	2e-05	4e-05	2e-05	2e-05	4e-05	6e-05	2e-05	2e-05	6e-05	4e-05	0.0	6e-05	2e-05	6e-05	6e-05	0.00014	2e-05	0.00012	8e-05	0.0	0.00016	0.00016	8e-05	0.0002	0.00024	0.00026	0.00032	0.00036	0.00038	0.0004	0.00048	0.00098	0.00172	0.00274	0.00436	0.00638	0.01108	0.01902	0.02656	0.0367	0.04616	0.04964	0.0508	0.04496	0.03588	0.02574	0.01632	0.01088	0.0062	0.00292	0.00178	0.00068	0.00052	0.00028	0.0001	0.00012	2e-05	2e-05	0.0	0.0	2e-05	0.0	0.0	0.0	0.0	0.0	0.0	0.0	0.0	0.0	
2e-06  2500.0  2750.0  0.0	0.0	0.0	0.0	0.0	0.0	0.0	0.0	0.0	0.0	0.0	0.0	0.0	0.0	2e-05	2e-05	0.0	0.0	0.0	0.0	4e-05	0.0	0.0	4e-05	2e-05	0.0	2e-05	2e-05	4e-05	6e-05	4e-05	2e-05	4e-05	4e-05	2e-05	6e-05	8e-05	2e-05	0.0	0.0	4e-05	8e-05	0.0001	4e-05	0.0	4e-05	4e-05	4e-05	0.00022	6e-05	0.00018	0.00012	0.00016	0.0001	0.0001	0.00018	0.00014	0.00024	0.0003	0.00028	0.00036	0.00064	0.00068	0.0013	0.00206	0.00318	0.00512	0.00786	0.01332	0.0187	0.02744	0.03646	0.04534	0.04658	0.04624	0.04286	0.03438	0.0258	0.01846	0.0115	0.00752	0.00402	0.00222	0.00108	0.0005	0.00028	0.00016	0.00012	8e-05	2e-05	4e-05	0.0	0.0	0.0	0.0	0.0	0.0	0.0	0.0	
1e-06  2750.0  3000.0  0.0	0.0	0.0	0.0	0.0	0.0	0.0	0.0	2e-05	0.0	0.0	0.0	0.0	0.0	0.0	0.0	0.0	0.0	0.0	0.0	2e-05	4e-05	0.0	0.0	4e-05	0.0	0.0	0.0	4e-05	2e-05	2e-05	2e-05	4e-05	4e-05	0.0	2e-05	4e-05	2e-05	4e-05	6e-05	4e-05	6e-05	4e-05	6e-05	2e-05	6e-05	6e-05	0.0001	4e-05	0.00012	0.0001	4e-05	8e-05	0.0002	6e-05	0.00012	6e-05	0.00022	0.00014	0.00016	0.00024	0.00026	0.00044	0.00042	0.0007	0.00116	0.00162	0.00304	0.00372	0.00644	0.01052	0.0152	0.02168	0.02924	0.0345	0.04082	0.04522	0.04102	0.03728	0.03212	0.02332	0.01752	0.01116	0.00702	0.00474	0.0022	0.00122	0.0006	0.00036	0.0002	4e-05	4e-05	0.0	0.0	0.0	0.0	0.0	0.0	0.0	
1e-06  3000.0  3500.0  0.0	0.0	0.0	0.0	0.0	0.0	0.0	0.0	0.0	0.0	0.0	0.0	0.0	0.0	0.0	0.0	0.0	2e-05	2e-05	0.0	0.0	2e-05	0.0	0.0	0.0	4e-05	2e-05	2e-05	2e-05	2e-05	0.0	2e-05	2e-05	0.0	4e-05	0.0	0.0	4e-05	8e-05	0.0	0.0	6e-05	8e-05	6e-05	2e-05	6e-05	6e-05	2e-05	4e-05	2e-05	6e-05	8e-05	0.00012	0.00012	0.0	6e-05	6e-05	8e-05	0.00018	0.00014	0.0002	0.00018	0.00028	0.00028	0.00044	0.00052	0.0007	0.00076	0.00144	0.0022	0.00332	0.00446	0.00744	0.0106	0.01584	0.02104	0.02656	0.0323	0.03696	0.0385	0.03772	0.03528	0.0301	0.02432	0.01846	0.0133	0.00886	0.00644	0.00424	0.00234	0.00132	0.00092	0.00054	0.00036	0.00018	0.0001	4e-05	0.0	6e-05	
0.0  3500.0  4000.0  0.0	0.0	0.0	0.0	0.0	0.0	0.0	2e-05	4e-05	0.0	0.0	0.0	0.0	0.0	0.0	0.0	2e-05	0.0	2e-05	0.0	4e-05	0.0	0.0	0.0	4e-05	0.0	0.0	2e-05	0.0	0.0	2e-05	6e-05	0.0	4e-05	6e-05	4e-05	0.0	8e-05	4e-05	4e-05	2e-05	6e-05	2e-05	2e-05	6e-05	6e-05	2e-05	2e-05	0.0	6e-05	4e-05	4e-05	6e-05	6e-05	4e-05	6e-05	4e-05	6e-05	0.0001	0.0001	0.00016	0.00012	6e-05	2e-05	0.0001	0.00022	0.00012	0.00024	0.00028	0.00048	0.0009	0.00106	0.00158	0.00264	0.00354	0.00544	0.00804	0.01156	0.01388	0.01922	0.02498	0.0278	0.03158	0.03272	0.03322	0.03134	0.02858	0.02514	0.02008	0.01534	0.01172	0.00832	0.00544	0.00428	0.00242	0.00172	0.00096	0.0005	0.00076	
0.0  4000.0  15000.0  0.0	2e-05	2e-05	2e-05	0.0	0.0	0.0	0.0	0.0	0.0	0.0	0.0	0.0	0.0	0.0	0.0	0.0	2e-05	2e-05	2e-05	2e-05	0.0	2e-05	0.0	0.0	2e-05	0.0	0.0	2e-05	2e-05	0.0	0.0	2e-05	0.0	2e-05	2e-05	2e-05	4e-05	2e-05	2e-05	2e-05	0.0	2e-05	4e-05	2e-05	0.0	2e-05	6e-05	2e-05	2e-05	2e-05	4e-05	8e-05	8e-05	6e-05	0.0	4e-05	0.0001	0.0001	4e-05	4e-05	0.00012	4e-05	4e-05	8e-05	0.00014	0.00012	0.00016	0.00022	0.00024	0.00028	0.00054	0.0005	0.00074	0.00112	0.00136	0.0019	0.00252	0.0042	0.0061	0.0082	0.01082	0.01348	0.01708	0.0184	0.02272	0.024	0.02544	0.02582	0.02696	0.02454	0.0213	0.01876	0.01618	0.01238	0.01046	0.00856	0.0065	0.01816	
