#===============
# ll~ : mumu
# qq~ : bd~
# FF  : vector
# XY  : LR RL  
# coef : 0 0
# type : Z*Reg
# Nevs : 50000
#===============
#
# XSEC	BIN_MIN	BIN_MAX 	 Kij 
#
1.8234  200.0  300.0  0.0	0.0	0.0	0.00038	0.00052	0.00322	0.05424	0.0772	0.06868	0.06252	0.05472	0.02138	0.00014	0.0	0.0	0.0	0.0	0.0	0.0	0.0	0.0	0.0	0.0	0.0	0.0	0.0	0.0	0.0	0.0	0.0	0.0	0.0	0.0	0.0	0.0	0.0	0.0	0.0	0.0	0.0	0.0	0.0	0.0	0.0	
0.63528  300.0  400.0  0.0	0.0	0.0	8e-05	0.00012	0.0002	0.0003	0.00052	0.00086	0.00136	0.00552	0.0746	0.11766	0.10348	0.0788	0.01224	0.00012	0.0	0.0	0.0	0.0	0.0	0.0	0.0	0.0	0.0	0.0	0.0	0.0	0.0	0.0	0.0	0.0	0.0	0.0	0.0	0.0	0.0	0.0	0.0	0.0	0.0	0.0	0.0	
0.28352  400.0  500.0  0.0	0.0	2e-05	0.0	6e-05	2e-05	0.0001	0.0001	0.00022	0.00022	0.0003	0.00082	0.00096	0.00262	0.02474	0.14286	0.14204	0.09536	0.00966	0.00018	0.0	0.0	0.0	0.0	0.0	0.0	0.0	0.0	0.0	0.0	0.0	0.0	0.0	0.0	0.0	0.0	0.0	0.0	0.0	0.0	0.0	0.0	0.0	0.0	
0.14418  500.0  600.0  0.0	0.0	0.0	0.0	0.0	6e-05	6e-05	2e-05	0.00018	0.0001	0.00014	0.00024	0.00032	0.00054	0.00098	0.00162	0.00454	0.0581	0.17984	0.15002	0.03452	0.00076	4e-05	0.0	0.0	0.0	0.0	0.0	0.0	0.0	0.0	0.0	0.0	0.0	0.0	0.0	0.0	0.0	0.0	0.0	0.0	0.0	0.0	0.0	
0.07979  600.0  700.0  0.0	0.0	0.0	0.0	2e-05	6e-05	2e-05	4e-05	2e-05	6e-05	0.00012	6e-05	0.00036	0.00024	0.0004	0.00062	0.00068	0.0012	0.00374	0.03586	0.18286	0.1713	0.03884	0.00106	4e-05	0.0	0.0	0.0	0.0	0.0	0.0	0.0	0.0	0.0	0.0	0.0	0.0	0.0	0.0	0.0	0.0	0.0	0.0	0.0	
0.04683  700.0  800.0  0.0	0.0	0.0	2e-05	2e-05	0.0	4e-05	8e-05	4e-05	6e-05	6e-05	0.00014	8e-05	0.00024	0.00032	0.00024	0.0006	0.00056	0.00106	0.0014	0.00578	0.0532	0.20664	0.14974	0.01934	0.00046	8e-05	0.0	0.0	0.0	0.0	0.0	0.0	0.0	0.0	0.0	0.0	0.0	0.0	0.0	0.0	0.0	0.0	0.0	
0.02869  800.0  900.0  0.0	0.0	2e-05	4e-05	4e-05	0.0	0.0	6e-05	4e-05	4e-05	4e-05	0.00016	8e-05	0.0002	0.00018	0.00034	0.00026	0.00048	0.00044	0.00078	0.001	0.00226	0.01384	0.11466	0.22406	0.0803	0.00558	0.00014	0.0	0.0	0.0	0.0	0.0	0.0	0.0	0.0	0.0	0.0	0.0	0.0	0.0	0.0	0.0	0.0	
0.01821  900.0  1000.0  0.0	0.0	0.0	2e-05	4e-05	0.0	2e-05	2e-05	2e-05	4e-05	4e-05	4e-05	0.00014	4e-05	4e-05	0.00018	0.0002	0.00036	0.00048	0.00038	0.00072	0.00092	0.00156	0.00654	0.05534	0.2101	0.14928	0.01918	0.00106	4e-05	2e-05	0.0	0.0	0.0	0.0	0.0	0.0	0.0	0.0	0.0	0.0	0.0	0.0	0.0	
0.01981  1000.0  1200.0  0.0	0.0	0.0	0.0	0.0	4e-05	0.0	0.0	0.0	4e-05	2e-05	2e-05	4e-05	0.00012	8e-05	0.0002	0.0002	0.00026	0.00028	0.00026	0.00042	0.0007	0.00096	0.0011	0.0036	0.02046	0.11324	0.17092	0.10606	0.02342	0.00186	8e-05	0.0	0.0	0.0	0.0	0.0	0.0	0.0	0.0	0.0	0.0	0.0	0.0	
0.0091  1200.0  1400.0  0.0	0.0	0.0	0.0	4e-05	0.0	2e-05	0.0	0.0	4e-05	8e-05	4e-05	4e-05	4e-05	0.0001	4e-05	0.00012	0.00016	0.00018	8e-05	0.00028	0.0004	0.00042	0.00048	0.00078	0.00114	0.00278	0.0184	0.09176	0.17772	0.11462	0.02834	0.00248	0.00032	2e-05	0.0	0.0	0.0	0.0	0.0	0.0	0.0	0.0	0.0	
0.00443  1400.0  1600.0  0.0	0.0	0.0	0.0	0.0	0.0	2e-05	0.0	4e-05	0.0	0.0	0.0	2e-05	0.0	6e-05	0.00014	0.00016	0.00018	0.00012	0.00018	0.00014	0.00016	0.00032	0.0003	0.0005	0.0006	0.00086	0.00188	0.00454	0.02782	0.11436	0.17196	0.09424	0.0204	0.0023	0.0003	8e-05	0.0	0.0	0.0	0.0	0.0	0.0	0.0	
0.00226  1600.0  1800.0  0.0	0.0	0.0	0.0	0.0	0.0	0.0	0.0	2e-05	2e-05	2e-05	0.0	6e-05	0.00012	2e-05	0.0	4e-05	4e-05	0.00016	0.00012	0.00016	0.0001	0.00014	0.0003	0.00048	0.0003	0.00048	0.00062	0.00122	0.0026	0.0116	0.05696	0.1475	0.14274	0.05536	0.01052	0.00114	0.0002	2e-05	0.0	0.0	0.0	0.0	0.0	
0.00118  1800.0  2000.0  0.0	0.0	0.0	0.0	0.0	0.0	0.0	2e-05	0.0	0.0	2e-05	0.0	2e-05	2e-05	4e-05	4e-05	0.0	0.00012	8e-05	0.00012	0.00014	0.00026	4e-05	0.00018	0.00016	0.0001	0.0004	0.0006	0.00056	0.00104	0.00192	0.00682	0.0357	0.10806	0.1518	0.09022	0.02334	0.00388	0.00044	0.0	6e-05	0.0	0.0	0.0	
0.00074  2000.0  2250.0  0.0	0.0	0.0	2e-05	0.0	2e-05	0.0	0.0	0.0	0.0	0.0	2e-05	0.0	0.0	2e-05	0.0	2e-05	4e-05	8e-05	6e-05	0.00014	0.0001	8e-05	2e-05	0.0002	0.0001	0.00024	0.00022	0.00038	0.00072	0.00082	0.00196	0.00528	0.02262	0.07992	0.13644	0.11134	0.0452	0.01058	0.00162	0.0002	2e-05	0.0	0.0	
0.00035  2250.0  2500.0  0.0	0.0	0.0	0.0	0.0	0.0	0.0	2e-05	0.0	0.0	0.0	0.0	0.0	0.0	0.0	2e-05	0.0	4e-05	0.0	8e-05	4e-05	0.00012	0.0001	0.0001	0.00014	8e-05	0.00026	0.00022	0.00026	0.00044	0.00056	0.00082	0.0014	0.00436	0.01716	0.0568	0.11128	0.12322	0.06874	0.02162	0.00452	0.00066	0.00026	2e-05	
0.00017  2500.0  2750.0  0.0	0.0	0.0	0.0	0.0	0.0	0.0	0.0	0.0	0.0	0.0	2e-05	0.0	2e-05	0.0	0.0	0.0	0.0	6e-05	2e-05	0.00012	6e-05	0.0001	2e-05	0.00016	0.00016	8e-05	0.00018	0.00016	0.00028	0.00042	0.00056	0.00076	0.00142	0.00396	0.0135	0.0452	0.09556	0.1157	0.08456	0.03406	0.00912	0.0016	0.00032	
8e-05  2750.0  3000.0  0.0	0.0	0.0	0.0	2e-05	0.0	0.0	0.0	0.0	4e-05	4e-05	0.0	0.0	0.0	2e-05	0.0	6e-05	0.0	2e-05	6e-05	0.0	4e-05	8e-05	0.00012	4e-05	8e-05	0.0002	6e-05	0.00024	0.0002	0.00012	0.0004	0.00044	0.00066	0.0013	0.00498	0.01554	0.04176	0.08436	0.10698	0.08248	0.03942	0.01236	0.00328	
6e-05  3000.0  3500.0  0.0	0.0	0.0	0.0	0.0	0.0	0.0	0.0	0.0	0.0	2e-05	0.0	0.0	0.0	0.0	0.0	4e-05	4e-05	2e-05	2e-05	4e-05	2e-05	2e-05	8e-05	8e-05	0.00014	6e-05	8e-05	6e-05	0.0001	0.0002	0.00022	0.0003	0.0004	0.00072	0.00142	0.00424	0.01416	0.03462	0.06952	0.09284	0.08334	0.05096	0.02388	
1e-05  3500.0  4000.0  0.0	0.0	0.0	0.0	0.0	0.0	0.0	0.0	0.0	0.0	0.0	0.0	0.0	4e-05	0.0	0.0	2e-05	2e-05	0.0	0.0	2e-05	4e-05	0.0	2e-05	2e-05	0.00014	6e-05	0.00012	0.0001	8e-05	0.00016	0.0003	0.00022	0.00018	0.0004	0.00064	0.00146	0.00292	0.00784	0.02132	0.0417	0.06864	0.0821	0.06952	
0.0  4000.0  15000.0  0.0	0.0	0.0	0.0	0.0	0.0	0.0	0.0	0.0	2e-05	0.0	0.0	0.0	2e-05	2e-05	2e-05	0.0	4e-05	0.0	4e-05	0.0	4e-05	2e-05	8e-05	4e-05	4e-05	0.0	6e-05	0.0	8e-05	8e-05	0.00024	0.00018	0.00026	0.00026	0.00038	0.0004	0.00098	0.0027	0.00604	0.01338	0.02596	0.04178	0.05754	
