#===============
# Ref : 1903.06248
# Experiment : ATLAS
# ll~ : mumu
# qq~ : bb~
# FF  : vector
# XY  : LR RL
# coef : 00
# type : A*Reg
# Nevs : 50000
#===============
#
# XSEC	BIN_MIN	BIN_MAX 	 Kij 
# 225.0 232.51 240.271 248.291 256.579 265.143 273.994 283.139 292.59 302.357 312.449 322.878 333.656 344.793 356.302 368.195 380.485 393.185 406.309 419.872 433.887 448.369 463.336 478.801 494.783 511.299 528.365 546.002 564.227 583.06 602.522 622.634 643.417 664.894 687.087 710.022 733.722 758.213 783.521 809.674 836.7 864.629 893.489 923.313 954.133 985.981 1018.89 1052.9 1088.05 1124.36 1161.9 1200.68 1240.76 1282.17 1324.97 1369.2 1414.9 1462.13 1510.93 1561.36 1613.48 1667.34 1722.99 1780.5 1839.94 1901.35 1964.82 2030.4 2098.17 2168.21 2240.58 2315.37 2392.65 2472.52 2555.05 2640.34 2728.47 2819.54 2913.66 3010.91 3111.41 3215.27 3322.59 3433.5 3548.1 3666.54 3788.92 3915.39 4046.09 4181.14 4320.7 4464.92 4613.96 4767.97 4927.12 5091.58 5261.54 5437.16 5618.6 10000.0 
3.967  200.0  300.0  0.03544	0.03418	0.03178	0.02906	0.02808	0.02748	0.02522	0.02184	0.01368	0.0023	0.00026	0.0	0.0	0.0	0.0	0.0	0.0	0.0	0.0	0.0	0.0	0.0	0.0	0.0	0.0	0.0	0.0	0.0	0.0	0.0	0.0	0.0	0.0	0.0	0.0	0.0	0.0	0.0	0.0	0.0	0.0	0.0	0.0	0.0	0.0	0.0	0.0	0.0	0.0	0.0	0.0	0.0	0.0	0.0	0.0	0.0	0.0	0.0	0.0	0.0	0.0	0.0	0.0	0.0	0.0	0.0	0.0	0.0	0.0	0.0	0.0	0.0	0.0	0.0	0.0	0.0	0.0	0.0	0.0	0.0	0.0	0.0	0.0	0.0	0.0	0.0	0.0	0.0	0.0	0.0	0.0	0.0	0.0	0.0	0.0	0.0	0.0	0.0	0.0	
1.4211  300.0  400.0  0.00026	0.00034	0.0004	0.0004	0.00056	0.00108	0.00266	0.00564	0.02558	0.05308	0.05732	0.05286	0.0512	0.0459	0.04348	0.03852	0.03144	0.016	0.00266	0.00024	4e-05	0.0	0.0	0.0	0.0	0.0	0.0	0.0	0.0	0.0	0.0	0.0	0.0	0.0	0.0	0.0	0.0	0.0	0.0	0.0	0.0	0.0	0.0	0.0	0.0	0.0	0.0	0.0	0.0	0.0	0.0	0.0	0.0	0.0	0.0	0.0	0.0	0.0	0.0	0.0	0.0	0.0	0.0	0.0	0.0	0.0	0.0	0.0	0.0	0.0	0.0	0.0	0.0	0.0	0.0	0.0	0.0	0.0	0.0	0.0	0.0	0.0	0.0	0.0	0.0	0.0	0.0	0.0	0.0	0.0	0.0	0.0	0.0	0.0	0.0	0.0	0.0	0.0	0.0	
0.62129  400.0  500.0  2e-05	0.00018	0.0001	8e-05	0.00026	0.00026	0.00024	0.00032	0.0003	0.00036	0.00046	0.00046	0.00076	0.00074	0.00218	0.00388	0.01376	0.04344	0.06812	0.068	0.0624	0.05776	0.051	0.03864	0.01772	0.0034	0.00052	0.00012	0.0	0.0	0.0	0.0	0.0	0.0	0.0	0.0	0.0	0.0	0.0	0.0	0.0	0.0	0.0	0.0	0.0	0.0	0.0	0.0	0.0	0.0	0.0	0.0	0.0	0.0	0.0	0.0	0.0	0.0	0.0	0.0	0.0	0.0	0.0	0.0	0.0	0.0	0.0	0.0	0.0	0.0	0.0	0.0	0.0	0.0	0.0	0.0	0.0	0.0	0.0	0.0	0.0	0.0	0.0	0.0	0.0	0.0	0.0	0.0	0.0	0.0	0.0	0.0	0.0	0.0	0.0	0.0	0.0	0.0	0.0	
0.30656  500.0  600.0  4e-05	6e-05	4e-05	0.00012	0.0001	0.00012	0.0001	0.00014	0.00012	0.00012	0.00024	0.00032	0.00024	0.00032	0.00028	0.00052	0.0003	0.00054	0.0004	0.00074	0.00138	0.00288	0.00806	0.02462	0.06084	0.07916	0.07934	0.06896	0.05808	0.03892	0.01374	0.00264	0.00068	0.00012	4e-05	2e-05	0.0	0.0	0.0	0.0	0.0	0.0	0.0	0.0	0.0	0.0	0.0	0.0	0.0	0.0	0.0	0.0	0.0	0.0	0.0	0.0	0.0	0.0	0.0	0.0	0.0	0.0	0.0	0.0	0.0	0.0	0.0	0.0	0.0	0.0	0.0	0.0	0.0	0.0	0.0	0.0	0.0	0.0	0.0	0.0	0.0	0.0	0.0	0.0	0.0	0.0	0.0	0.0	0.0	0.0	0.0	0.0	0.0	0.0	0.0	0.0	0.0	0.0	0.0	
0.16455  600.0  700.0  6e-05	2e-05	4e-05	0.0001	8e-05	4e-05	0.00014	2e-05	6e-05	8e-05	8e-05	0.0001	6e-05	0.00012	0.00026	0.00016	0.00016	0.00018	0.00028	0.0002	0.0004	0.00034	0.00034	0.00076	0.0008	0.00096	0.00224	0.00618	0.0171	0.04678	0.08088	0.08926	0.0815	0.06278	0.0371	0.0122	0.00274	0.0007	0.00014	6e-05	2e-05	0.0	0.0	0.0	0.0	0.0	0.0	0.0	0.0	0.0	0.0	0.0	0.0	0.0	0.0	0.0	0.0	0.0	0.0	0.0	0.0	0.0	0.0	0.0	0.0	0.0	0.0	0.0	0.0	0.0	0.0	0.0	0.0	0.0	0.0	0.0	0.0	0.0	0.0	0.0	0.0	0.0	0.0	0.0	0.0	0.0	0.0	0.0	0.0	0.0	0.0	0.0	0.0	0.0	0.0	0.0	0.0	0.0	0.0	
0.093891  700.0  800.0  0.0	0.0	0.0001	2e-05	2e-05	4e-05	0.0001	4e-05	4e-05	6e-05	8e-05	0.00012	0.00012	2e-05	6e-05	6e-05	0.0002	0.0002	0.0002	0.0002	0.0001	0.0003	0.0002	0.00026	0.00026	0.00044	0.00046	0.00054	0.00078	0.00098	0.00164	0.00464	0.01018	0.02962	0.06534	0.09328	0.09358	0.07374	0.0449	0.01728	0.0043	0.00112	0.00032	2e-05	2e-05	2e-05	0.0	0.0	0.0	0.0	0.0	0.0	0.0	0.0	0.0	0.0	0.0	0.0	0.0	0.0	0.0	0.0	0.0	0.0	0.0	0.0	0.0	0.0	0.0	0.0	0.0	0.0	0.0	0.0	0.0	0.0	0.0	0.0	0.0	0.0	0.0	0.0	0.0	0.0	0.0	0.0	0.0	0.0	0.0	0.0	0.0	0.0	0.0	0.0	0.0	0.0	0.0	0.0	0.0	
0.056022  800.0  900.0  0.0	2e-05	4e-05	0.0	2e-05	4e-05	4e-05	6e-05	4e-05	8e-05	4e-05	4e-05	4e-05	4e-05	6e-05	8e-05	0.0	6e-05	0.00012	8e-05	0.00012	0.00014	0.00028	0.00014	0.00024	0.00016	0.00034	0.00018	0.00034	0.00046	0.00056	0.0004	0.00074	0.00098	0.00212	0.00556	0.01346	0.03294	0.06762	0.09726	0.0954	0.0698	0.0384	0.0136	0.00418	0.00082	0.00022	0.00012	4e-05	4e-05	0.0	0.0	0.0	0.0	0.0	0.0	0.0	0.0	0.0	0.0	0.0	0.0	0.0	0.0	0.0	0.0	0.0	0.0	0.0	0.0	0.0	0.0	0.0	0.0	0.0	0.0	0.0	0.0	0.0	0.0	0.0	0.0	0.0	0.0	0.0	0.0	0.0	0.0	0.0	0.0	0.0	0.0	0.0	0.0	0.0	0.0	0.0	0.0	0.0	
0.034737  900.0  1000.0  0.0	0.0	2e-05	2e-05	2e-05	6e-05	0.0	4e-05	0.0	4e-05	4e-05	8e-05	0.0	2e-05	0.0001	8e-05	2e-05	4e-05	8e-05	0.0001	0.00014	0.00014	8e-05	0.00012	0.00018	0.00012	0.0002	0.00018	0.00012	0.00024	0.00022	0.0003	0.00034	0.00036	0.00064	0.0007	0.00088	0.0019	0.0039	0.0099	0.02358	0.0516	0.08824	0.09972	0.08034	0.05076	0.02102	0.00692	0.00214	0.0007	0.00016	4e-05	4e-05	0.0	2e-05	0.0	0.0	0.0	0.0	0.0	0.0	0.0	0.0	0.0	0.0	0.0	0.0	0.0	0.0	0.0	0.0	0.0	0.0	0.0	0.0	0.0	0.0	0.0	0.0	0.0	0.0	0.0	0.0	0.0	0.0	0.0	0.0	0.0	0.0	0.0	0.0	0.0	0.0	0.0	0.0	0.0	0.0	0.0	0.0	
0.036734  1000.0  1200.0  2e-05	0.0	2e-05	0.0	2e-05	4e-05	0.0	0.0	0.0	4e-05	2e-05	4e-05	4e-05	6e-05	2e-05	4e-05	6e-05	4e-05	4e-05	2e-05	0.00016	0.0001	0.0001	0.0001	4e-05	8e-05	0.00016	0.00012	0.0002	0.00022	0.00016	0.0002	0.00016	0.00034	0.00018	0.00034	0.00064	0.00052	0.00058	0.00074	0.0015	0.0027	0.00576	0.01554	0.033	0.05388	0.0733	0.07376	0.0641	0.05212	0.03522	0.0193	0.00762	0.00306	0.0012	0.00036	0.00032	2e-05	4e-05	0.0	0.0	0.0	0.0	0.0	0.0	0.0	0.0	0.0	0.0	0.0	0.0	0.0	0.0	0.0	0.0	0.0	0.0	0.0	0.0	0.0	0.0	0.0	0.0	0.0	0.0	0.0	0.0	0.0	0.0	0.0	0.0	0.0	0.0	0.0	0.0	0.0	0.0	0.0	0.0	
0.016339  1200.0  1400.0  0.0	0.0	4e-05	0.0	4e-05	2e-05	6e-05	2e-05	2e-05	0.0	0.0	4e-05	8e-05	6e-05	4e-05	6e-05	4e-05	2e-05	6e-05	6e-05	6e-05	0.0001	8e-05	6e-05	4e-05	4e-05	0.0001	4e-05	0.0001	0.0002	0.0002	0.00012	6e-05	0.00014	0.00016	0.00016	0.00018	0.00014	0.00032	0.0002	0.0004	0.0003	0.00062	0.00062	0.0009	0.00176	0.00244	0.00658	0.01314	0.0283	0.04644	0.06816	0.07556	0.07016	0.0553	0.03554	0.01998	0.00898	0.00354	0.00142	0.0005	0.00024	0.00018	6e-05	4e-05	0.0	0.0	0.0	0.0	0.0	0.0	0.0	0.0	0.0	0.0	0.0	0.0	0.0	0.0	0.0	0.0	0.0	0.0	0.0	0.0	0.0	0.0	0.0	0.0	0.0	0.0	0.0	0.0	0.0	0.0	0.0	0.0	0.0	0.0	
0.007789  1400.0  1600.0  0.0	0.0	0.0	0.0	2e-05	0.0	2e-05	2e-05	2e-05	4e-05	4e-05	0.0	2e-05	0.0	0.0	0.0	2e-05	4e-05	0.0	6e-05	4e-05	6e-05	4e-05	6e-05	2e-05	2e-05	6e-05	8e-05	8e-05	8e-05	8e-05	0.0001	0.00012	0.00014	6e-05	0.0001	0.0001	8e-05	0.0002	0.0002	8e-05	0.00026	0.00026	0.00018	0.00028	0.00048	0.00038	0.00062	0.00096	0.00152	0.00252	0.00566	0.0115	0.02302	0.03918	0.0585	0.07118	0.07	0.06022	0.04252	0.02606	0.0128	0.00554	0.00244	0.00114	0.00028	0.0002	2e-05	2e-05	0.0	0.0	0.0	0.0	0.0	0.0	0.0	0.0	0.0	0.0	0.0	0.0	0.0	0.0	0.0	0.0	0.0	0.0	0.0	0.0	0.0	0.0	0.0	0.0	0.0	0.0	0.0	0.0	0.0	0.0	
0.003911  1600.0  1800.0  0.0	2e-05	0.0	0.0	0.0	0.0	0.0	0.0	0.0	2e-05	2e-05	0.0	4e-05	4e-05	4e-05	0.0	4e-05	0.0	4e-05	0.0	2e-05	4e-05	4e-05	6e-05	2e-05	6e-05	8e-05	4e-05	6e-05	4e-05	8e-05	0.00014	8e-05	4e-05	6e-05	4e-05	4e-05	0.00014	0.00012	0.00014	8e-05	8e-05	0.00016	0.00014	4e-05	0.0003	0.00024	0.00018	0.00042	0.00042	0.00036	0.00076	0.00104	0.00158	0.00418	0.00708	0.01376	0.02646	0.04042	0.05854	0.06866	0.06836	0.05544	0.03996	0.02402	0.01216	0.00594	0.00244	0.00106	0.00052	0.00012	0.00014	0.0001	2e-05	0.0	0.0	0.0	0.0	0.0	0.0	0.0	0.0	0.0	0.0	0.0	0.0	0.0	0.0	0.0	0.0	0.0	0.0	0.0	0.0	0.0	0.0	0.0	0.0	0.0	
0.002047  1800.0  2000.0  0.0	0.0	0.0	0.0	0.0	0.0	4e-05	0.0	2e-05	2e-05	2e-05	0.0	2e-05	2e-05	4e-05	0.0	2e-05	6e-05	0.0	2e-05	6e-05	2e-05	0.0	6e-05	2e-05	0.0	4e-05	4e-05	6e-05	2e-05	8e-05	4e-05	2e-05	4e-05	0.00012	2e-05	0.00016	4e-05	4e-05	0.00016	4e-05	6e-05	0.00016	0.00012	6e-05	0.00028	0.0001	0.0002	0.00016	6e-05	0.0002	0.00046	0.00026	0.00052	0.00098	0.00108	0.00176	0.00338	0.00572	0.01144	0.02182	0.03584	0.04842	0.06388	0.06332	0.05742	0.04558	0.02968	0.01708	0.00978	0.00402	0.00236	0.00096	0.00046	0.00014	4e-05	2e-05	2e-05	0.0	0.0	0.0	0.0	0.0	0.0	0.0	0.0	0.0	0.0	0.0	0.0	0.0	0.0	0.0	0.0	0.0	0.0	0.0	0.0	0.0	
0.001293  2000.0  2250.0  0.0	0.0	2e-05	0.0	0.0	2e-05	0.0	2e-05	0.0	0.0	0.0	0.0	0.0	0.0	0.0	0.0	2e-05	2e-05	0.0	2e-05	4e-05	2e-05	2e-05	0.0	2e-05	4e-05	4e-05	4e-05	0.0	6e-05	4e-05	4e-05	2e-05	4e-05	8e-05	0.0	6e-05	4e-05	4e-05	0.00012	0.00014	4e-05	8e-05	8e-05	0.0001	6e-05	8e-05	0.00014	0.0002	0.00018	0.00032	0.00038	0.00026	0.00024	0.00038	0.00036	0.00056	0.00092	0.00148	0.00202	0.0035	0.00726	0.01148	0.01994	0.03096	0.0449	0.05456	0.06006	0.0544	0.04672	0.03336	0.02192	0.01334	0.00786	0.00372	0.0019	0.00094	0.00036	8e-05	4e-05	0.0	4e-05	0.0	0.0	0.0	0.0	0.0	0.0	0.0	0.0	0.0	0.0	0.0	0.0	0.0	0.0	0.0	0.0	0.0	
0.000622  2250.0  2500.0  0.0	0.0	0.0	0.0	0.0	0.0	0.0	0.0	0.0	0.0	4e-05	0.0	4e-05	0.0	0.0	2e-05	0.0	0.0	0.0	4e-05	0.0	0.0	0.0	2e-05	2e-05	0.0	0.0	2e-05	4e-05	6e-05	2e-05	4e-05	2e-05	6e-05	6e-05	2e-05	8e-05	8e-05	8e-05	0.0001	4e-05	6e-05	8e-05	0.0001	0.00014	0.00012	6e-05	0.00012	0.00014	8e-05	6e-05	0.00018	0.00016	0.00012	0.00018	0.00016	0.00024	0.00028	0.00044	0.0005	0.00084	0.0014	0.00204	0.00338	0.0067	0.01096	0.01758	0.02734	0.03812	0.04782	0.05332	0.05264	0.04462	0.0385	0.02712	0.01744	0.0101	0.00612	0.0031	0.00162	0.00062	0.0004	0.00012	8e-05	6e-05	2e-05	0.0	0.0	0.0	0.0	0.0	0.0	0.0	0.0	0.0	0.0	0.0	0.0	0.0	
0.000308  2500.0  2750.0  2e-05	2e-05	0.0	2e-05	2e-05	0.0	0.0	2e-05	2e-05	0.0	0.0	0.0	2e-05	4e-05	0.0	0.0	2e-05	0.0	2e-05	0.0	0.0	0.0	0.0	4e-05	0.0	0.0	2e-05	0.0	2e-05	6e-05	0.0	2e-05	4e-05	8e-05	4e-05	4e-05	2e-05	2e-05	4e-05	8e-05	4e-05	8e-05	6e-05	4e-05	8e-05	2e-05	0.00014	0.0001	6e-05	6e-05	6e-05	0.0001	6e-05	4e-05	8e-05	0.0001	0.00022	0.00034	0.00018	0.00016	0.00028	0.00054	0.00054	0.0008	0.00152	0.00292	0.005	0.00762	0.01228	0.01876	0.0275	0.03516	0.04526	0.0489	0.04898	0.04294	0.03634	0.02696	0.01852	0.01192	0.0064	0.00382	0.00192	0.00104	0.0005	0.0003	0.0001	8e-05	4e-05	0.0	2e-05	0.0	0.0	0.0	0.0	0.0	0.0	0.0	0.0	
0.000157  2750.0  3000.0  2e-05	0.0	0.0	0.0	0.0	0.0	0.0	2e-05	0.0	0.0	2e-05	0.0	0.0	0.0	0.0	0.0	2e-05	2e-05	2e-05	0.0	0.0	2e-05	0.0	0.0	0.0	2e-05	2e-05	0.0	6e-05	0.0	2e-05	4e-05	6e-05	4e-05	0.0	2e-05	2e-05	6e-05	4e-05	2e-05	2e-05	6e-05	8e-05	6e-05	8e-05	2e-05	6e-05	0.00012	0.0	8e-05	2e-05	0.00012	0.00018	0.00012	0.0001	0.00018	0.00016	0.00024	0.0002	0.00018	0.00018	0.00014	0.00034	0.00042	0.00066	0.00106	0.00142	0.00242	0.00328	0.00608	0.00884	0.01518	0.02202	0.02938	0.0355	0.04152	0.04702	0.04422	0.04092	0.03298	0.0236	0.01676	0.01062	0.00628	0.00372	0.0021	0.0014	0.00062	0.00028	0.00026	6e-05	2e-05	2e-05	0.0	0.0	0.0	0.0	0.0	0.0	
0.000124  3000.0  3500.0  0.0	0.0	0.0	0.0	0.0	0.0	0.0	2e-05	0.0	0.0	0.0	0.0	0.0	2e-05	0.0	0.0	0.0	0.0	0.0	2e-05	0.0	2e-05	2e-05	0.0	4e-05	2e-05	4e-05	4e-05	0.0	0.0	4e-05	2e-05	0.0	0.0	4e-05	2e-05	2e-05	4e-05	0.0	6e-05	0.0	0.0	2e-05	2e-05	0.0	2e-05	4e-05	2e-05	4e-05	0.0	0.0001	4e-05	0.00012	8e-05	2e-05	4e-05	0.0001	8e-05	0.00012	0.0001	0.00022	0.00018	0.00032	0.00014	0.0004	0.0003	0.00056	0.00092	0.00116	0.00164	0.00272	0.00494	0.00696	0.0111	0.01652	0.0207	0.02678	0.03214	0.0364	0.0394	0.037	0.03542	0.03032	0.0255	0.01936	0.01426	0.009	0.00658	0.0035	0.00232	0.00144	0.00102	0.00048	0.00032	8e-05	4e-05	2e-05	4e-05	0.0	
3.5e-05  3500.0  4000.0  0.0	0.0	0.0	2e-05	0.0	2e-05	0.0	0.0	0.0	0.0	0.0	0.0	0.0	2e-05	0.0	0.0	0.0	0.0	0.0	0.0	2e-05	0.0	0.0	2e-05	0.0	2e-05	2e-05	0.0	2e-05	2e-05	0.0	2e-05	0.0	4e-05	2e-05	0.0	4e-05	0.0	2e-05	2e-05	2e-05	6e-05	2e-05	2e-05	0.0	0.0	2e-05	6e-05	4e-05	4e-05	0.0	2e-05	4e-05	4e-05	8e-05	2e-05	4e-05	6e-05	6e-05	0.0	8e-05	0.0	0.0001	8e-05	6e-05	0.00024	0.0002	0.00032	0.0004	0.00044	0.00068	0.00114	0.00188	0.0023	0.00358	0.00508	0.0077	0.01038	0.01366	0.0179	0.0243	0.02914	0.0313	0.03418	0.03324	0.03228	0.02868	0.02512	0.02114	0.01436	0.0123	0.00868	0.00538	0.00338	0.00204	0.00156	0.00066	0.00046	0.00076	
1.4e-05  4000.0  15000.0  2e-05	2e-05	0.0	0.0	0.0	0.0	0.0	0.0	2e-05	0.0	0.0	0.0	0.0	0.0	0.0	0.0	0.0	2e-05	0.0	0.0	0.0	0.0	2e-05	2e-05	0.0	0.0	0.0	0.0	0.0	2e-05	0.0	4e-05	2e-05	2e-05	4e-05	4e-05	0.0	0.0	0.0	4e-05	4e-05	0.0	2e-05	2e-05	4e-05	0.0	2e-05	2e-05	0.0	8e-05	2e-05	0.0	0.0	4e-05	4e-05	4e-05	8e-05	6e-05	4e-05	4e-05	6e-05	2e-05	0.00012	6e-05	4e-05	0.0	8e-05	0.0001	0.0002	0.00016	0.00036	0.00034	0.00048	0.00044	0.00096	0.00146	0.00204	0.00346	0.00442	0.00486	0.00802	0.01026	0.01332	0.0166	0.019	0.0222	0.02476	0.02614	0.0262	0.02622	0.02394	0.02164	0.0195	0.01548	0.0137	0.01104	0.00938	0.00648	0.01858	
