#===============
# ll~ : mumu
# qq~ : uu~
# FF  : vector
# XY  : LR RL  
# coef : 1 0
# type : Z*Reg
# Nevs : 50000
#===============
#
# XSEC	BIN_MIN	BIN_MAX 	 Kij 
#
4.2799  200.0  300.0  0.0	0.0	2e-05	0.00018	0.00042	0.0018	0.02522	0.0446	0.046	0.0527	0.05414	0.0258	0.00056	0.0	0.0	0.0	0.0	0.0	0.0	0.0	0.0	0.0	0.0	0.0	0.0	0.0	0.0	0.0	0.0	0.0	0.0	0.0	0.0	0.0	0.0	0.0	0.0	0.0	0.0	0.0	0.0	0.0	0.0	0.0	
3.6921  300.0  400.0  0.0	0.0	0.0	2e-05	4e-05	0.00014	0.00024	0.00024	0.00056	0.00062	0.00404	0.042	0.07738	0.08066	0.07612	0.0149	8e-05	4e-05	0.0	0.0	0.0	0.0	0.0	0.0	0.0	0.0	0.0	0.0	0.0	0.0	0.0	0.0	0.0	0.0	0.0	0.0	0.0	0.0	0.0	0.0	0.0	0.0	0.0	0.0	
3.2897  400.0  500.0  0.0	0.0	0.0	2e-05	2e-05	2e-05	2e-05	0.00014	0.00026	0.00014	0.00028	0.00054	0.00072	0.00176	0.0177	0.09624	0.1111	0.08898	0.01184	0.00028	0.0	0.0	0.0	0.0	0.0	0.0	0.0	0.0	0.0	0.0	0.0	0.0	0.0	0.0	0.0	0.0	0.0	0.0	0.0	0.0	0.0	0.0	0.0	0.0	
2.9561  500.0  600.0  0.0	0.0	0.0	2e-05	0.0	4e-05	4e-05	2e-05	0.00012	0.00024	0.00022	0.00026	0.0003	0.00052	0.0007	0.00094	0.0043	0.04224	0.13264	0.13252	0.0371	0.00194	6e-05	0.0	0.0	0.0	0.0	0.0	0.0	0.0	0.0	0.0	0.0	0.0	0.0	0.0	0.0	0.0	0.0	0.0	0.0	0.0	0.0	0.0	
2.6615  600.0  700.0  0.0	0.0	0.0	2e-05	0.0	0.0	2e-05	2e-05	4e-05	0.0	0.00012	0.00024	0.0002	0.00016	0.00038	0.00044	0.00074	0.00126	0.00404	0.03024	0.1359	0.14846	0.0417	0.00302	0.00024	0.0	0.0	0.0	0.0	0.0	0.0	0.0	0.0	0.0	0.0	0.0	0.0	0.0	0.0	0.0	0.0	0.0	0.0	0.0	
2.3986  700.0  800.0  0.0	0.0	0.0	0.0	0.0	0.0	2e-05	4e-05	0.0	2e-05	8e-05	0.00022	0.00014	0.00036	0.00022	0.0002	0.00022	0.00048	0.00072	0.00182	0.00698	0.04738	0.16378	0.13594	0.02496	0.0017	0.00016	0.0	0.0	0.0	0.0	0.0	0.0	0.0	0.0	0.0	0.0	0.0	0.0	0.0	0.0	0.0	0.0	0.0	
2.159  800.0  900.0  0.0	0.0	0.0	0.0	2e-05	2e-05	0.0	2e-05	6e-05	2e-05	4e-05	0.00012	0.00014	0.0001	4e-05	0.00026	0.0002	0.0004	0.00048	0.00074	0.00136	0.00296	0.01552	0.09566	0.18574	0.07912	0.00926	0.00062	2e-05	2e-05	0.0	0.0	0.0	0.0	0.0	0.0	0.0	0.0	0.0	0.0	0.0	0.0	0.0	0.0	
1.9421  900.0  1000.0  0.0	0.0	0.0	0.0	4e-05	0.0	2e-05	2e-05	6e-05	2e-05	4e-05	2e-05	4e-05	0.0001	0.0001	0.00012	0.00032	0.00024	0.00034	0.00036	0.00056	0.00088	0.00226	0.00878	0.05234	0.16924	0.13388	0.02356	0.0025	0.00048	2e-05	0.0	0.0	0.0	0.0	0.0	0.0	0.0	0.0	0.0	0.0	0.0	0.0	0.0	
3.3134  1000.0  1200.0  0.0	0.0	0.0	0.0	0.0	2e-05	2e-05	2e-05	2e-05	2e-05	2e-05	4e-05	0.0001	4e-05	4e-05	0.00012	0.00018	0.00016	0.00018	0.00018	0.00044	0.0005	0.00072	0.0013	0.00412	0.02088	0.09038	0.14706	0.1063	0.0296	0.0039	0.00056	0.00012	2e-05	0.0	0.0	0.0	0.0	0.0	0.0	0.0	0.0	0.0	0.0	
2.6653  1200.0  1400.0  0.0	0.0	0.0	2e-05	0.0	2e-05	0.0	0.0	2e-05	0.0	2e-05	2e-05	4e-05	6e-05	4e-05	0.0001	0.0001	0.00012	0.00018	0.00022	0.00024	0.00026	0.00026	0.00046	0.00084	0.00146	0.004	0.01914	0.07864	0.15256	0.11276	0.03364	0.0056	0.00054	0.00022	2e-05	4e-05	0.0	0.0	0.0	0.0	0.0	0.0	0.0	
2.137  1400.0  1600.0  0.0	0.0	2e-05	0.0	0.0	0.0	2e-05	0.0	0.0	2e-05	2e-05	0.0	4e-05	2e-05	2e-05	2e-05	0.00012	6e-05	0.00014	0.00012	0.0002	0.00028	0.00026	0.00038	0.00052	0.00062	0.00092	0.00218	0.00584	0.02922	0.09808	0.15202	0.09356	0.02556	0.00404	0.00068	0.00012	0.0	0.0	0.0	0.0	0.0	0.0	0.0	
1.7051  1600.0  1800.0  0.0	0.0	0.0	0.0	0.0	0.0	2e-05	0.0	2e-05	0.0	2e-05	0.0	2e-05	4e-05	4e-05	6e-05	8e-05	4e-05	0.0001	0.0001	0.00012	0.00012	0.00016	0.00028	0.00028	0.00034	0.00054	0.00072	0.0011	0.00336	0.0155	0.05484	0.12918	0.13162	0.05688	0.0131	0.00282	0.00064	6e-05	2e-05	0.0	0.0	0.0	0.0	
1.3544  1800.0  2000.0  0.0	0.0	0.0	2e-05	0.0	0.0	0.0	2e-05	2e-05	2e-05	2e-05	0.0	2e-05	0.0	6e-05	6e-05	4e-05	2e-05	2e-05	6e-05	0.00012	0.00014	0.00014	0.00026	0.0002	0.00028	0.00024	0.0004	0.00056	0.00106	0.00308	0.00886	0.03656	0.10096	0.1361	0.08678	0.0281	0.00618	0.00106	0.00024	0.0001	2e-05	0.0	0.0	
1.3036  2000.0  2250.0  0.0	0.0	0.0	0.0	0.0	2e-05	0.0	2e-05	0.0	0.0	0.0	2e-05	0.0	4e-05	2e-05	2e-05	4e-05	4e-05	8e-05	0.00012	0.00016	0.0001	4e-05	0.00012	4e-05	0.00018	0.0002	0.0003	0.00026	0.00064	0.00104	0.00222	0.00806	0.02602	0.0724	0.12692	0.10624	0.04724	0.01374	0.0026	0.00068	0.0001	2e-05	0.0	
0.96834  2250.0  2500.0  0.0	0.0	0.0	0.0	0.0	0.0	0.0	0.0	0.0	2e-05	0.0	0.0	0.0	4e-05	2e-05	0.0	2e-05	4e-05	2e-05	0.00012	8e-05	0.00014	6e-05	8e-05	0.0002	0.00016	0.00028	0.0003	0.00042	0.00042	0.0004	0.00078	0.00198	0.00526	0.01778	0.05412	0.1045	0.11322	0.0697	0.02672	0.00628	0.00146	0.00044	2e-05	
0.71502  2500.0  2750.0  0.0	0.0	0.0	0.0	0.0	0.0	4e-05	0.0	2e-05	0.0	0.0	0.0	0.0	0.0	0.0	0.0	0.0	2e-05	6e-05	6e-05	4e-05	4e-05	0.00016	6e-05	0.0002	0.00018	0.00016	0.00016	0.00028	0.00022	0.0003	0.00052	0.00086	0.00202	0.00544	0.01632	0.04218	0.08906	0.1104	0.07912	0.03454	0.01006	0.00268	0.00052	
0.52535  2750.0  3000.0  0.0	0.0	0.0	0.0	0.0	2e-05	0.0	0.0	0.0	0.0	0.0	2e-05	0.0	0.0	2e-05	0.0	0.0	0.0	0.0	2e-05	2e-05	4e-05	0.0001	0.00014	6e-05	0.0002	0.00016	0.00012	0.00018	0.00024	0.00016	0.00028	0.00056	0.00078	0.00198	0.00474	0.01532	0.04276	0.0808	0.10072	0.08176	0.04104	0.014	0.00408	
0.66144  3000.0  3500.0  0.0	0.0	0.0	0.0	0.0	0.0	0.0	0.0	0.0	2e-05	0.0	0.0	0.0	2e-05	0.0	0.0	2e-05	2e-05	0.0	0.0	4e-05	4e-05	6e-05	2e-05	0.00012	4e-05	0.00016	0.00016	6e-05	0.0001	0.00018	0.00016	0.00034	0.0005	0.001	0.0017	0.00496	0.01298	0.03344	0.06232	0.08652	0.08272	0.05412	0.0257	
0.34309  3500.0  4000.0  0.0	0.0	0.0	0.0	0.0	0.0	2e-05	2e-05	0.0	2e-05	0.0	0.0	0.0	2e-05	0.0	0.0	0.0	2e-05	2e-05	0.0	4e-05	2e-05	4e-05	2e-05	4e-05	8e-05	0.00016	8e-05	2e-05	2e-05	0.0002	0.00018	0.00024	0.00026	0.00032	0.00072	0.00102	0.003	0.0082	0.01974	0.03878	0.06266	0.07716	0.0681	
0.3297  4000.0  15000.0  0.0	0.0	0.0	0.0	0.0	0.0	0.0	0.0	2e-05	0.0	0.0	0.0	0.0	0.0	0.0	4e-05	0.0	0.0	0.0	0.0	2e-05	2e-05	2e-05	8e-05	6e-05	0.0	6e-05	6e-05	6e-05	0.00016	8e-05	8e-05	0.00018	0.00018	0.00016	0.0004	0.00048	0.00102	0.00184	0.00432	0.01074	0.02024	0.03484	0.05052	
