#===============
# Ref : 1903.06248
# Experiment : ATLAS
# ll~ : mumu
# qq~ : sd~
# FF  : vector
# XY  : LR RL
# coef : 00
# type : Z*Z
# Nevs : 50000
#===============
#
# XSEC	BIN_MIN	BIN_MAX 	 Kij 
# 225.0 232.51 240.271 248.291 256.579 265.143 273.994 283.139 292.59 302.357 312.449 322.878 333.656 344.793 356.302 368.195 380.485 393.185 406.309 419.872 433.887 448.369 463.336 478.801 494.783 511.299 528.365 546.002 564.227 583.06 602.522 622.634 643.417 664.894 687.087 710.022 733.722 758.213 783.521 809.674 836.7 864.629 893.489 923.313 954.133 985.981 1018.89 1052.9 1088.05 1124.36 1161.9 1200.68 1240.76 1282.17 1324.97 1369.2 1414.9 1462.13 1510.93 1561.36 1613.48 1667.34 1722.99 1780.5 1839.94 1901.35 1964.82 2030.4 2098.17 2168.21 2240.58 2315.37 2392.65 2472.52 2555.05 2640.34 2728.47 2819.54 2913.66 3010.91 3111.41 3215.27 3322.59 3433.5 3548.1 3666.54 3788.92 3915.39 4046.09 4181.14 4320.7 4464.92 4613.96 4767.97 4927.12 5091.58 5261.54 5437.16 5618.6 10000.0 
0.60144  200.0  300.0  0.03514	0.03196	0.02892	0.02418	0.02124	0.01818	0.0161	0.01342	0.0081	0.00152	0.0001	4e-05	0.0	0.0	0.0	0.0	0.0	0.0	0.0	0.0	0.0	0.0	0.0	0.0	0.0	0.0	0.0	0.0	0.0	0.0	0.0	0.0	0.0	0.0	0.0	0.0	0.0	0.0	0.0	0.0	0.0	0.0	0.0	0.0	0.0	0.0	0.0	0.0	0.0	0.0	0.0	0.0	0.0	0.0	0.0	0.0	0.0	0.0	0.0	0.0	0.0	0.0	0.0	0.0	0.0	0.0	0.0	0.0	0.0	0.0	0.0	0.0	0.0	0.0	0.0	0.0	0.0	0.0	0.0	0.0	0.0	0.0	0.0	0.0	0.0	0.0	0.0	0.0	0.0	0.0	0.0	0.0	0.0	0.0	0.0	0.0	0.0	0.0	0.0	
0.09394  300.0  400.0  0.00016	0.00038	0.0005	0.00046	0.00086	0.00116	0.0027	0.00772	0.03188	0.06112	0.061	0.0547	0.0488	0.04326	0.03608	0.03204	0.02356	0.01138	0.00252	0.00022	2e-05	2e-05	0.0	0.0	0.0	0.0	0.0	0.0	0.0	0.0	0.0	0.0	0.0	0.0	0.0	0.0	0.0	0.0	0.0	0.0	0.0	0.0	0.0	0.0	0.0	0.0	0.0	0.0	0.0	0.0	0.0	0.0	0.0	0.0	0.0	0.0	0.0	0.0	0.0	0.0	0.0	0.0	0.0	0.0	0.0	0.0	0.0	0.0	0.0	0.0	0.0	0.0	0.0	0.0	0.0	0.0	0.0	0.0	0.0	0.0	0.0	0.0	0.0	0.0	0.0	0.0	0.0	0.0	0.0	0.0	0.0	0.0	0.0	0.0	0.0	0.0	0.0	0.0	0.0	
0.024594  400.0  500.0  0.00016	8e-05	8e-05	0.00024	0.0002	0.00014	0.00046	0.00014	0.0004	0.00036	0.00028	0.00046	0.00074	0.00114	0.00168	0.00538	0.01522	0.04936	0.0748	0.07194	0.06122	0.05444	0.04592	0.031	0.015	0.00286	0.00052	8e-05	2e-05	0.0	0.0	0.0	0.0	0.0	0.0	0.0	0.0	0.0	0.0	0.0	0.0	0.0	0.0	0.0	0.0	0.0	0.0	0.0	0.0	0.0	0.0	0.0	0.0	0.0	0.0	0.0	0.0	0.0	0.0	0.0	0.0	0.0	0.0	0.0	0.0	0.0	0.0	0.0	0.0	0.0	0.0	0.0	0.0	0.0	0.0	0.0	0.0	0.0	0.0	0.0	0.0	0.0	0.0	0.0	0.0	0.0	0.0	0.0	0.0	0.0	0.0	0.0	0.0	0.0	0.0	0.0	0.0	0.0	0.0	
0.008369  500.0  600.0  0.0	8e-05	4e-05	8e-05	0.0001	4e-05	0.0001	0.00014	6e-05	0.00022	0.00024	0.00022	0.00016	0.00026	0.00026	0.00022	0.00054	0.00054	0.0007	0.00078	0.00154	0.0034	0.00864	0.02762	0.0645	0.08326	0.08184	0.06618	0.05342	0.03248	0.01206	0.00262	0.00054	0.00012	0.0	0.0	0.0	0.0	0.0	0.0	0.0	0.0	0.0	0.0	0.0	0.0	0.0	0.0	0.0	0.0	0.0	0.0	0.0	0.0	0.0	0.0	0.0	0.0	0.0	0.0	0.0	0.0	0.0	0.0	0.0	0.0	0.0	0.0	0.0	0.0	0.0	0.0	0.0	0.0	0.0	0.0	0.0	0.0	0.0	0.0	0.0	0.0	0.0	0.0	0.0	0.0	0.0	0.0	0.0	0.0	0.0	0.0	0.0	0.0	0.0	0.0	0.0	0.0	0.0	
0.003353  600.0  700.0  8e-05	0.0001	4e-05	4e-05	4e-05	4e-05	8e-05	8e-05	8e-05	0.00012	0.0001	0.00014	0.00018	0.00018	0.00018	6e-05	0.00024	0.00014	0.00026	0.00032	0.0003	0.0003	0.00046	0.00072	0.00064	0.00094	0.0025	0.00694	0.0176	0.04936	0.08382	0.09136	0.07976	0.0605	0.03308	0.0111	0.0025	0.00066	0.00016	6e-05	0.0	0.0	0.0	0.0	0.0	0.0	0.0	0.0	0.0	0.0	0.0	0.0	0.0	0.0	0.0	0.0	0.0	0.0	0.0	0.0	0.0	0.0	0.0	0.0	0.0	0.0	0.0	0.0	0.0	0.0	0.0	0.0	0.0	0.0	0.0	0.0	0.0	0.0	0.0	0.0	0.0	0.0	0.0	0.0	0.0	0.0	0.0	0.0	0.0	0.0	0.0	0.0	0.0	0.0	0.0	0.0	0.0	0.0	0.0	
0.001505  700.0  800.0  0.0	4e-05	2e-05	2e-05	6e-05	2e-05	2e-05	0.0001	4e-05	2e-05	6e-05	8e-05	2e-05	0.0001	0.0001	8e-05	0.00012	0.00014	0.00016	0.00014	0.00018	0.00022	0.0002	0.00014	0.00018	0.00024	0.0004	0.00056	0.00092	0.00108	0.002	0.00458	0.01156	0.03158	0.06918	0.09576	0.09618	0.073	0.04124	0.01642	0.0045	0.00116	0.00024	6e-05	4e-05	4e-05	0.0	2e-05	0.0	0.0	0.0	0.0	0.0	0.0	0.0	0.0	0.0	0.0	0.0	0.0	0.0	0.0	0.0	0.0	0.0	0.0	0.0	0.0	0.0	0.0	0.0	0.0	0.0	0.0	0.0	0.0	0.0	0.0	0.0	0.0	0.0	0.0	0.0	0.0	0.0	0.0	0.0	0.0	0.0	0.0	0.0	0.0	0.0	0.0	0.0	0.0	0.0	0.0	0.0	
0.000734  800.0  900.0  2e-05	0.0	2e-05	4e-05	6e-05	2e-05	2e-05	4e-05	4e-05	4e-05	8e-05	6e-05	2e-05	0.0001	2e-05	4e-05	0.0001	8e-05	0.0001	0.00014	0.00022	0.00016	6e-05	0.00024	0.00028	0.0002	0.00024	0.00016	0.00038	0.00044	0.00044	0.0005	0.00058	0.00142	0.00186	0.00492	0.0138	0.03482	0.07174	0.09868	0.0964	0.06898	0.03526	0.0131	0.0038	0.00114	0.00028	8e-05	4e-05	0.0	0.0	0.0	0.0	0.0	0.0	0.0	0.0	0.0	0.0	0.0	0.0	0.0	0.0	0.0	0.0	0.0	0.0	0.0	0.0	0.0	0.0	0.0	0.0	0.0	0.0	0.0	0.0	0.0	0.0	0.0	0.0	0.0	0.0	0.0	0.0	0.0	0.0	0.0	0.0	0.0	0.0	0.0	0.0	0.0	0.0	0.0	0.0	0.0	0.0	
0.000382  900.0  1000.0  4e-05	0.0	4e-05	2e-05	4e-05	2e-05	6e-05	4e-05	4e-05	4e-05	6e-05	4e-05	2e-05	2e-05	8e-05	6e-05	4e-05	0.0002	6e-05	0.0	6e-05	0.00022	6e-05	0.00024	0.0001	0.0002	0.00018	0.00022	0.00024	0.00026	0.0003	0.00022	0.00036	0.00044	0.0007	0.00072	0.0012	0.00198	0.00352	0.01016	0.02424	0.05336	0.09006	0.10066	0.08082	0.04866	0.02002	0.0066	0.00188	0.00056	0.00022	0.00014	0.0	0.0	0.0	0.0	0.0	0.0	0.0	0.0	0.0	0.0	0.0	0.0	0.0	0.0	0.0	0.0	0.0	0.0	0.0	0.0	0.0	0.0	0.0	0.0	0.0	0.0	0.0	0.0	0.0	0.0	0.0	0.0	0.0	0.0	0.0	0.0	0.0	0.0	0.0	0.0	0.0	0.0	0.0	0.0	0.0	0.0	0.0	
0.000328  1000.0  1200.0  0.0	0.0	2e-05	2e-05	2e-05	6e-05	2e-05	4e-05	2e-05	6e-05	0.00014	0.0	2e-05	6e-05	4e-05	0.0001	0.0001	2e-05	4e-05	6e-05	8e-05	0.00012	8e-05	0.00012	0.00016	0.0001	6e-05	6e-05	0.00018	0.00016	6e-05	0.00012	0.00012	0.0003	0.00024	0.00026	0.00042	0.0006	0.00066	0.00068	0.0016	0.0026	0.00724	0.0164	0.0343	0.05954	0.0737	0.0741	0.06414	0.0487	0.03198	0.01748	0.00738	0.0027	0.00092	0.00038	8e-05	2e-05	0.0	0.0	0.0	0.0	0.0	0.0	0.0	0.0	0.0	0.0	0.0	0.0	0.0	0.0	0.0	0.0	0.0	0.0	0.0	0.0	0.0	0.0	0.0	0.0	0.0	0.0	0.0	0.0	0.0	0.0	0.0	0.0	0.0	0.0	0.0	0.0	0.0	0.0	0.0	0.0	0.0	
0.000113  1200.0  1400.0  0.0	2e-05	4e-05	0.0	2e-05	0.0	0.0	2e-05	2e-05	8e-05	2e-05	6e-05	2e-05	0.0	2e-05	4e-05	2e-05	2e-05	4e-05	2e-05	8e-05	4e-05	0.0001	6e-05	4e-05	6e-05	0.0001	0.00014	0.0002	0.0001	8e-05	0.00018	0.00016	0.00014	0.0001	0.00018	0.00014	0.00016	0.00026	0.00024	0.00028	0.00042	0.00028	0.00078	0.00082	0.00168	0.0031	0.0064	0.0134	0.02958	0.04928	0.07238	0.0774	0.0693	0.0505	0.03442	0.01866	0.00812	0.00318	0.00102	0.00058	0.0002	4e-05	4e-05	4e-05	0.0	0.0	0.0	0.0	0.0	0.0	0.0	0.0	0.0	0.0	0.0	0.0	0.0	0.0	0.0	0.0	0.0	0.0	0.0	0.0	0.0	0.0	0.0	0.0	0.0	0.0	0.0	0.0	0.0	0.0	0.0	0.0	0.0	0.0	
4.3e-05  1400.0  1600.0  0.0	0.0	0.0	0.0	0.0	0.0	4e-05	2e-05	0.0	2e-05	2e-05	0.0	2e-05	0.0	0.0	2e-05	2e-05	2e-05	4e-05	2e-05	6e-05	2e-05	8e-05	0.0	4e-05	6e-05	4e-05	2e-05	6e-05	6e-05	4e-05	0.0001	2e-05	0.00016	0.0002	0.0001	0.00016	8e-05	0.00014	0.0001	0.00024	0.00034	0.00014	0.00018	0.00028	0.0002	0.00064	0.0006	0.00088	0.00144	0.00282	0.00572	0.0116	0.02306	0.04122	0.06208	0.07122	0.0721	0.06008	0.04196	0.02472	0.01212	0.00546	0.00186	0.00066	0.00032	0.0001	0.0001	6e-05	2e-05	0.0	2e-05	0.0	0.0	0.0	0.0	0.0	0.0	0.0	0.0	0.0	0.0	0.0	0.0	0.0	0.0	0.0	0.0	0.0	0.0	0.0	0.0	0.0	0.0	0.0	0.0	0.0	0.0	0.0	
1.8e-05  1600.0  1800.0  0.0	0.0	2e-05	0.0	0.0	4e-05	0.0	0.0	0.0	4e-05	2e-05	0.0	2e-05	2e-05	0.0	2e-05	2e-05	0.0	4e-05	0.0	6e-05	2e-05	0.0	2e-05	6e-05	6e-05	0.0	8e-05	0.0001	8e-05	8e-05	6e-05	0.00012	2e-05	2e-05	6e-05	6e-05	0.00016	0.0001	0.00012	0.0002	0.00022	0.00016	0.00022	0.00018	0.00018	0.00022	0.0003	0.00044	0.00046	0.00052	0.00086	0.00114	0.00168	0.00398	0.0074	0.01418	0.0266	0.04224	0.05912	0.0683	0.06688	0.05494	0.03784	0.02264	0.0124	0.00602	0.00238	0.00106	0.00054	0.00026	0.00014	6e-05	4e-05	2e-05	0.0	2e-05	0.0	0.0	0.0	0.0	0.0	0.0	0.0	0.0	0.0	0.0	0.0	0.0	0.0	0.0	0.0	0.0	0.0	0.0	0.0	0.0	0.0	0.0	
8e-06  1800.0  2000.0  0.0	0.0	2e-05	0.0	0.0	0.0	2e-05	2e-05	2e-05	0.0	0.0	4e-05	0.0	0.0	0.0	0.0	2e-05	6e-05	0.0	0.0	2e-05	0.0	4e-05	2e-05	0.0	6e-05	4e-05	6e-05	0.00012	8e-05	6e-05	8e-05	4e-05	2e-05	2e-05	0.0	0.00012	0.0001	0.0001	0.00014	0.00012	0.0001	0.00018	8e-05	0.00012	0.0002	0.00018	0.00018	0.00024	0.00024	0.00038	0.00042	0.00032	0.0005	0.00054	0.00116	0.00216	0.00378	0.00652	0.0123	0.022	0.03598	0.05134	0.06152	0.06358	0.05812	0.0438	0.02916	0.0173	0.00872	0.00432	0.0016	0.001	0.00038	0.00022	0.00012	4e-05	4e-05	4e-05	0.0	0.0	0.0	2e-05	0.0	0.0	0.0	0.0	0.0	0.0	0.0	0.0	0.0	0.0	0.0	0.0	0.0	0.0	0.0	0.0	
4e-06  2000.0  2250.0  0.0	0.0	0.0	0.0	0.0	0.0	0.0	2e-05	0.0	0.0	0.0	0.0	2e-05	0.0	0.0	2e-05	6e-05	8e-05	0.0	0.0	4e-05	0.0	4e-05	2e-05	4e-05	0.0	2e-05	6e-05	4e-05	4e-05	2e-05	0.0	4e-05	6e-05	4e-05	6e-05	8e-05	4e-05	4e-05	2e-05	4e-05	4e-05	0.00016	8e-05	0.0001	0.00012	0.00024	0.00016	0.00026	0.00014	0.00014	0.00018	0.00026	0.00028	0.00046	0.00042	0.00068	0.00058	0.00152	0.00214	0.00366	0.00664	0.01186	0.02114	0.03096	0.04396	0.05456	0.0579	0.0567	0.0442	0.03316	0.02244	0.01328	0.0067	0.00348	0.0017	0.00086	0.00042	0.00016	8e-05	4e-05	0.0	0.0	0.0	0.0	2e-05	0.0	0.0	0.0	0.0	0.0	0.0	0.0	0.0	0.0	0.0	0.0	0.0	0.0	
2e-06  2250.0  2500.0  0.0	0.0	0.0	0.0	0.0	2e-05	0.0	0.0	0.0	2e-05	0.0	0.0	0.0	2e-05	2e-05	2e-05	0.0	0.0	4e-05	2e-05	2e-05	2e-05	0.0	0.0	0.0	6e-05	2e-05	4e-05	6e-05	2e-05	2e-05	6e-05	2e-05	8e-05	2e-05	0.0001	6e-05	6e-05	2e-05	2e-05	2e-05	6e-05	2e-05	2e-05	4e-05	4e-05	8e-05	4e-05	4e-05	0.00014	6e-05	0.00028	6e-05	0.00028	0.00024	0.0002	0.0002	0.00038	0.00058	0.00058	0.00098	0.00168	0.00286	0.00456	0.00724	0.01126	0.0188	0.02806	0.03894	0.04736	0.05388	0.05166	0.0454	0.03578	0.02538	0.01742	0.00916	0.00588	0.00282	0.00142	0.00068	0.00044	0.00032	0.00018	2e-05	2e-05	2e-05	4e-05	2e-05	0.0	2e-05	0.0	0.0	0.0	0.0	0.0	0.0	0.0	0.0	
1e-06  2500.0  2750.0  0.0	0.0	0.0	0.0	0.0	2e-05	0.0	0.0	0.0	0.0	2e-05	0.0	0.0	2e-05	0.0	2e-05	2e-05	0.0	0.0	0.0	2e-05	4e-05	0.0	0.0	4e-05	2e-05	2e-05	0.0	4e-05	0.0	2e-05	2e-05	2e-05	2e-05	8e-05	0.0001	8e-05	6e-05	0.0	2e-05	0.0	0.00012	0.0	6e-05	6e-05	2e-05	0.00012	0.00014	0.00014	0.00014	0.00016	0.00012	0.00016	0.00016	0.00022	0.00016	0.00026	0.00018	0.00034	0.00038	0.00046	0.00084	0.00078	0.00126	0.00178	0.0028	0.00544	0.0076	0.0119	0.01978	0.0275	0.0346	0.04494	0.04686	0.04918	0.04346	0.03648	0.02508	0.01896	0.01154	0.00694	0.0037	0.00168	0.00118	0.00068	0.0003	0.00018	0.0001	4e-05	0.0	2e-05	0.0	4e-05	0.0	0.0	2e-05	0.0	0.0	0.0	
0.0  2750.0  3000.0  0.0	0.0	2e-05	0.0	0.0	0.0	0.0	2e-05	0.0	2e-05	0.0	4e-05	0.0	0.0	2e-05	2e-05	0.0	4e-05	0.0	0.0	2e-05	2e-05	0.0	0.0	0.0	4e-05	2e-05	2e-05	0.0	0.0	2e-05	4e-05	6e-05	4e-05	2e-05	4e-05	0.0001	0.0	6e-05	0.0	4e-05	4e-05	8e-05	2e-05	8e-05	0.0	6e-05	8e-05	6e-05	0.00014	2e-05	0.0002	0.0	4e-05	0.00014	4e-05	0.00014	0.00018	4e-05	0.00024	0.0004	0.00044	0.00046	0.00078	0.00096	0.00118	0.00154	0.00284	0.0044	0.00642	0.01022	0.01434	0.0215	0.02806	0.03514	0.04072	0.04466	0.04196	0.0389	0.03114	0.02406	0.01608	0.00996	0.0071	0.00398	0.00234	0.00144	0.0006	0.00052	0.00028	0.00018	8e-05	4e-05	2e-05	4e-05	2e-05	0.0	2e-05	0.0	
0.0  3000.0  3500.0  0.0	0.0	0.0	0.0	0.0	0.0	0.0	0.0	0.0	0.0	0.0	2e-05	0.0	4e-05	0.0	0.0	2e-05	0.0	0.0	0.0	0.0	0.0	2e-05	2e-05	2e-05	2e-05	2e-05	0.0	2e-05	0.0	2e-05	2e-05	0.0	2e-05	2e-05	0.0	2e-05	0.0	0.0	2e-05	2e-05	6e-05	4e-05	0.0	6e-05	4e-05	4e-05	4e-05	8e-05	4e-05	8e-05	6e-05	2e-05	4e-05	6e-05	0.00016	0.0001	8e-05	0.0001	0.0001	0.00014	0.00022	0.00014	0.00032	0.00032	0.00054	0.00082	0.00088	0.0015	0.00244	0.00354	0.0054	0.00716	0.01128	0.01618	0.02014	0.02574	0.032	0.03664	0.03832	0.0367	0.0322	0.02852	0.02306	0.01776	0.01264	0.00948	0.0064	0.0047	0.00242	0.00154	0.00088	0.0007	0.00018	0.0002	8e-05	4e-05	4e-05	0.0001	
0.0  3500.0  4000.0  0.0	0.0	0.0	0.0	0.0	0.0	0.0	0.0	0.0	0.0	0.0	0.0	0.0	0.0	0.0	2e-05	0.0	0.0	2e-05	0.0	2e-05	2e-05	0.0	0.0	0.0	2e-05	0.0	0.0	6e-05	0.0	4e-05	2e-05	2e-05	2e-05	4e-05	4e-05	0.0	2e-05	2e-05	2e-05	2e-05	6e-05	4e-05	0.0	2e-05	2e-05	4e-05	6e-05	0.0	4e-05	8e-05	2e-05	8e-05	4e-05	2e-05	6e-05	6e-05	0.00012	4e-05	0.00024	0.00016	4e-05	0.00018	0.0001	0.00016	0.0003	0.00024	0.00024	0.00044	0.00082	0.0008	0.0011	0.00214	0.00312	0.0037	0.00534	0.00766	0.01244	0.01436	0.01822	0.0236	0.02774	0.03016	0.03194	0.031	0.02996	0.02758	0.02324	0.01916	0.01446	0.01082	0.0087	0.0057	0.00396	0.00234	0.00142	0.00106	0.00062	0.00096	
0.0  4000.0  15000.0  0.0	0.0	0.0	2e-05	0.0	0.0	0.0	0.0	0.0	0.0	0.0	0.0	0.0	0.0	0.0	0.0	0.0	0.0	2e-05	0.0	0.0	2e-05	4e-05	0.0	2e-05	2e-05	0.0	0.0	0.0	0.0	0.0	0.0	2e-05	2e-05	0.0	0.0	6e-05	0.0	2e-05	2e-05	0.0	4e-05	0.0	8e-05	2e-05	4e-05	2e-05	0.0	2e-05	0.0	2e-05	0.0	2e-05	4e-05	4e-05	6e-05	4e-05	6e-05	8e-05	8e-05	8e-05	6e-05	2e-05	0.0001	0.00012	0.00022	0.00012	0.00022	0.00032	0.00044	0.00038	0.00074	0.00062	0.00106	0.00126	0.00174	0.00232	0.00334	0.00464	0.00596	0.00728	0.0105	0.01352	0.01708	0.01982	0.02194	0.02264	0.02466	0.02466	0.02476	0.0232	0.02032	0.01782	0.01496	0.01354	0.0105	0.00902	0.00674	0.01932	
