#===============
# ll~ : mumu
# qq~ : dd~
# FF  : vector
# XY  : LR RL  
# coef : 1 0
# type : Z*Reg
# Nevs : 50000
#===============
#
# XSEC	BIN_MIN	BIN_MAX 	 Kij 
#
-1.4118  200.0  300.0  0.0	0.0	0.0	0.0002	0.00046	0.0024	0.03086	0.05052	0.05456	0.06218	0.06176	0.0305	0.0004	0.0	0.0	0.0	0.0	0.0	0.0	0.0	0.0	0.0	0.0	0.0	0.0	0.0	0.0	0.0	0.0	0.0	0.0	0.0	0.0	0.0	0.0	0.0	0.0	0.0	0.0	0.0	0.0	0.0	0.0	0.0	
-1.1783  300.0  400.0  0.0	0.0	0.0	4e-05	2e-05	6e-05	0.00016	0.00026	0.00058	0.0006	0.00394	0.05016	0.09044	0.09392	0.08618	0.01596	0.00022	0.0	0.0	0.0	0.0	0.0	0.0	0.0	0.0	0.0	0.0	0.0	0.0	0.0	0.0	0.0	0.0	0.0	0.0	0.0	0.0	0.0	0.0	0.0	0.0	0.0	0.0	0.0	
-1.0241  400.0  500.0  0.0	0.0	0.0	2e-05	2e-05	2e-05	0.0001	0.00014	0.00016	0.00032	0.00032	0.00066	0.0008	0.0021	0.01888	0.10848	0.12718	0.10184	0.01204	0.00028	0.0	0.0	0.0	0.0	0.0	0.0	0.0	0.0	0.0	0.0	0.0	0.0	0.0	0.0	0.0	0.0	0.0	0.0	0.0	0.0	0.0	0.0	0.0	0.0	
-0.90132  500.0  600.0  0.0	0.0	2e-05	2e-05	2e-05	2e-05	0.0	6e-05	0.0001	0.00018	0.00016	0.00036	0.0004	0.0005	0.00082	0.00096	0.00492	0.0444	0.15316	0.14434	0.0408	0.00162	2e-05	0.0	0.0	0.0	0.0	0.0	0.0	0.0	0.0	0.0	0.0	0.0	0.0	0.0	0.0	0.0	0.0	0.0	0.0	0.0	0.0	0.0	
-0.79723  600.0  700.0  0.0	0.0	0.0	4e-05	2e-05	2e-05	2e-05	6e-05	0.00012	6e-05	0.00014	0.0001	0.0002	0.00022	0.00018	0.0004	0.00068	0.00102	0.00426	0.03122	0.15106	0.16778	0.04372	0.00228	0.0001	4e-05	0.0	0.0	0.0	0.0	0.0	0.0	0.0	0.0	0.0	0.0	0.0	0.0	0.0	0.0	0.0	0.0	0.0	0.0	
-0.70738  700.0  800.0  0.0	0.0	0.0	0.0	0.0	0.0	4e-05	0.0	2e-05	4e-05	8e-05	0.00012	0.00024	0.00024	0.00026	0.00024	0.00032	0.00048	0.0006	0.00158	0.0058	0.047	0.17996	0.14942	0.02424	0.00114	0.00012	2e-05	0.0	0.0	0.0	0.0	0.0	0.0	0.0	0.0	0.0	0.0	0.0	0.0	0.0	0.0	0.0	0.0	
-0.62707  800.0  900.0  0.0	0.0	0.0	2e-05	2e-05	2e-05	2e-05	2e-05	2e-05	2e-05	4e-05	8e-05	4e-05	6e-05	0.00018	0.00018	0.00034	0.00036	0.00052	0.00052	0.0012	0.00286	0.01498	0.1031	0.20282	0.08134	0.00804	0.00042	6e-05	0.0	0.0	0.0	0.0	0.0	0.0	0.0	0.0	0.0	0.0	0.0	0.0	0.0	0.0	0.0	
-0.55713  900.0  1000.0  0.0	0.0	0.0	2e-05	4e-05	2e-05	0.0	2e-05	0.0	4e-05	0.0	6e-05	4e-05	0.00014	0.00016	0.00024	0.0002	0.00026	0.00032	0.00032	0.00048	0.0008	0.0022	0.00778	0.05272	0.18816	0.14662	0.02256	0.00164	0.00026	0.0	0.0	0.0	0.0	0.0	0.0	0.0	0.0	0.0	0.0	0.0	0.0	0.0	0.0	
-0.93298  1000.0  1200.0  0.0	0.0	0.0	0.0	0.0	2e-05	0.0	2e-05	2e-05	2e-05	4e-05	6e-05	4e-05	8e-05	0.0001	0.00018	0.00014	0.00022	0.00026	0.0001	0.00022	0.00066	0.00064	0.00136	0.00364	0.01906	0.09722	0.15688	0.11106	0.02826	0.00342	0.00032	6e-05	2e-05	0.0	0.0	0.0	0.0	0.0	0.0	0.0	0.0	0.0	0.0	
-0.73249  1200.0  1400.0  0.0	0.0	0.0	0.0	2e-05	0.0	0.0	0.0	0.0	0.0	4e-05	0.0	0.00014	8e-05	2e-05	8e-05	0.00014	0.00012	0.00018	0.00028	0.0002	0.0003	0.00026	0.00064	0.00066	0.0015	0.0037	0.01776	0.08294	0.16374	0.12002	0.0324	0.0042	0.00052	0.0001	2e-05	0.0	0.0	0.0	0.0	0.0	0.0	0.0	0.0	
-0.5723  1400.0  1600.0  0.0	0.0	0.0	0.0	0.0	0.0	0.0	0.0	2e-05	2e-05	2e-05	2e-05	2e-05	0.0	6e-05	6e-05	4e-05	8e-05	4e-05	0.00016	0.00012	0.0002	0.00022	0.00028	0.00034	0.00066	0.00088	0.00142	0.00548	0.02702	0.1039	0.15866	0.09776	0.02458	0.00322	0.00036	0.00016	0.0	0.0	0.0	0.0	0.0	0.0	0.0	
-0.44444  1600.0  1800.0  0.0	0.0	0.0	0.0	0.0	0.0	0.0	0.0	0.0	2e-05	0.0	2e-05	6e-05	4e-05	2e-05	6e-05	4e-05	0.00016	6e-05	4e-05	0.00026	0.00016	0.00024	0.00026	0.00036	0.00026	0.00054	0.00104	0.0014	0.00338	0.01318	0.05526	0.1357	0.14236	0.0596	0.0117	0.0018	0.0003	0.0001	2e-05	0.0	0.0	0.0	0.0	
-0.34212  1800.0  2000.0  0.0	0.0	0.0	0.0	0.0	0.0	0.0	0.0	0.0	0.0	0.0	2e-05	0.0	6e-05	0.0	4e-05	4e-05	2e-05	8e-05	0.0001	0.00016	0.00014	0.00016	0.00024	0.0003	0.00028	0.00046	0.00038	0.00076	0.0012	0.00212	0.00876	0.03476	0.10522	0.14038	0.09486	0.0257	0.00488	0.00082	6e-05	0.0	0.0	0.0	0.0	
-0.31661  2000.0  2250.0  0.0	0.0	0.0	0.0	0.0	0.0	2e-05	0.0	2e-05	2e-05	0.0	2e-05	2e-05	2e-05	0.0	2e-05	2e-05	2e-05	2e-05	0.0001	0.00014	0.0001	0.00018	0.0002	0.00022	0.0002	0.00032	0.0004	0.00036	0.00048	0.0008	0.00178	0.00662	0.02502	0.07584	0.1283	0.10834	0.04916	0.01242	0.00294	0.00058	8e-05	4e-05	0.0	
-0.22323  2250.0  2500.0  0.0	0.0	0.0	4e-05	0.0	0.0	2e-05	2e-05	0.0	0.0	0.0	0.0	2e-05	2e-05	6e-05	0.0	0.0	6e-05	0.0	4e-05	6e-05	2e-05	0.0001	8e-05	0.00018	0.0001	0.00018	0.00018	0.0003	0.00032	0.00066	0.00068	0.00184	0.0052	0.01814	0.05312	0.1068	0.11846	0.07204	0.02408	0.00544	0.00114	0.00014	2e-05	
-0.15535  2500.0  2750.0  0.0	0.0	0.0	0.0	2e-05	0.0	0.0	2e-05	0.0	2e-05	0.0	0.0	2e-05	2e-05	0.0	2e-05	6e-05	2e-05	6e-05	8e-05	0.0	4e-05	2e-05	0.00012	0.0002	0.00022	0.00018	0.00012	0.00036	0.00024	0.00044	0.00054	0.0008	0.00158	0.00466	0.01564	0.04488	0.09088	0.11002	0.08234	0.03388	0.0101	0.00246	0.00056	
-0.10641  2750.0  3000.0  0.0	0.0	0.0	0.0	0.0	0.0	0.0	0.0	0.0	0.0	0.0	0.0	0.0	4e-05	0.0	0.0	2e-05	0.0	0.0	0.0001	2e-05	0.0001	6e-05	8e-05	0.00018	6e-05	6e-05	0.00014	0.00014	0.00024	0.00034	0.0005	0.00038	0.00094	0.00202	0.00464	0.01462	0.04384	0.0836	0.10262	0.08188	0.04154	0.01436	0.00364	
-0.11937  3000.0  3500.0  0.0	0.0	0.0	2e-05	0.0	0.0	2e-05	0.0	0.0	0.0	0.0	2e-05	0.0	0.0	2e-05	0.0	0.0	0.0	2e-05	2e-05	8e-05	2e-05	4e-05	4e-05	6e-05	0.00012	0.00014	6e-05	0.0002	0.00022	0.00016	0.0003	0.00022	0.00052	0.00088	0.00206	0.005	0.01376	0.03226	0.06268	0.08732	0.08228	0.05448	0.02606	
-0.05055  3500.0  4000.0  0.0	0.0	0.0	0.0	0.0	0.0	0.0	0.0	0.0	0.0	0.0	0.0	0.0	0.0	4e-05	0.0	0.0	2e-05	0.0	2e-05	2e-05	4e-05	6e-05	0.0	4e-05	0.0001	6e-05	8e-05	8e-05	0.00014	0.00016	0.00014	0.0002	0.00036	0.0003	0.00058	0.00142	0.00328	0.00818	0.02084	0.04092	0.06292	0.0768	0.06912	
-0.0276  4000.0  15000.0  0.0	0.0	0.0	0.0	0.0	0.0	0.0	0.0	0.0	0.0	0.0	0.0	0.0	0.0	0.0	0.0	0.0	2e-05	0.0	0.0	4e-05	0.0	4e-05	4e-05	8e-05	0.0	8e-05	2e-05	0.0	8e-05	0.00012	0.00018	4e-05	0.00014	0.00024	0.0002	0.00048	0.0012	0.00206	0.00594	0.012	0.02228	0.03742	0.0514	
