#===============
# ll~ : mumu
# qq~ : db~
# FF  : vector
# XY  : LR RL  
# coef : 0 0
# type : Z*Reg
# Nevs : 50000
#===============
#
# XSEC	BIN_MIN	BIN_MAX 	 Kij 
#
4.2895  200.0  300.0  0.0	0.0	4e-05	0.0003	0.00052	0.00294	0.03954	0.05848	0.05494	0.05114	0.04508	0.01768	0.00024	0.0	0.0	0.0	0.0	0.0	0.0	0.0	0.0	0.0	0.0	0.0	0.0	0.0	0.0	0.0	0.0	0.0	0.0	0.0	0.0	0.0	0.0	0.0	0.0	0.0	0.0	0.0	0.0	0.0	0.0	0.0	
1.6871  300.0  400.0  0.0	0.0	0.0	2e-05	6e-05	0.0001	0.0002	0.00024	0.00066	0.00102	0.00492	0.05826	0.09342	0.08646	0.0655	0.01188	0.00024	4e-05	0.0	0.0	0.0	0.0	0.0	0.0	0.0	0.0	0.0	0.0	0.0	0.0	0.0	0.0	0.0	0.0	0.0	0.0	0.0	0.0	0.0	0.0	0.0	0.0	0.0	0.0	
0.83287  400.0  500.0  0.0	0.0	0.0	4e-05	4e-05	2e-05	8e-05	8e-05	0.0002	0.00024	0.00028	0.0006	0.00068	0.0026	0.02142	0.11482	0.12038	0.07934	0.00914	0.00026	0.0	0.0	0.0	0.0	0.0	0.0	0.0	0.0	0.0	0.0	0.0	0.0	0.0	0.0	0.0	0.0	0.0	0.0	0.0	0.0	0.0	0.0	0.0	0.0	
0.46399  500.0  600.0  0.0	0.0	0.0	0.0	4e-05	2e-05	6e-05	0.00014	0.0001	8e-05	0.00022	0.0002	0.00054	0.00042	0.00086	0.00128	0.00494	0.04828	0.15012	0.12618	0.0332	0.00156	6e-05	0.0	0.0	0.0	0.0	0.0	0.0	0.0	0.0	0.0	0.0	0.0	0.0	0.0	0.0	0.0	0.0	0.0	0.0	0.0	0.0	0.0	
0.27897  600.0  700.0  0.0	0.0	0.0	0.0	0.0	0.0	2e-05	4e-05	8e-05	0.00016	8e-05	0.00026	0.00028	0.00028	0.00038	0.00032	0.00094	0.00142	0.00472	0.03482	0.15504	0.1471	0.03714	0.0021	0.00012	2e-05	0.0	0.0	0.0	0.0	0.0	0.0	0.0	0.0	0.0	0.0	0.0	0.0	0.0	0.0	0.0	0.0	0.0	0.0	
0.17675  700.0  800.0  0.0	0.0	0.0	0.0	0.0	0.0	0.0	2e-05	2e-05	8e-05	0.00012	0.00024	0.0001	0.0002	0.00026	0.00032	0.0006	0.00066	0.00086	0.00166	0.00628	0.0518	0.17784	0.13102	0.02062	0.00154	8e-05	0.0	0.0	0.0	0.0	0.0	0.0	0.0	0.0	0.0	0.0	0.0	0.0	0.0	0.0	0.0	0.0	0.0	
0.11646  800.0  900.0  0.0	0.0	0.0	0.0	0.0	0.0	4e-05	2e-05	2e-05	2e-05	8e-05	4e-05	0.00012	0.00016	0.0001	0.0002	0.00016	0.00038	0.00048	0.0006	0.00122	0.00292	0.01688	0.10676	0.19132	0.07486	0.00784	0.00068	0.0001	0.0	0.0	0.0	0.0	0.0	0.0	0.0	0.0	0.0	0.0	0.0	0.0	0.0	0.0	0.0	
0.07928  900.0  1000.0  0.0	0.0	0.0	0.0	0.0	2e-05	0.0	2e-05	2e-05	0.0	8e-05	2e-05	4e-05	6e-05	0.0001	0.0002	0.0001	0.0002	0.0006	0.0004	0.00078	0.00082	0.00194	0.00832	0.0549	0.18548	0.13104	0.02266	0.00214	0.00034	8e-05	0.0	0.0	0.0	0.0	0.0	0.0	0.0	0.0	0.0	0.0	0.0	0.0	0.0	
0.09453  1000.0  1200.0  0.0	0.0	0.0	0.0	0.0	0.0	0.0	2e-05	2e-05	6e-05	0.0	6e-05	2e-05	8e-05	0.0002	0.0001	0.00018	0.00024	0.00024	0.00032	0.00034	0.00052	0.00062	0.00156	0.00478	0.02398	0.10162	0.15008	0.09658	0.02562	0.00298	0.00038	6e-05	0.0	0.0	0.0	0.0	0.0	0.0	0.0	0.0	0.0	0.0	0.0	
0.04922  1200.0  1400.0  0.0	0.0	0.0	0.0	2e-05	0.0	2e-05	0.0	0.0	2e-05	4e-05	0.0	6e-05	6e-05	0.0001	2e-05	0.0001	0.00018	0.00026	0.00018	0.00024	0.00034	0.00044	0.0005	0.0007	0.00152	0.00414	0.02102	0.0883	0.15708	0.10898	0.03038	0.0044	0.0008	0.00012	6e-05	0.0	0.0	0.0	0.0	0.0	0.0	0.0	0.0	
0.02706  1400.0  1600.0  0.0	0.0	0.0	0.0	2e-05	2e-05	0.0	0.0	0.0	0.0	2e-05	0.0	0.0	2e-05	4e-05	0.00012	0.0001	8e-05	0.00012	0.00014	0.00016	0.00028	0.0002	0.00024	0.00056	0.00048	0.00088	0.00186	0.00624	0.02996	0.10238	0.15464	0.08926	0.02374	0.00326	0.00052	0.0	0.0	2e-05	0.0	0.0	0.0	0.0	0.0	
0.01549  1600.0  1800.0  0.0	0.0	0.0	2e-05	0.0	0.0	0.0	0.0	2e-05	0.0	4e-05	0.0	2e-05	2e-05	2e-05	6e-05	0.0001	6e-05	4e-05	0.0001	8e-05	0.00018	0.00028	0.00018	0.00026	0.0004	0.00056	0.00074	0.0013	0.00386	0.014	0.05602	0.1334	0.13238	0.05674	0.0115	0.002	0.00042	4e-05	0.0	0.0	0.0	0.0	0.0	
0.00914  1800.0  2000.0  0.0	0.0	0.0	0.0	0.0	0.0	0.0	2e-05	4e-05	0.0	4e-05	2e-05	2e-05	2e-05	2e-05	2e-05	0.0001	6e-05	0.0001	0.00018	6e-05	0.00016	0.00018	0.00018	0.00024	0.00036	0.00036	0.00044	0.00064	0.00118	0.00272	0.00946	0.03832	0.10178	0.13994	0.087	0.02776	0.0053	0.00112	0.00014	8e-05	0.0	0.0	0.0	
0.00653  2000.0  2250.0  0.0	0.0	0.0	0.0	2e-05	0.0	0.0	0.0	0.0	2e-05	0.0	0.0	2e-05	0.0	0.0	0.0	6e-05	4e-05	2e-05	8e-05	6e-05	0.00014	4e-05	0.0	0.00012	0.00014	6e-05	0.00024	0.00042	0.00056	0.00134	0.00216	0.00592	0.02666	0.07668	0.1252	0.10436	0.04756	0.01278	0.0023	0.00056	0.0001	2e-05	0.0	
0.00359  2250.0  2500.0  0.0	0.0	0.0	0.0	0.0	2e-05	4e-05	2e-05	0.0	0.0	0.0	0.0	0.0	0.0	0.0	0.0	2e-05	4e-05	4e-05	2e-05	0.0001	0.0001	0.00018	0.00014	0.00016	0.00016	0.00028	0.00016	0.00028	0.00028	0.00054	0.00092	0.0019	0.0056	0.01822	0.05396	0.10826	0.11536	0.06734	0.02488	0.00564	0.001	0.00024	4e-05	
0.00201  2500.0  2750.0  0.0	0.0	0.0	0.0	0.0	0.0	0.0	0.0	2e-05	0.0	2e-05	2e-05	0.0	2e-05	2e-05	0.0	2e-05	2e-05	0.0	2e-05	4e-05	2e-05	0.0001	6e-05	0.00012	0.00014	0.00014	0.00016	0.00012	0.0002	0.00044	0.00042	0.00098	0.00202	0.00518	0.01558	0.0444	0.08868	0.11268	0.07862	0.03372	0.01004	0.0019	0.00052	
0.00115  2750.0  3000.0  0.0	0.0	0.0	0.0	0.0	0.0	0.0	0.0	0.0	0.0	0.0	0.0	4e-05	2e-05	0.0	0.0	0.0	0.0	4e-05	8e-05	4e-05	0.0	4e-05	0.00016	0.00014	6e-05	2e-05	0.0001	0.00016	0.00032	0.00026	0.0003	0.00064	0.00092	0.00218	0.00482	0.01642	0.0423	0.08434	0.10298	0.08006	0.039	0.01298	0.0034	
0.00105  3000.0  3500.0  0.0	0.0	0.0	0.0	0.0	0.0	0.0	0.0	2e-05	2e-05	0.0	0.0	0.0	0.0	2e-05	2e-05	2e-05	0.0	2e-05	0.0	0.0	0.0	4e-05	4e-05	2e-05	0.0001	0.00012	0.00018	8e-05	6e-05	8e-05	0.00026	0.00032	0.00046	0.00076	0.00212	0.00482	0.01344	0.0338	0.06458	0.08744	0.08206	0.05108	0.02488	
0.00036  3500.0  4000.0  0.0	0.0	0.0	0.0	0.0	0.0	0.0	0.0	0.0	0.0	0.0	0.0	2e-05	0.0	2e-05	2e-05	2e-05	0.0	2e-05	4e-05	8e-05	4e-05	2e-05	0.00012	2e-05	6e-05	0.0001	4e-05	0.00014	0.00012	0.00012	0.00016	0.0002	0.00024	0.00044	0.00074	0.00122	0.00366	0.0086	0.02028	0.04246	0.0667	0.07866	0.06994	
0.0002  4000.0  15000.0  0.0	0.0	0.0	0.0	0.0	0.0	0.0	0.0	0.0	0.0	0.0	0.0	0.0	0.0	0.0	2e-05	0.0	0.0	0.0	0.0	2e-05	4e-05	2e-05	0.0	8e-05	4e-05	4e-05	6e-05	6e-05	0.00016	0.00012	0.0001	0.00014	0.00022	0.00042	0.00038	0.0005	0.00092	0.00222	0.00468	0.01176	0.0237	0.04042	0.05654	
