#===============
# ll~ : mumu
# qq~ : cc~
# FF  : vector
# XY  : LR RL  
# coef : 1 0
# type : Z*Reg
# Nevs : 50000
#===============
#
# XSEC	BIN_MIN	BIN_MAX 	 Kij 
#
0.425  200.0  300.0  0.0	0.0	6e-05	0.0003	0.00056	0.00268	0.04124	0.06836	0.0719	0.07072	0.06992	0.03178	0.00026	0.0	0.0	0.0	0.0	0.0	0.0	0.0	0.0	0.0	0.0	0.0	0.0	0.0	0.0	0.0	0.0	0.0	0.0	0.0	0.0	0.0	0.0	0.0	0.0	0.0	0.0	0.0	0.0	0.0	0.0	0.0	
0.28637  300.0  400.0  0.0	0.0	2e-05	4e-05	8e-05	0.0002	0.00046	0.00046	0.00078	0.00088	0.00482	0.06124	0.10842	0.11222	0.09514	0.01678	0.00018	0.0	0.0	0.0	0.0	0.0	0.0	0.0	0.0	0.0	0.0	0.0	0.0	0.0	0.0	0.0	0.0	0.0	0.0	0.0	0.0	0.0	0.0	0.0	0.0	0.0	0.0	0.0	
0.20623  400.0  500.0  0.0	0.0	0.0	4e-05	4e-05	4e-05	0.00014	6e-05	0.00018	0.00036	0.0005	0.00074	0.00086	0.0022	0.0219	0.12638	0.14528	0.10816	0.01032	0.0001	0.0	0.0	0.0	0.0	0.0	0.0	0.0	0.0	0.0	0.0	0.0	0.0	0.0	0.0	0.0	0.0	0.0	0.0	0.0	0.0	0.0	0.0	0.0	0.0	
0.15301  500.0  600.0  0.0	0.0	0.0	0.0	2e-05	6e-05	6e-05	4e-05	0.0001	0.0001	0.00014	0.0003	0.00028	0.00064	0.0008	0.00146	0.00498	0.05158	0.17166	0.15922	0.04022	0.00114	4e-05	0.0	0.0	0.0	0.0	0.0	0.0	0.0	0.0	0.0	0.0	0.0	0.0	0.0	0.0	0.0	0.0	0.0	0.0	0.0	0.0	0.0	
0.11568  600.0  700.0  0.0	0.0	2e-05	2e-05	2e-05	0.0	4e-05	2e-05	2e-05	2e-05	0.00012	0.00016	0.00022	0.00026	0.00028	0.0004	0.00092	0.00128	0.00362	0.03436	0.17792	0.1753	0.04126	0.00138	2e-05	0.0	0.0	0.0	0.0	0.0	0.0	0.0	0.0	0.0	0.0	0.0	0.0	0.0	0.0	0.0	0.0	0.0	0.0	0.0	
0.08871  700.0  800.0  0.0	0.0	0.0	0.0	2e-05	0.0	6e-05	0.0	2e-05	6e-05	6e-05	4e-05	0.00012	0.00016	0.00026	0.0002	0.00038	0.00068	0.00086	0.00146	0.00552	0.04872	0.19472	0.15562	0.02196	0.00092	2e-05	0.0	0.0	0.0	0.0	0.0	0.0	0.0	0.0	0.0	0.0	0.0	0.0	0.0	0.0	0.0	0.0	0.0	
0.06882  800.0  900.0  0.0	0.0	0.0	4e-05	2e-05	0.0	2e-05	2e-05	0.0001	2e-05	0.00012	2e-05	8e-05	8e-05	0.00012	0.00018	0.0003	0.00034	0.00046	0.00064	0.00092	0.00248	0.0126	0.10808	0.21936	0.08228	0.0059	0.00028	6e-05	0.0	0.0	0.0	0.0	0.0	0.0	0.0	0.0	0.0	0.0	0.0	0.0	0.0	0.0	0.0	
0.05389  900.0  1000.0  0.0	0.0	0.0	0.0	2e-05	0.0	0.0	4e-05	6e-05	2e-05	0.0001	0.00012	0.0001	6e-05	0.00028	0.00016	0.00028	0.00026	0.0004	0.00042	0.00056	0.00092	0.00164	0.00656	0.05384	0.20396	0.14908	0.02094	0.00142	0.00014	0.0	0.0	0.0	0.0	0.0	0.0	0.0	0.0	0.0	0.0	0.0	0.0	0.0	0.0	
0.0763  1000.0  1200.0  0.0	0.0	0.0	0.0	0.0	0.0	0.0	0.0	6e-05	2e-05	0.0	8e-05	4e-05	6e-05	4e-05	0.00012	0.0002	0.00016	0.00024	0.00018	0.00068	0.00052	0.00098	0.0014	0.00346	0.02078	0.10408	0.16754	0.11196	0.02636	0.00258	0.00018	4e-05	0.0	0.0	0.0	0.0	0.0	0.0	0.0	0.0	0.0	0.0	0.0	
0.04866  1200.0  1400.0  0.0	0.0	0.0	0.0	0.0	2e-05	0.0	0.0	2e-05	0.0	0.0	2e-05	0.0	4e-05	8e-05	0.0001	0.00012	2e-05	0.00014	0.00024	0.00026	0.0003	0.00046	0.00058	0.00074	0.00132	0.00328	0.01684	0.08736	0.17008	0.11966	0.0312	0.00338	0.00034	0.0	0.0	0.0	0.0	0.0	0.0	0.0	0.0	0.0	0.0	
0.03169  1400.0  1600.0  0.0	0.0	0.0	0.0	0.0	0.0	0.0	4e-05	2e-05	0.0	2e-05	2e-05	0.0	0.0	0.0	0.0	0.00012	0.00012	0.00014	0.00018	0.0001	0.0002	0.00028	0.0003	0.00038	0.0004	0.00076	0.00162	0.00462	0.02768	0.10494	0.16458	0.09582	0.0234	0.00298	0.00024	6e-05	2e-05	0.0	0.0	0.0	0.0	0.0	0.0	
0.02094  1600.0  1800.0  0.0	0.0	0.0	0.0	0.0	0.0	0.0	0.0	2e-05	4e-05	4e-05	2e-05	2e-05	0.0	2e-05	2e-05	8e-05	8e-05	4e-05	0.00018	0.00018	0.00014	0.00018	0.0003	0.00046	0.00032	0.00046	0.00072	0.00118	0.00278	0.0119	0.0566	0.14092	0.14128	0.05762	0.01232	0.002	0.00018	6e-05	0.0	0.0	0.0	0.0	0.0	
0.01401  1800.0  2000.0  0.0	0.0	0.0	2e-05	0.0	0.0	0.0	0.0	0.0	0.0	4e-05	2e-05	6e-05	4e-05	0.0	4e-05	4e-05	2e-05	8e-05	0.0001	0.00012	0.00018	8e-05	0.00018	0.00018	0.00024	0.00036	0.00048	0.00048	0.00132	0.00206	0.00832	0.03396	0.10604	0.14924	0.09016	0.02588	0.0052	0.00064	6e-05	0.0	0.0	0.0	0.0	
0.01132  2000.0  2250.0  0.0	0.0	0.0	2e-05	0.0	0.0	0.0	0.0	0.0	0.0	4e-05	0.0	0.0	4e-05	0.0	4e-05	6e-05	6e-05	0.00012	0.0001	0.00012	0.0001	6e-05	8e-05	0.00012	0.00018	0.00028	0.00024	0.00036	0.00052	0.00116	0.0018	0.0066	0.02314	0.07694	0.13254	0.1104	0.04922	0.01172	0.00202	0.00032	2e-05	0.0	0.0	
0.00702  2250.0  2500.0  0.0	0.0	0.0	0.0	0.0	2e-05	0.0	0.0	0.0	0.0	0.0	0.0	2e-05	0.0	4e-05	4e-05	2e-05	0.0	4e-05	6e-05	2e-05	8e-05	4e-05	0.00014	0.00016	0.00012	0.00024	0.00018	0.00014	0.00052	0.00042	0.00094	0.00154	0.00522	0.01636	0.05528	0.11032	0.11864	0.06984	0.02346	0.00576	0.00088	4e-05	2e-05	
0.00439  2500.0  2750.0  0.0	0.0	0.0	0.0	0.0	0.0	0.0	0.0	0.0	2e-05	2e-05	0.0	2e-05	0.0	0.0	0.0	2e-05	2e-05	2e-05	4e-05	8e-05	8e-05	6e-05	6e-05	6e-05	0.00026	0.00018	0.00016	0.00028	0.00028	0.00036	0.00058	0.0006	0.00144	0.00428	0.01404	0.04526	0.09216	0.11346	0.08374	0.03482	0.00844	0.00178	0.00036	
0.00277  2750.0  3000.0  0.0	0.0	0.0	0.0	0.0	0.0	0.0	0.0	0.0	0.0	0.0	2e-05	0.0	0.0	2e-05	0.0	0.0	0.0	4e-05	0.0	4e-05	6e-05	0.0001	4e-05	8e-05	0.00012	0.00022	8e-05	0.00028	0.00016	0.00022	0.0002	0.00066	0.00084	0.0015	0.00422	0.01578	0.04268	0.08312	0.10556	0.08488	0.04176	0.0132	0.00306	
0.00287  3000.0  3500.0  0.0	0.0	0.0	0.0	0.0	0.0	0.0	0.0	2e-05	0.0	0.0	0.0	0.0	0.0	0.0	0.0	0.0	4e-05	6e-05	2e-05	8e-05	2e-05	0.0001	8e-05	8e-05	6e-05	0.0001	6e-05	0.00018	0.00026	0.00018	0.00026	0.00044	0.00026	0.00074	0.00162	0.00426	0.0128	0.03396	0.06408	0.089	0.08166	0.0549	0.02508	
0.00116  3500.0  4000.0  0.0	0.0	0.0	0.0	2e-05	0.0	0.0	0.0	0.0	0.0	0.0	2e-05	0.0	0.0	0.0	0.0	0.0	0.0	0.0	4e-05	0.0	4e-05	0.0	6e-05	0.0	8e-05	0.00016	4e-05	6e-05	4e-05	4e-05	0.00014	0.00024	0.00028	0.00032	0.0006	0.0012	0.00302	0.00778	0.01948	0.04296	0.06654	0.08068	0.06978	
0.00077  4000.0  15000.0  0.0	0.0	0.0	0.0	0.0	0.0	0.0	2e-05	0.0	0.0	0.0	0.0	0.0	0.0	0.0	2e-05	0.0	0.0	0.0	2e-05	4e-05	0.0	2e-05	6e-05	8e-05	8e-05	6e-05	8e-05	0.00014	2e-05	0.0001	0.0001	8e-05	0.00016	0.00022	0.0003	0.00058	0.0009	0.00184	0.0046	0.01134	0.02256	0.03834	0.05256	
