#===============
# Ref : 1903.06248
# Experiment : ATLAS
# ll~ : mumu
# qq~ : cu~
# FF  : vector
# XY  : LR RL
# coef : 00
# type : Reg*Reg
# Nevs : 50000
#===============
#
# XSEC	BIN_MIN	BIN_MAX 	 Kij 
# 225.0 232.51 240.271 248.291 256.579 265.143 273.994 283.139 292.59 302.357 312.449 322.878 333.656 344.793 356.302 368.195 380.485 393.185 406.309 419.872 433.887 448.369 463.336 478.801 494.783 511.299 528.365 546.002 564.227 583.06 602.522 622.634 643.417 664.894 687.087 710.022 733.722 758.213 783.521 809.674 836.7 864.629 893.489 923.313 954.133 985.981 1018.89 1052.9 1088.05 1124.36 1161.9 1200.68 1240.76 1282.17 1324.97 1369.2 1414.9 1462.13 1510.93 1561.36 1613.48 1667.34 1722.99 1780.5 1839.94 1901.35 1964.82 2030.4 2098.17 2168.21 2240.58 2315.37 2392.65 2472.52 2555.05 2640.34 2728.47 2819.54 2913.66 3010.91 3111.41 3215.27 3322.59 3433.5 3548.1 3666.54 3788.92 3915.39 4046.09 4181.14 4320.7 4464.92 4613.96 4767.97 4927.12 5091.58 5261.54 5437.16 5618.6 10000.0 
27.366  200.0  300.0  0.03094	0.03208	0.03152	0.03178	0.0347	0.0335	0.03278	0.03242	0.01932	0.0037	0.00022	0.0	2e-05	0.0	0.0	0.0	0.0	0.0	0.0	0.0	0.0	0.0	0.0	0.0	0.0	0.0	0.0	0.0	0.0	0.0	0.0	0.0	0.0	0.0	0.0	0.0	0.0	0.0	0.0	0.0	0.0	0.0	0.0	0.0	0.0	0.0	0.0	0.0	0.0	0.0	0.0	0.0	0.0	0.0	0.0	0.0	0.0	0.0	0.0	0.0	0.0	0.0	0.0	0.0	0.0	0.0	0.0	0.0	0.0	0.0	0.0	0.0	0.0	0.0	0.0	0.0	0.0	0.0	0.0	0.0	0.0	0.0	0.0	0.0	0.0	0.0	0.0	0.0	0.0	0.0	0.0	0.0	0.0	0.0	0.0	0.0	0.0	0.0	0.0	
20.78  300.0  400.0  0.00022	0.0002	0.00028	0.00056	0.00046	0.00104	0.00178	0.00522	0.0212	0.0424	0.04716	0.0477	0.04836	0.04826	0.04808	0.04538	0.0411	0.02164	0.00372	0.0005	6e-05	0.0	0.0	0.0	0.0	0.0	0.0	0.0	0.0	0.0	0.0	0.0	0.0	0.0	0.0	0.0	0.0	0.0	0.0	0.0	0.0	0.0	0.0	0.0	0.0	0.0	0.0	0.0	0.0	0.0	0.0	0.0	0.0	0.0	0.0	0.0	0.0	0.0	0.0	0.0	0.0	0.0	0.0	0.0	0.0	0.0	0.0	0.0	0.0	0.0	0.0	0.0	0.0	0.0	0.0	0.0	0.0	0.0	0.0	0.0	0.0	0.0	0.0	0.0	0.0	0.0	0.0	0.0	0.0	0.0	0.0	0.0	0.0	0.0	0.0	0.0	0.0	0.0	0.0	
15.9306  400.0  500.0  0.00014	0.00016	0.00016	0.00012	0.00014	0.00026	0.0002	0.00016	0.00032	0.00028	0.00044	0.0005	0.0007	0.00082	0.00194	0.00354	0.01124	0.03796	0.05878	0.0636	0.06282	0.0612	0.05664	0.04644	0.02224	0.00442	0.00084	0.0001	0.0	4e-05	0.0	0.0	0.0	0.0	0.0	0.0	0.0	0.0	0.0	0.0	0.0	0.0	0.0	0.0	0.0	0.0	0.0	0.0	0.0	0.0	0.0	0.0	0.0	0.0	0.0	0.0	0.0	0.0	0.0	0.0	0.0	0.0	0.0	0.0	0.0	0.0	0.0	0.0	0.0	0.0	0.0	0.0	0.0	0.0	0.0	0.0	0.0	0.0	0.0	0.0	0.0	0.0	0.0	0.0	0.0	0.0	0.0	0.0	0.0	0.0	0.0	0.0	0.0	0.0	0.0	0.0	0.0	0.0	0.0	
12.3456  500.0  600.0  6e-05	6e-05	0.0001	4e-05	0.00016	0.0001	0.00016	0.00014	0.0001	0.00026	0.00016	0.00024	0.00024	0.0002	0.00042	0.0005	0.00036	0.00042	0.00048	0.00074	0.00156	0.0027	0.00732	0.02078	0.05358	0.07278	0.07378	0.07502	0.0657	0.04308	0.01626	0.00338	0.0007	6e-05	4e-05	2e-05	0.0	0.0	0.0	0.0	0.0	0.0	0.0	0.0	0.0	0.0	0.0	0.0	0.0	0.0	0.0	0.0	0.0	0.0	0.0	0.0	0.0	0.0	0.0	0.0	0.0	0.0	0.0	0.0	0.0	0.0	0.0	0.0	0.0	0.0	0.0	0.0	0.0	0.0	0.0	0.0	0.0	0.0	0.0	0.0	0.0	0.0	0.0	0.0	0.0	0.0	0.0	0.0	0.0	0.0	0.0	0.0	0.0	0.0	0.0	0.0	0.0	0.0	0.0	
9.666  600.0  700.0  4e-05	6e-05	6e-05	4e-05	6e-05	8e-05	0.00022	0.0001	0.00012	0.0001	6e-05	0.00012	0.00024	4e-05	0.00014	0.0001	0.00024	0.0002	0.00014	0.00022	0.00034	0.00048	0.00054	0.00066	0.00076	0.00132	0.00222	0.00518	0.01562	0.04086	0.07632	0.08566	0.08476	0.0687	0.03914	0.01332	0.00334	0.00088	0.00014	6e-05	2e-05	0.0	0.0	0.0	0.0	0.0	0.0	0.0	0.0	0.0	0.0	0.0	0.0	0.0	0.0	0.0	0.0	0.0	0.0	0.0	0.0	0.0	0.0	0.0	0.0	0.0	0.0	0.0	0.0	0.0	0.0	0.0	0.0	0.0	0.0	0.0	0.0	0.0	0.0	0.0	0.0	0.0	0.0	0.0	0.0	0.0	0.0	0.0	0.0	0.0	0.0	0.0	0.0	0.0	0.0	0.0	0.0	0.0	0.0	
7.6352  700.0  800.0  2e-05	4e-05	4e-05	4e-05	2e-05	6e-05	6e-05	6e-05	8e-05	2e-05	6e-05	4e-05	0.00012	0.00016	0.00014	0.00012	0.0001	0.00026	0.0002	0.00024	0.00034	0.00024	0.00044	0.00014	0.00026	0.00046	0.0006	0.00064	0.0005	0.0013	0.00184	0.0042	0.0095	0.02754	0.06134	0.08944	0.09244	0.07716	0.04818	0.01886	0.0052	0.00126	0.0003	0.00012	0.0	2e-05	0.0	0.0	0.0	0.0	0.0	0.0	0.0	0.0	0.0	0.0	0.0	0.0	0.0	0.0	0.0	0.0	0.0	0.0	0.0	0.0	0.0	0.0	0.0	0.0	0.0	0.0	0.0	0.0	0.0	0.0	0.0	0.0	0.0	0.0	0.0	0.0	0.0	0.0	0.0	0.0	0.0	0.0	0.0	0.0	0.0	0.0	0.0	0.0	0.0	0.0	0.0	0.0	0.0	
6.0736  800.0  900.0  2e-05	0.0	2e-05	4e-05	0.0	4e-05	6e-05	2e-05	4e-05	0.00012	4e-05	6e-05	0.00012	4e-05	4e-05	0.00014	0.0002	6e-05	6e-05	0.00014	0.00016	0.00014	6e-05	0.00012	0.00018	0.00018	0.00032	0.0003	0.00024	0.00042	0.0006	0.00058	0.00074	0.00096	0.0026	0.00446	0.01232	0.03182	0.06432	0.09668	0.09526	0.07422	0.03996	0.01544	0.004	0.00146	0.00026	0.00014	8e-05	0.0	0.0	0.0	0.0	0.0	0.0	0.0	0.0	0.0	0.0	0.0	0.0	0.0	0.0	0.0	0.0	0.0	0.0	0.0	0.0	0.0	0.0	0.0	0.0	0.0	0.0	0.0	0.0	0.0	0.0	0.0	0.0	0.0	0.0	0.0	0.0	0.0	0.0	0.0	0.0	0.0	0.0	0.0	0.0	0.0	0.0	0.0	0.0	0.0	0.0	
4.8568  900.0  1000.0  0.0	2e-05	4e-05	2e-05	2e-05	2e-05	0.0	8e-05	4e-05	6e-05	2e-05	2e-05	2e-05	8e-05	4e-05	0.00012	0.00012	8e-05	8e-05	8e-05	0.0001	6e-05	0.0001	2e-05	4e-05	0.0002	0.00014	0.00012	0.00024	0.0004	0.00034	0.0002	0.00034	0.00046	0.00062	0.00062	0.00108	0.00214	0.00418	0.01016	0.02292	0.0489	0.0827	0.09894	0.08562	0.05134	0.02254	0.0073	0.00232	0.00064	0.0004	6e-05	4e-05	0.0	0.0	0.0	0.0	0.0	0.0	0.0	0.0	0.0	0.0	0.0	0.0	0.0	0.0	0.0	0.0	0.0	0.0	0.0	0.0	0.0	0.0	0.0	0.0	0.0	0.0	0.0	0.0	0.0	0.0	0.0	0.0	0.0	0.0	0.0	0.0	0.0	0.0	0.0	0.0	0.0	0.0	0.0	0.0	0.0	0.0	
7.0672  1000.0  1200.0  4e-05	4e-05	0.0	2e-05	0.0	8e-05	0.0	2e-05	0.0	8e-05	2e-05	2e-05	2e-05	2e-05	6e-05	8e-05	0.00012	2e-05	4e-05	6e-05	4e-05	6e-05	0.0001	6e-05	6e-05	6e-05	8e-05	0.00012	0.00014	0.0001	8e-05	0.00022	0.00022	0.00022	0.00036	0.00036	0.00036	0.00036	0.00056	0.00086	0.00144	0.00256	0.00614	0.0126	0.03004	0.04974	0.06806	0.07314	0.06628	0.05728	0.03992	0.02232	0.00988	0.00346	0.001	0.00026	0.00016	6e-05	2e-05	0.0	0.0	0.0	0.0	0.0	0.0	0.0	0.0	0.0	0.0	0.0	0.0	0.0	0.0	0.0	0.0	0.0	0.0	0.0	0.0	0.0	0.0	0.0	0.0	0.0	0.0	0.0	0.0	0.0	0.0	0.0	0.0	0.0	0.0	0.0	0.0	0.0	0.0	0.0	0.0	
4.657  1200.0  1400.0  4e-05	0.0	0.0	2e-05	0.0	0.0	2e-05	0.0	0.0	0.0	4e-05	4e-05	2e-05	6e-05	2e-05	2e-05	4e-05	2e-05	4e-05	6e-05	2e-05	8e-05	6e-05	4e-05	8e-05	8e-05	0.0	8e-05	6e-05	0.00016	0.00014	0.00016	0.0001	6e-05	0.00022	0.00022	0.00016	0.00026	0.00022	0.00032	0.0002	0.00024	0.0005	0.00076	0.0008	0.00126	0.00322	0.00626	0.0126	0.02612	0.04422	0.06306	0.07622	0.0701	0.05778	0.03804	0.02314	0.01062	0.00402	0.0018	0.00048	0.00022	8e-05	4e-05	2e-05	2e-05	0.0	0.0	0.0	0.0	0.0	0.0	0.0	0.0	0.0	0.0	0.0	0.0	0.0	0.0	0.0	0.0	0.0	0.0	0.0	0.0	0.0	0.0	0.0	0.0	0.0	0.0	0.0	0.0	0.0	0.0	0.0	0.0	0.0	
3.1134  1400.0  1600.0  0.0	0.0	2e-05	2e-05	0.0	0.0	0.0	0.0	2e-05	0.0	6e-05	0.0	0.0	0.0	6e-05	0.0	4e-05	2e-05	8e-05	8e-05	2e-05	4e-05	0.0001	0.0	6e-05	6e-05	2e-05	4e-05	8e-05	0.0001	4e-05	0.00012	6e-05	8e-05	0.00016	0.0001	0.0001	0.00016	0.0	0.00024	0.00014	0.0002	0.00022	0.00024	0.00022	0.00028	0.00034	0.00062	0.00096	0.00164	0.00262	0.00566	0.01056	0.02142	0.03732	0.0559	0.06992	0.07174	0.06076	0.04686	0.0279	0.01468	0.00592	0.00292	0.00112	0.00048	0.00014	8e-05	8e-05	4e-05	2e-05	0.0	0.0	0.0	0.0	0.0	0.0	0.0	0.0	0.0	0.0	0.0	0.0	0.0	0.0	0.0	0.0	0.0	0.0	0.0	0.0	0.0	0.0	0.0	0.0	0.0	0.0	0.0	0.0	
2.1064  1600.0  1800.0  0.0	0.0	0.0	0.0	0.0	2e-05	0.0	0.0	0.0	2e-05	0.0	0.0	0.0	0.0	4e-05	2e-05	0.0	2e-05	4e-05	0.0	2e-05	2e-05	6e-05	6e-05	6e-05	4e-05	2e-05	6e-05	6e-05	8e-05	6e-05	4e-05	0.00012	0.00012	2e-05	0.00012	0.00016	8e-05	0.00016	4e-05	0.0001	0.00012	0.00014	0.00026	0.00028	0.00026	0.00022	0.00016	0.0003	0.00062	0.00032	0.0008	0.00128	0.00188	0.00388	0.00666	0.0134	0.02474	0.04074	0.05632	0.06678	0.0692	0.05772	0.03984	0.02398	0.01278	0.0065	0.00352	0.00114	0.00058	0.00016	0.00016	8e-05	0.0001	0.0	2e-05	0.0	0.0	0.0	0.0	0.0	0.0	0.0	0.0	0.0	0.0	0.0	0.0	0.0	0.0	0.0	0.0	0.0	0.0	0.0	0.0	0.0	0.0	0.0	
1.43774  1800.0  2000.0  0.0	0.0	0.0	0.0	0.0	2e-05	2e-05	0.0	0.0	0.0	0.0	0.0	0.0	4e-05	2e-05	2e-05	4e-05	0.0	2e-05	0.0	2e-05	0.0	2e-05	6e-05	0.0	6e-05	6e-05	2e-05	2e-05	0.0	6e-05	4e-05	6e-05	4e-05	0.0001	6e-05	6e-05	6e-05	0.00012	0.0001	4e-05	6e-05	6e-05	0.0002	0.0001	0.00024	0.00024	0.00022	0.00012	0.00018	0.0002	0.0003	0.00038	0.00046	0.00072	0.00112	0.00196	0.00298	0.00644	0.01262	0.02082	0.03462	0.04796	0.05986	0.06378	0.05734	0.04644	0.031	0.01822	0.01018	0.00436	0.00182	0.00078	0.00038	0.0001	4e-05	2e-05	0.0001	0.0	0.0	0.0	0.0	0.0	0.0	0.0	0.0	0.0	0.0	0.0	0.0	0.0	0.0	0.0	0.0	0.0	0.0	0.0	0.0	0.0	
1.18336  2000.0  2250.0  0.0	0.0	0.0	0.0	2e-05	2e-05	0.0	0.0	0.0	0.0	2e-05	0.0	2e-05	4e-05	0.0	0.0	0.0	0.0	4e-05	0.0	4e-05	2e-05	0.0	0.0	2e-05	2e-05	2e-05	0.0	2e-05	4e-05	6e-05	6e-05	0.0	6e-05	6e-05	4e-05	8e-05	6e-05	0.0001	0.0	0.0001	8e-05	8e-05	0.00014	0.0001	0.00014	0.00016	8e-05	8e-05	0.00016	0.00026	0.0002	0.00034	0.00024	0.0003	0.00034	0.00056	0.0008	0.00116	0.00224	0.0033	0.00744	0.01104	0.0197	0.03146	0.04324	0.05342	0.05812	0.05606	0.04802	0.03506	0.02244	0.01362	0.0075	0.00366	0.00188	0.00098	0.00048	0.00012	2e-05	4e-05	2e-05	6e-05	0.0	0.0	0.0	0.0	0.0	0.0	0.0	0.0	0.0	0.0	0.0	0.0	0.0	0.0	0.0	0.0	
0.74666  2250.0  2500.0  0.0	0.0	0.0	0.0	0.0	0.0	0.0	0.0	0.0	2e-05	2e-05	0.0	2e-05	0.0	0.0	0.0	2e-05	0.0	0.0	2e-05	2e-05	0.0	2e-05	4e-05	6e-05	0.0	2e-05	4e-05	2e-05	0.0	8e-05	2e-05	0.0	2e-05	2e-05	2e-05	2e-05	6e-05	4e-05	0.00012	4e-05	2e-05	0.0	8e-05	4e-05	0.0001	6e-05	8e-05	0.00012	0.0001	0.00012	0.00012	0.0001	0.0002	0.00012	0.00022	0.0002	0.00018	0.00044	0.00058	0.0007	0.00132	0.00214	0.00392	0.00698	0.01106	0.01732	0.02672	0.03596	0.04588	0.05258	0.05332	0.04742	0.03714	0.02678	0.01922	0.01058	0.00588	0.00314	0.00146	0.00088	0.00036	0.00014	8e-05	4e-05	6e-05	2e-05	0.0	0.0	0.0	0.0	0.0	0.0	0.0	0.0	0.0	0.0	0.0	0.0	
0.47512  2500.0  2750.0  0.0	0.0	0.0	0.0	0.0	0.0	0.0	0.0	0.0	0.0	0.0	0.0	2e-05	2e-05	0.0	0.0	0.0	2e-05	0.0	2e-05	2e-05	2e-05	2e-05	4e-05	2e-05	4e-05	0.0	2e-05	4e-05	0.0	0.0	2e-05	2e-05	2e-05	4e-05	2e-05	6e-05	4e-05	6e-05	6e-05	0.0001	2e-05	4e-05	8e-05	4e-05	0.00014	6e-05	6e-05	0.00012	6e-05	0.00012	8e-05	0.00014	8e-05	0.0001	8e-05	0.00014	0.00012	0.0001	0.0004	0.0005	0.00062	0.00068	0.00086	0.0016	0.00208	0.00398	0.00784	0.01232	0.01776	0.02602	0.0378	0.04416	0.04898	0.04744	0.04394	0.03546	0.02828	0.01876	0.0114	0.00696	0.00382	0.00236	0.001	0.00054	0.00014	0.00012	8e-05	6e-05	4e-05	0.0	0.0	0.0	0.0	0.0	0.0	0.0	0.0	0.0	
0.30386  2750.0  3000.0  0.0	2e-05	0.0	2e-05	0.0	0.0	0.0	0.0	0.0	0.0	0.0	0.0	0.0	0.0	0.0	0.0	0.0	2e-05	0.0	2e-05	0.0	0.0	2e-05	2e-05	0.0	2e-05	6e-05	6e-05	2e-05	0.0	0.0	4e-05	2e-05	4e-05	0.0	4e-05	2e-05	2e-05	2e-05	2e-05	0.0	6e-05	6e-05	6e-05	6e-05	4e-05	8e-05	4e-05	6e-05	0.0001	8e-05	4e-05	0.0001	6e-05	8e-05	0.00014	0.00022	0.00016	0.0002	0.00026	0.00016	0.00036	0.00028	0.00046	0.0006	0.00082	0.00188	0.00242	0.00358	0.00586	0.00912	0.0148	0.02182	0.02702	0.03514	0.043	0.04544	0.0437	0.03888	0.03138	0.02464	0.01644	0.01134	0.00684	0.0044	0.00214	0.0014	0.00078	0.00022	0.00026	6e-05	6e-05	0.0	0.0	2e-05	0.0	0.0	0.0	0.0	
0.31988  3000.0  3500.0  0.0	0.0	0.0	0.0	0.0	0.0	0.0	0.0	2e-05	0.0	0.0	2e-05	2e-05	0.0	2e-05	0.0	0.0	0.0	0.0	4e-05	0.0	0.0	0.0	0.0	0.0	2e-05	0.0	0.0	4e-05	0.0	4e-05	4e-05	0.0	2e-05	4e-05	2e-05	0.0	2e-05	0.0	2e-05	4e-05	2e-05	8e-05	6e-05	8e-05	4e-05	6e-05	6e-05	6e-05	2e-05	6e-05	2e-05	8e-05	6e-05	8e-05	0.0001	0.00014	8e-05	4e-05	0.00014	0.00014	0.00018	0.0001	0.00014	0.0003	0.00044	0.00056	0.0007	0.00104	0.00188	0.00276	0.00376	0.00728	0.01032	0.01472	0.01998	0.02674	0.03156	0.03482	0.03876	0.03684	0.03506	0.03116	0.02626	0.01974	0.015	0.01062	0.00672	0.0043	0.00234	0.00172	0.00078	0.00054	0.0002	0.00018	6e-05	0.0001	6e-05	6e-05	
0.131984  3500.0  4000.0  0.0	0.0	0.0	0.0	0.0	0.0	0.0	0.0	0.0	0.0	2e-05	0.0	0.0	0.0	0.0	2e-05	0.0	0.0	0.0	0.0	0.0	0.0	0.0	2e-05	2e-05	0.0	2e-05	4e-05	2e-05	0.0	0.0	0.0	4e-05	2e-05	2e-05	0.0	2e-05	6e-05	4e-05	2e-05	0.0	8e-05	6e-05	0.0	2e-05	2e-05	2e-05	2e-05	4e-05	0.0	8e-05	6e-05	6e-05	6e-05	2e-05	0.0001	6e-05	0.0	6e-05	6e-05	6e-05	6e-05	0.0003	0.00016	0.00018	0.00026	0.00022	0.00024	0.00044	0.00054	0.00076	0.00114	0.00136	0.00246	0.00334	0.00506	0.0074	0.00996	0.0148	0.01926	0.02332	0.02826	0.02988	0.03244	0.03254	0.03188	0.02918	0.02446	0.01846	0.01556	0.01232	0.00828	0.0058	0.00392	0.00242	0.0017	0.00082	0.00062	0.00076	
0.091596  4000.0  15000.0  0.0	0.0	0.0	0.0	0.0	0.0	0.0	0.0	0.0	2e-05	0.0	0.0	0.0	0.0	0.0	0.0	0.0	0.0	0.0	4e-05	2e-05	0.0	2e-05	0.0	2e-05	2e-05	0.0	2e-05	0.0	0.0	0.0	4e-05	4e-05	0.0	0.0	0.0	2e-05	0.0	0.0	6e-05	4e-05	2e-05	2e-05	0.0	0.0	4e-05	2e-05	0.0	4e-05	4e-05	2e-05	2e-05	8e-05	2e-05	4e-05	0.0	0.0	2e-05	6e-05	6e-05	4e-05	6e-05	0.0001	0.00014	0.0001	0.00014	8e-05	0.00012	0.00018	0.0002	0.00036	0.00022	0.00038	0.0007	0.00098	0.00104	0.00126	0.00272	0.00344	0.00462	0.00662	0.00894	0.01166	0.01376	0.01618	0.01996	0.02174	0.02334	0.02314	0.0257	0.02426	0.02108	0.01986	0.01768	0.01568	0.01294	0.01092	0.00856	0.0283	
