#===============
# ll~ : mumu
# qq~ : uu~
# FF  : vector
# XY  : LR RL  
# coef : 0 1
# type : Z*Reg
# Nevs : 50000
#===============
#
# XSEC	BIN_MIN	BIN_MAX 	 Kij 
#
6.421  200.0  300.0  0.0	0.0	2e-05	0.00016	0.00034	0.0019	0.02238	0.03682	0.04276	0.04682	0.04954	0.02436	0.00038	0.0	0.0	0.0	0.0	0.0	0.0	0.0	0.0	0.0	0.0	0.0	0.0	0.0	0.0	0.0	0.0	0.0	0.0	0.0	0.0	0.0	0.0	0.0	0.0	0.0	0.0	0.0	0.0	0.0	0.0	0.0	
5.5361  300.0  400.0  0.0	0.0	0.0	0.0	8e-05	0.00012	0.0002	0.0002	0.00024	0.00064	0.00324	0.0392	0.07124	0.07562	0.07088	0.01436	0.0001	0.0	0.0	0.0	0.0	0.0	0.0	0.0	0.0	0.0	0.0	0.0	0.0	0.0	0.0	0.0	0.0	0.0	0.0	0.0	0.0	0.0	0.0	0.0	0.0	0.0	0.0	0.0	
4.9341  400.0  500.0  0.0	0.0	0.0	2e-05	2e-05	0.0	6e-05	6e-05	0.0001	0.00032	0.00042	0.00036	0.00074	0.00218	0.01702	0.08482	0.10842	0.08244	0.01024	0.00044	0.0	0.0	0.0	0.0	0.0	0.0	0.0	0.0	0.0	0.0	0.0	0.0	0.0	0.0	0.0	0.0	0.0	0.0	0.0	0.0	0.0	0.0	0.0	0.0	
4.4337  500.0  600.0  0.0	0.0	2e-05	0.0	0.0	6e-05	6e-05	2e-05	8e-05	0.00016	0.00024	0.00032	0.00038	0.00048	0.00082	0.00092	0.00396	0.03972	0.1249	0.12138	0.03596	0.00144	0.00012	0.0	0.0	0.0	0.0	0.0	0.0	0.0	0.0	0.0	0.0	0.0	0.0	0.0	0.0	0.0	0.0	0.0	0.0	0.0	0.0	0.0	
3.9922  600.0  700.0  0.0	0.0	0.0	4e-05	0.0	0.0	2e-05	4e-05	2e-05	6e-05	0.00014	0.00024	0.0002	0.00032	0.00032	0.00048	0.00076	0.00112	0.00394	0.02738	0.1291	0.14	0.03812	0.00256	0.00014	2e-05	0.0	0.0	0.0	0.0	0.0	0.0	0.0	0.0	0.0	0.0	0.0	0.0	0.0	0.0	0.0	0.0	0.0	0.0	
3.598  700.0  800.0  0.0	0.0	0.0	0.0	0.0	4e-05	0.0	2e-05	0.0	6e-05	0.00012	0.0001	0.00016	0.00018	0.00018	0.00028	0.00036	0.00046	0.0008	0.00114	0.00638	0.04292	0.15496	0.13172	0.02188	0.00144	8e-05	0.0	0.0	0.0	0.0	0.0	0.0	0.0	0.0	0.0	0.0	0.0	0.0	0.0	0.0	0.0	0.0	0.0	
3.2377  800.0  900.0  0.0	0.0	0.0	0.0	0.0	4e-05	2e-05	2e-05	4e-05	2e-05	0.0	0.0001	0.00012	8e-05	0.00022	0.0003	0.00036	0.00038	0.00036	0.00042	0.00114	0.00276	0.01488	0.09076	0.17978	0.07382	0.00874	0.0005	8e-05	2e-05	0.0	0.0	0.0	0.0	0.0	0.0	0.0	0.0	0.0	0.0	0.0	0.0	0.0	0.0	
2.9132  900.0  1000.0  0.0	0.0	0.0	4e-05	2e-05	0.0	2e-05	0.0	2e-05	2e-05	4e-05	8e-05	8e-05	0.00012	0.00014	0.00024	0.00026	0.00036	0.00038	0.0004	0.00066	0.0008	0.0022	0.00746	0.05052	0.16498	0.12672	0.0224	0.00184	0.00024	2e-05	0.0	0.0	0.0	0.0	0.0	0.0	0.0	0.0	0.0	0.0	0.0	0.0	0.0	
4.9692  1000.0  1200.0  0.0	0.0	0.0	0.0	0.0	0.0	0.0	0.0	2e-05	2e-05	4e-05	8e-05	8e-05	6e-05	8e-05	4e-05	0.0002	0.00014	0.0002	0.0003	0.00038	0.0004	0.00082	0.00174	0.00376	0.02004	0.08662	0.14	0.09972	0.02828	0.00348	0.0004	0.0001	0.0	0.0	0.0	0.0	0.0	0.0	0.0	0.0	0.0	0.0	0.0	
3.9991  1200.0  1400.0  0.0	0.0	0.0	0.0	0.0	0.0	0.0	0.0	0.0	0.0	0.0	4e-05	6e-05	2e-05	4e-05	0.00014	0.00014	0.00014	0.00018	0.00012	0.00016	0.00026	0.00054	0.00048	0.00058	0.00128	0.00386	0.01804	0.07752	0.14502	0.10648	0.0333	0.0051	0.00084	0.00026	2e-05	0.0	0.0	0.0	0.0	0.0	0.0	0.0	0.0	
3.2055  1400.0  1600.0  0.0	0.0	0.0	0.0	0.0	2e-05	4e-05	6e-05	2e-05	2e-05	0.0	0.0	4e-05	6e-05	6e-05	0.0	6e-05	0.0001	4e-05	0.00016	0.00022	8e-05	0.0003	0.00012	0.00034	0.00072	0.00088	0.0018	0.0069	0.02722	0.09392	0.1466	0.09026	0.0257	0.0041	0.00064	0.00016	0.0	0.0	0.0	0.0	0.0	0.0	0.0	
2.5585  1600.0  1800.0  0.0	0.0	0.0	0.0	6e-05	0.0	0.0	0.0	0.0	2e-05	0.0	4e-05	2e-05	2e-05	0.0	2e-05	4e-05	4e-05	2e-05	0.00012	6e-05	0.00018	0.00014	0.00024	0.00036	0.00036	0.00046	0.00058	0.00138	0.00336	0.01294	0.0532	0.12598	0.1302	0.0567	0.01314	0.00264	0.00046	8e-05	4e-05	0.0	0.0	0.0	0.0	
2.0321  1800.0  2000.0  0.0	0.0	0.0	0.0	0.0	0.0	2e-05	0.0	0.0	2e-05	2e-05	2e-05	0.0	0.0	0.0	4e-05	6e-05	2e-05	4e-05	0.0001	6e-05	0.00016	0.00016	0.00014	0.00016	0.00038	0.00032	0.00042	0.00078	0.0011	0.00314	0.00912	0.0353	0.0984	0.13652	0.0851	0.02628	0.00572	0.00112	0.00018	4e-05	0.0	0.0	0.0	
1.9563  2000.0  2250.0  0.0	0.0	0.0	0.0	0.0	0.0	0.0	0.0	0.0	0.0	2e-05	2e-05	0.0	4e-05	4e-05	2e-05	0.0	2e-05	4e-05	2e-05	0.00012	0.0001	0.00014	0.0002	0.00012	0.00022	0.00026	0.0003	0.00042	0.00068	0.00122	0.00268	0.00742	0.02488	0.07076	0.12176	0.10758	0.04772	0.013	0.00264	0.00076	6e-05	4e-05	0.0	
1.4524  2250.0  2500.0  0.0	0.0	0.0	0.0	0.0	0.0	0.0	0.0	0.0	0.0	2e-05	2e-05	2e-05	0.0	2e-05	2e-05	2e-05	2e-05	4e-05	0.0001	6e-05	6e-05	2e-05	6e-05	0.00022	0.00024	0.00018	0.00018	0.00022	0.00046	0.0005	0.001	0.00174	0.00534	0.01828	0.05352	0.10028	0.1131	0.06834	0.02508	0.00656	0.00156	0.00036	6e-05	
1.0727  2500.0  2750.0  0.0	0.0	0.0	0.0	0.0	0.0	0.0	0.0	0.0	2e-05	0.0	0.0	0.0	0.0	2e-05	2e-05	2e-05	6e-05	2e-05	8e-05	8e-05	2e-05	8e-05	4e-05	0.00022	0.00018	0.00016	0.00014	0.0002	0.00028	0.00046	0.00048	0.00096	0.0016	0.00532	0.01572	0.04564	0.08796	0.107	0.0788	0.0335	0.01072	0.0028	0.00064	
0.78773  2750.0  3000.0  0.0	0.0	0.0	0.0	0.0	0.0	0.0	2e-05	2e-05	0.0	2e-05	2e-05	2e-05	0.0	0.0	0.0	2e-05	4e-05	2e-05	2e-05	2e-05	4e-05	4e-05	0.0001	4e-05	0.00016	0.00014	8e-05	0.00014	0.00026	0.0003	0.0003	0.00032	0.00092	0.00198	0.00582	0.01556	0.0413	0.07942	0.10158	0.08114	0.04244	0.0143	0.00458	
0.99225  3000.0  3500.0  0.0	0.0	0.0	0.0	0.0	0.0	0.0	0.0	2e-05	0.0	0.0	0.0	2e-05	0.0	2e-05	0.0	0.0	2e-05	0.0	2e-05	4e-05	0.0	2e-05	6e-05	4e-05	0.0001	0.00012	0.00018	8e-05	0.00018	0.00022	0.00038	0.00022	0.00068	0.00076	0.00208	0.00484	0.01278	0.03196	0.06256	0.08642	0.08162	0.05536	0.02666	
0.51457  3500.0  4000.0  0.0	0.0	0.0	0.0	0.0	0.0	0.0	0.0	0.0	0.0	0.0	2e-05	2e-05	2e-05	2e-05	0.0	2e-05	0.0	0.0	6e-05	0.0	0.0	2e-05	6e-05	6e-05	8e-05	2e-05	0.00016	0.00012	0.00028	0.00012	0.0002	0.00014	0.00028	0.00044	0.00062	0.0013	0.00294	0.00776	0.01828	0.04064	0.06604	0.07654	0.07008	
0.49484  4000.0  15000.0  0.0	0.0	0.0	0.0	0.0	0.0	0.0	0.0	0.0	0.0	0.0	0.0	0.0	0.0	2e-05	0.0	0.0	0.0	0.0	2e-05	0.0	4e-05	0.0	4e-05	2e-05	2e-05	0.0	0.0001	0.00014	0.0001	0.00012	4e-05	0.00016	0.00014	0.00038	0.00036	0.00032	0.00078	0.0021	0.00422	0.00996	0.02022	0.03542	0.04734	
