#===============
# Ref : 1903.06248
# Experiment : ATLAS
# ll~ : mumu
# qq~ : cc~
# FF  : vector
# XY  : LR RL
# coef : 01
# type : Z*Reg
# Nevs : 50000
#===============
#
# XSEC	BIN_MIN	BIN_MAX 	 Kij 
# 225.0 232.51 240.271 248.291 256.579 265.143 273.994 283.139 292.59 302.357 312.449 322.878 333.656 344.793 356.302 368.195 380.485 393.185 406.309 419.872 433.887 448.369 463.336 478.801 494.783 511.299 528.365 546.002 564.227 583.06 602.522 622.634 643.417 664.894 687.087 710.022 733.722 758.213 783.521 809.674 836.7 864.629 893.489 923.313 954.133 985.981 1018.89 1052.9 1088.05 1124.36 1161.9 1200.68 1240.76 1282.17 1324.97 1369.2 1414.9 1462.13 1510.93 1561.36 1613.48 1667.34 1722.99 1780.5 1839.94 1901.35 1964.82 2030.4 2098.17 2168.21 2240.58 2315.37 2392.65 2472.52 2555.05 2640.34 2728.47 2819.54 2913.66 3010.91 3111.41 3215.27 3322.59 3433.5 3548.1 3666.54 3788.92 3915.39 4046.09 4181.14 4320.7 4464.92 4613.96 4767.97 4927.12 5091.58 5261.54 5437.16 5618.6 10000.0 
0.63745  200.0  300.0  0.03332	0.03196	0.02956	0.03162	0.0321	0.0318	0.0296	0.0297	0.01696	0.00282	0.0003	2e-05	0.0	0.0	0.0	0.0	0.0	0.0	0.0	0.0	0.0	0.0	0.0	0.0	0.0	0.0	0.0	0.0	0.0	0.0	0.0	0.0	0.0	0.0	0.0	0.0	0.0	0.0	0.0	0.0	0.0	0.0	0.0	0.0	0.0	0.0	0.0	0.0	0.0	0.0	0.0	0.0	0.0	0.0	0.0	0.0	0.0	0.0	0.0	0.0	0.0	0.0	0.0	0.0	0.0	0.0	0.0	0.0	0.0	0.0	0.0	0.0	0.0	0.0	0.0	0.0	0.0	0.0	0.0	0.0	0.0	0.0	0.0	0.0	0.0	0.0	0.0	0.0	0.0	0.0	0.0	0.0	0.0	0.0	0.0	0.0	0.0	0.0	0.0	
0.42973  300.0  400.0  0.00032	0.00028	0.00028	0.00038	0.00066	0.00096	0.00184	0.00526	0.0197	0.04256	0.04478	0.04696	0.0454	0.0438	0.04602	0.04464	0.03878	0.01924	0.00318	0.00038	4e-05	2e-05	0.0	0.0	0.0	0.0	0.0	0.0	0.0	0.0	0.0	0.0	0.0	0.0	0.0	0.0	0.0	0.0	0.0	0.0	0.0	0.0	0.0	0.0	0.0	0.0	0.0	0.0	0.0	0.0	0.0	0.0	0.0	0.0	0.0	0.0	0.0	0.0	0.0	0.0	0.0	0.0	0.0	0.0	0.0	0.0	0.0	0.0	0.0	0.0	0.0	0.0	0.0	0.0	0.0	0.0	0.0	0.0	0.0	0.0	0.0	0.0	0.0	0.0	0.0	0.0	0.0	0.0	0.0	0.0	0.0	0.0	0.0	0.0	0.0	0.0	0.0	0.0	0.0	
0.30934  400.0  500.0  0.00012	0.0001	0.00014	6e-05	0.00016	0.00016	0.00016	0.00028	0.00034	0.00044	0.00022	0.00054	0.00056	0.00064	0.00154	0.00444	0.01148	0.03752	0.05896	0.06124	0.05978	0.05828	0.0559	0.04334	0.02138	0.00492	0.00052	0.00018	2e-05	0.0	0.0	0.0	0.0	0.0	0.0	0.0	0.0	0.0	0.0	0.0	0.0	0.0	0.0	0.0	0.0	0.0	0.0	0.0	0.0	0.0	0.0	0.0	0.0	0.0	0.0	0.0	0.0	0.0	0.0	0.0	0.0	0.0	0.0	0.0	0.0	0.0	0.0	0.0	0.0	0.0	0.0	0.0	0.0	0.0	0.0	0.0	0.0	0.0	0.0	0.0	0.0	0.0	0.0	0.0	0.0	0.0	0.0	0.0	0.0	0.0	0.0	0.0	0.0	0.0	0.0	0.0	0.0	0.0	0.0	
0.22947  500.0  600.0  6e-05	0.00012	0.00014	0.00014	0.00014	0.00012	0.00012	0.0002	0.00012	0.00016	0.0002	0.00016	0.0002	0.00026	0.00022	0.00046	0.00046	0.00042	0.00032	0.00064	0.00114	0.00296	0.00652	0.02048	0.05048	0.0707	0.07488	0.07318	0.06184	0.04052	0.01414	0.00276	0.0005	0.00014	0.0	2e-05	0.0	0.0	0.0	0.0	0.0	0.0	0.0	0.0	0.0	0.0	0.0	0.0	0.0	0.0	0.0	0.0	0.0	0.0	0.0	0.0	0.0	0.0	0.0	0.0	0.0	0.0	0.0	0.0	0.0	0.0	0.0	0.0	0.0	0.0	0.0	0.0	0.0	0.0	0.0	0.0	0.0	0.0	0.0	0.0	0.0	0.0	0.0	0.0	0.0	0.0	0.0	0.0	0.0	0.0	0.0	0.0	0.0	0.0	0.0	0.0	0.0	0.0	0.0	
0.17345  600.0  700.0  2e-05	4e-05	4e-05	8e-05	6e-05	6e-05	2e-05	8e-05	0.0001	0.00012	8e-05	4e-05	0.00016	0.00018	0.00018	0.0001	0.0001	0.00024	0.00022	0.00032	0.0004	0.00034	0.00042	0.0006	0.00074	0.00114	0.00208	0.00634	0.01484	0.04098	0.07334	0.08582	0.0847	0.0686	0.0381	0.0123	0.00294	0.00066	0.00014	2e-05	0.0	0.0	0.0	0.0	0.0	0.0	0.0	0.0	0.0	0.0	0.0	0.0	0.0	0.0	0.0	0.0	0.0	0.0	0.0	0.0	0.0	0.0	0.0	0.0	0.0	0.0	0.0	0.0	0.0	0.0	0.0	0.0	0.0	0.0	0.0	0.0	0.0	0.0	0.0	0.0	0.0	0.0	0.0	0.0	0.0	0.0	0.0	0.0	0.0	0.0	0.0	0.0	0.0	0.0	0.0	0.0	0.0	0.0	0.0	
0.13309  700.0  800.0  4e-05	4e-05	4e-05	0.0	0.0001	2e-05	0.00012	8e-05	0.0	2e-05	6e-05	0.00012	0.00012	0.00022	6e-05	8e-05	0.00014	0.00024	0.0001	0.0001	0.00014	0.0001	0.00018	0.00012	0.00028	0.00048	0.00064	0.00044	0.00072	0.00108	0.00164	0.004	0.00952	0.02684	0.05892	0.08826	0.08916	0.0774	0.04652	0.0179	0.00514	0.0013	0.00032	0.00018	0.00012	0.0	0.0	0.0	0.0	0.0	0.0	0.0	0.0	0.0	0.0	0.0	0.0	0.0	0.0	0.0	0.0	0.0	0.0	0.0	0.0	0.0	0.0	0.0	0.0	0.0	0.0	0.0	0.0	0.0	0.0	0.0	0.0	0.0	0.0	0.0	0.0	0.0	0.0	0.0	0.0	0.0	0.0	0.0	0.0	0.0	0.0	0.0	0.0	0.0	0.0	0.0	0.0	0.0	0.0	
0.10324  800.0  900.0  2e-05	4e-05	4e-05	4e-05	2e-05	2e-05	2e-05	6e-05	4e-05	8e-05	8e-05	6e-05	2e-05	6e-05	0.00012	2e-05	4e-05	0.00012	8e-05	0.00012	0.0001	0.00014	0.00026	0.00016	0.0002	0.00022	0.00034	0.00028	0.00038	0.00036	0.00034	0.00052	0.00072	0.00078	0.00234	0.00542	0.01256	0.0295	0.06434	0.09178	0.09486	0.07092	0.04068	0.0145	0.00422	0.001	0.00036	0.0001	0.0	0.0001	0.0	0.0	0.0	0.0	0.0	0.0	0.0	0.0	0.0	0.0	0.0	0.0	0.0	0.0	0.0	0.0	0.0	0.0	0.0	0.0	0.0	0.0	0.0	0.0	0.0	0.0	0.0	0.0	0.0	0.0	0.0	0.0	0.0	0.0	0.0	0.0	0.0	0.0	0.0	0.0	0.0	0.0	0.0	0.0	0.0	0.0	0.0	0.0	0.0	
0.080829  900.0  1000.0  0.0	0.0	2e-05	0.0	0.0	2e-05	8e-05	4e-05	6e-05	2e-05	8e-05	4e-05	2e-05	8e-05	0.0	6e-05	6e-05	4e-05	0.0001	8e-05	0.0001	8e-05	0.0001	0.00012	0.0001	0.0001	0.00014	0.0002	0.00014	0.00028	0.00018	0.00022	0.00026	0.0005	0.00038	0.00088	0.00092	0.00188	0.0035	0.00886	0.02118	0.04836	0.0827	0.09578	0.08362	0.04698	0.02236	0.00758	0.00224	0.00066	0.0002	0.00016	6e-05	0.0	0.0	0.0	0.0	0.0	0.0	0.0	0.0	0.0	0.0	0.0	0.0	0.0	0.0	0.0	0.0	0.0	0.0	0.0	0.0	0.0	0.0	0.0	0.0	0.0	0.0	0.0	0.0	0.0	0.0	0.0	0.0	0.0	0.0	0.0	0.0	0.0	0.0	0.0	0.0	0.0	0.0	0.0	0.0	0.0	0.0	
0.11449  1000.0  1200.0  2e-05	0.0	2e-05	0.0	2e-05	0.0	0.0	2e-05	0.0	2e-05	0.0	6e-05	4e-05	2e-05	6e-05	6e-05	0.0001	4e-05	2e-05	0.0001	4e-05	2e-05	4e-05	0.00016	0.00016	0.00016	0.00014	0.00024	0.00016	0.00018	0.0001	0.00028	0.00024	0.00026	0.00042	0.0003	0.00032	0.0004	0.00054	0.001	0.00128	0.00246	0.0061	0.01332	0.0275	0.05098	0.06366	0.07022	0.06544	0.0552	0.03904	0.02176	0.0096	0.00324	0.00136	0.00044	0.00024	8e-05	0.0	0.0	0.0	0.0	0.0	0.0	0.0	0.0	0.0	0.0	0.0	0.0	0.0	0.0	0.0	0.0	0.0	0.0	0.0	0.0	0.0	0.0	0.0	0.0	0.0	0.0	0.0	0.0	0.0	0.0	0.0	0.0	0.0	0.0	0.0	0.0	0.0	0.0	0.0	0.0	0.0	
0.073029  1200.0  1400.0  0.0	0.0	0.0	2e-05	0.0	0.0	2e-05	0.0	4e-05	2e-05	4e-05	0.0	4e-05	0.0	4e-05	2e-05	2e-05	6e-05	6e-05	6e-05	8e-05	2e-05	4e-05	4e-05	4e-05	0.0001	0.00016	6e-05	4e-05	0.0001	8e-05	0.00014	0.00012	0.0001	0.00012	0.0002	0.0002	0.0002	0.00028	0.00024	0.00048	0.0004	0.00034	0.00056	0.00086	0.00148	0.00272	0.00562	0.01206	0.02606	0.04448	0.06454	0.07318	0.0674	0.057	0.038	0.02106	0.00884	0.00402	0.00152	0.00044	0.00032	0.00014	4e-05	4e-05	0.0	0.0	0.0	0.0	0.0	0.0	0.0	0.0	0.0	0.0	0.0	0.0	0.0	0.0	0.0	0.0	0.0	0.0	0.0	0.0	0.0	0.0	0.0	0.0	0.0	0.0	0.0	0.0	0.0	0.0	0.0	0.0	0.0	0.0	
0.047545  1400.0  1600.0  2e-05	2e-05	2e-05	0.0	2e-05	2e-05	2e-05	2e-05	0.0	4e-05	0.0	4e-05	0.0	4e-05	0.0	8e-05	2e-05	4e-05	4e-05	4e-05	4e-05	6e-05	2e-05	4e-05	0.00012	0.0	4e-05	0.0001	6e-05	0.0001	6e-05	0.0001	0.00014	0.00012	6e-05	0.0001	8e-05	0.00022	0.00014	0.00012	4e-05	0.0002	0.00016	0.00026	0.00038	0.00042	0.0006	0.00076	0.00112	0.00138	0.0024	0.00458	0.01082	0.01992	0.0355	0.05462	0.0703	0.07128	0.05998	0.04548	0.0273	0.01374	0.0059	0.00236	0.0012	0.00036	0.00014	0.00014	2e-05	0.0	0.0	0.0	0.0	0.0	0.0	0.0	0.0	0.0	0.0	0.0	0.0	0.0	0.0	0.0	0.0	0.0	0.0	0.0	0.0	0.0	0.0	0.0	0.0	0.0	0.0	0.0	0.0	0.0	0.0	
0.031408  1600.0  1800.0  0.0	0.0	6e-05	0.0	0.0	0.0	0.0	0.0	0.0	2e-05	2e-05	2e-05	2e-05	0.0	0.0	4e-05	2e-05	0.0	0.0	2e-05	0.0	4e-05	4e-05	4e-05	8e-05	2e-05	6e-05	4e-05	0.0	6e-05	0.0001	8e-05	6e-05	2e-05	4e-05	8e-05	8e-05	0.00022	0.00012	0.0002	0.00012	0.00016	0.00016	0.00014	0.00024	0.00028	0.00018	0.00022	0.0003	0.00034	0.00042	0.00084	0.00128	0.00196	0.0035	0.00672	0.01468	0.0237	0.03962	0.05426	0.06684	0.0657	0.05582	0.03938	0.02478	0.01308	0.00636	0.00276	0.00094	0.00048	0.00022	0.0001	0.0	2e-05	0.0	0.0	0.0	0.0	0.0	0.0	0.0	0.0	0.0	0.0	0.0	0.0	0.0	0.0	0.0	0.0	0.0	0.0	0.0	0.0	0.0	0.0	0.0	0.0	0.0	
0.021011  1800.0  2000.0  0.0	0.0	0.0	2e-05	0.0	0.0	0.0	0.0	2e-05	2e-05	0.0	0.0	0.0	0.0	2e-05	2e-05	4e-05	0.0	2e-05	2e-05	0.0	2e-05	0.0	2e-05	6e-05	6e-05	0.0	2e-05	2e-05	4e-05	8e-05	4e-05	4e-05	2e-05	2e-05	0.0001	6e-05	6e-05	0.00012	0.0001	0.00016	0.0001	0.00012	0.00018	0.00022	0.0001	0.00022	0.00016	0.00026	0.00042	0.00018	0.00036	0.00052	0.00054	0.00086	0.0013	0.00154	0.00324	0.00588	0.01174	0.02106	0.03294	0.04812	0.0602	0.06486	0.05676	0.04494	0.03004	0.01826	0.00946	0.00452	0.00206	0.00102	0.00046	0.00024	2e-05	6e-05	2e-05	0.0	0.0	0.0	0.0	0.0	0.0	0.0	0.0	0.0	0.0	0.0	0.0	0.0	0.0	0.0	0.0	0.0	0.0	0.0	0.0	0.0	
0.016974  2000.0  2250.0  0.0	0.0	4e-05	0.0	0.0	0.0	0.0	2e-05	0.0	2e-05	0.0	4e-05	2e-05	0.0	0.0	0.0	0.0	0.0	4e-05	0.0	2e-05	2e-05	2e-05	0.0	6e-05	2e-05	2e-05	0.0	0.0	0.0	4e-05	4e-05	0.0	2e-05	8e-05	2e-05	6e-05	4e-05	8e-05	4e-05	2e-05	0.0001	0.0001	8e-05	0.00022	0.0001	0.0001	0.0001	0.0001	0.00016	0.00014	0.0002	0.00014	0.0002	0.00038	0.00044	0.00036	0.0007	0.00118	0.00208	0.00354	0.00696	0.0113	0.01886	0.02928	0.04294	0.05224	0.05646	0.05604	0.04684	0.03358	0.02332	0.01444	0.00772	0.00396	0.00204	0.001	0.00046	0.00034	8e-05	8e-05	2e-05	2e-05	0.0	0.0	0.0	0.0	0.0	0.0	0.0	0.0	0.0	0.0	0.0	0.0	0.0	0.0	0.0	0.0	
0.010524  2250.0  2500.0  0.0	0.0	0.0	0.0	0.0	0.0	0.0	2e-05	0.0	2e-05	0.0	0.0	0.0	0.0	2e-05	0.0	0.0	0.0	0.0	0.0	0.0	2e-05	0.0	0.0	2e-05	2e-05	4e-05	4e-05	4e-05	2e-05	4e-05	2e-05	2e-05	0.00014	6e-05	4e-05	8e-05	4e-05	4e-05	0.0	4e-05	2e-05	0.0	6e-05	4e-05	0.00016	4e-05	4e-05	4e-05	0.00012	0.00022	0.00014	0.00014	0.0001	0.00024	0.00022	0.00034	0.0003	0.00038	0.00064	0.00056	0.00142	0.00204	0.00368	0.00624	0.00996	0.01714	0.02796	0.0367	0.04762	0.05282	0.0526	0.04688	0.0379	0.02726	0.01736	0.01028	0.0061	0.00312	0.00144	0.00066	0.00044	0.0002	0.00012	2e-05	6e-05	0.0	0.0	0.0	0.0	0.0	0.0	0.0	0.0	0.0	0.0	0.0	0.0	0.0	
0.006589  2500.0  2750.0  0.0	0.0	0.0	0.0	2e-05	0.0	2e-05	2e-05	0.0	0.0	0.0	0.0	0.0	4e-05	0.0	0.0	0.0	0.0	2e-05	0.0	6e-05	0.0	0.0	4e-05	0.0	2e-05	2e-05	0.0	0.0	0.0	4e-05	2e-05	6e-05	6e-05	0.0	2e-05	4e-05	6e-05	8e-05	6e-05	4e-05	4e-05	4e-05	0.0001	4e-05	2e-05	4e-05	0.00014	6e-05	8e-05	0.00014	0.0001	0.00012	0.00014	0.00014	0.00014	0.00024	0.00014	0.00016	0.0003	0.00036	0.00046	0.00078	0.00144	0.00164	0.00254	0.00454	0.00768	0.01198	0.01932	0.02652	0.03494	0.04514	0.04768	0.04778	0.0453	0.03492	0.02728	0.0194	0.01212	0.00718	0.00418	0.0019	0.00116	0.00054	0.00024	0.00018	0.00016	2e-05	4e-05	0.0	0.0	0.0	0.0	0.0	0.0	0.0	0.0	0.0	
0.004154  2750.0  3000.0  0.0	0.0	2e-05	0.0	0.0	0.0	0.0	0.0	0.0	0.0	0.0	0.0	2e-05	0.0	2e-05	2e-05	0.0	0.0	2e-05	6e-05	0.0	2e-05	0.0	0.0	6e-05	0.0	2e-05	0.0	2e-05	2e-05	6e-05	0.0	4e-05	4e-05	6e-05	2e-05	2e-05	6e-05	4e-05	0.0	2e-05	2e-05	4e-05	8e-05	6e-05	6e-05	4e-05	0.0001	4e-05	8e-05	4e-05	6e-05	4e-05	0.00012	0.00016	0.00014	0.00018	0.00014	0.00016	0.00018	0.00024	0.00022	0.00024	0.00056	0.00072	0.00074	0.00144	0.00264	0.00366	0.00672	0.0092	0.01504	0.0201	0.0291	0.0366	0.04206	0.0444	0.04346	0.03872	0.03212	0.02444	0.018	0.0109	0.00658	0.00378	0.0022	0.00134	0.00066	0.0003	0.00014	0.00016	6e-05	2e-05	0.0	0.0	0.0	0.0	0.0	0.0	
0.004298  3000.0  3500.0  0.0	0.0	2e-05	0.0	2e-05	0.0	0.0	0.0	0.0	0.0	0.0	0.0	2e-05	0.0	0.0	0.0	0.0	0.0	2e-05	0.0	2e-05	4e-05	0.0	2e-05	0.0	0.0	0.0	0.0	0.0	0.0	0.0	2e-05	4e-05	0.0	0.0	0.0	2e-05	0.0	2e-05	4e-05	0.0	6e-05	2e-05	4e-05	2e-05	4e-05	4e-05	6e-05	2e-05	2e-05	8e-05	4e-05	6e-05	2e-05	8e-05	8e-05	0.0001	0.00014	8e-05	0.0001	0.0002	0.00014	0.00014	0.00026	0.00034	0.00052	0.0006	0.0008	0.00098	0.0018	0.00182	0.0049	0.0067	0.01072	0.01408	0.02038	0.0259	0.03094	0.0362	0.03808	0.038	0.03594	0.03186	0.02552	0.0192	0.01508	0.01016	0.00728	0.0044	0.0026	0.0017	0.00086	0.0004	0.00022	0.00014	0.0001	2e-05	8e-05	2e-05	
0.001734  3500.0  4000.0  0.0	0.0	0.0	0.0	0.0	0.0	0.0	0.0	0.0	2e-05	2e-05	0.0	2e-05	0.0	0.0	0.0	0.0	2e-05	0.0	0.0	0.0	2e-05	0.0	2e-05	0.0	4e-05	2e-05	4e-05	0.0	2e-05	2e-05	0.0	2e-05	0.0	4e-05	4e-05	0.0	8e-05	2e-05	0.0	2e-05	4e-05	0.0	2e-05	4e-05	4e-05	2e-05	6e-05	2e-05	4e-05	8e-05	6e-05	0.0	0.00012	6e-05	6e-05	2e-05	8e-05	0.00012	8e-05	0.00014	0.0001	0.00016	0.00022	0.00022	0.00012	0.0002	0.00022	0.00038	0.0005	0.00064	0.00114	0.00136	0.00168	0.00338	0.00512	0.0069	0.01052	0.01512	0.01916	0.02378	0.02856	0.03264	0.03388	0.03372	0.03338	0.0291	0.02524	0.02002	0.01544	0.012	0.00832	0.00596	0.0039	0.00244	0.0015	0.00066	0.00058	0.00062	
0.001149  4000.0  15000.0  0.0	0.0	0.0	0.0	2e-05	0.0	0.0	0.0	0.0	0.0	2e-05	0.0	0.0	0.0	0.0	0.0	0.0	0.0	0.0	0.0	0.0	0.0	0.0	0.0	0.0	2e-05	2e-05	0.0	0.0	0.0	0.0	2e-05	4e-05	0.0	0.0	0.0	0.0	2e-05	0.0	6e-05	4e-05	2e-05	4e-05	0.0	2e-05	0.0	4e-05	6e-05	0.0	2e-05	2e-05	2e-05	0.0	2e-05	6e-05	8e-05	8e-05	8e-05	6e-05	0.0001	6e-05	4e-05	6e-05	2e-05	4e-05	6e-05	0.0001	0.00018	8e-05	0.00012	0.00018	0.00022	0.00036	0.00064	0.00076	0.00126	0.00164	0.00248	0.00336	0.00514	0.0058	0.00872	0.01188	0.01496	0.01672	0.0207	0.0232	0.0247	0.02484	0.02336	0.0232	0.02276	0.02088	0.0184	0.01498	0.01204	0.00998	0.0077	0.02752	
