#===============
# Ref : 1903.06248
# Experiment : ATLAS
# ll~ : mumu
# qq~ : bb~
# FF  : vector
# XY  : LR RL
# coef : 10
# type : Z*Reg
# Nevs : 50000
#===============
#
# XSEC	BIN_MIN	BIN_MAX 	 Kij 
# 225.0 232.51 240.271 248.291 256.579 265.143 273.994 283.139 292.59 302.357 312.449 322.878 333.656 344.793 356.302 368.195 380.485 393.185 406.309 419.872 433.887 448.369 463.336 478.801 494.783 511.299 528.365 546.002 564.227 583.06 602.522 622.634 643.417 664.894 687.087 710.022 733.722 758.213 783.521 809.674 836.7 864.629 893.489 923.313 954.133 985.981 1018.89 1052.9 1088.05 1124.36 1161.9 1200.68 1240.76 1282.17 1324.97 1369.2 1414.9 1462.13 1510.93 1561.36 1613.48 1667.34 1722.99 1780.5 1839.94 1901.35 1964.82 2030.4 2098.17 2168.21 2240.58 2315.37 2392.65 2472.52 2555.05 2640.34 2728.47 2819.54 2913.66 3010.91 3111.41 3215.27 3322.59 3433.5 3548.1 3666.54 3788.92 3915.39 4046.09 4181.14 4320.7 4464.92 4613.96 4767.97 4927.12 5091.58 5261.54 5437.16 5618.6 10000.0 
-0.093682  200.0  300.0  0.03338	0.03246	0.03342	0.03442	0.03154	0.03154	0.03118	0.03084	0.01738	0.00358	0.0003	2e-05	2e-05	0.0	0.0	0.0	0.0	0.0	0.0	0.0	0.0	0.0	0.0	0.0	0.0	0.0	0.0	0.0	0.0	0.0	0.0	0.0	0.0	0.0	0.0	0.0	0.0	0.0	0.0	0.0	0.0	0.0	0.0	0.0	0.0	0.0	0.0	0.0	0.0	0.0	0.0	0.0	0.0	0.0	0.0	0.0	0.0	0.0	0.0	0.0	0.0	0.0	0.0	0.0	0.0	0.0	0.0	0.0	0.0	0.0	0.0	0.0	0.0	0.0	0.0	0.0	0.0	0.0	0.0	0.0	0.0	0.0	0.0	0.0	0.0	0.0	0.0	0.0	0.0	0.0	0.0	0.0	0.0	0.0	0.0	0.0	0.0	0.0	0.0	
-0.06253  300.0  400.0  0.0003	0.00022	0.00054	0.00034	0.00052	0.00098	0.002	0.00578	0.02234	0.04308	0.048	0.0497	0.04956	0.04752	0.0478	0.04652	0.03932	0.02034	0.00432	0.0005	2e-05	0.0	0.0	0.0	0.0	0.0	0.0	0.0	0.0	0.0	0.0	0.0	0.0	0.0	0.0	0.0	0.0	0.0	0.0	0.0	0.0	0.0	0.0	0.0	0.0	0.0	0.0	0.0	0.0	0.0	0.0	0.0	0.0	0.0	0.0	0.0	0.0	0.0	0.0	0.0	0.0	0.0	0.0	0.0	0.0	0.0	0.0	0.0	0.0	0.0	0.0	0.0	0.0	0.0	0.0	0.0	0.0	0.0	0.0	0.0	0.0	0.0	0.0	0.0	0.0	0.0	0.0	0.0	0.0	0.0	0.0	0.0	0.0	0.0	0.0	0.0	0.0	0.0	0.0	
-0.044482  400.0  500.0  0.00018	0.0001	0.0001	0.0002	0.00022	0.00024	0.00032	0.00032	0.00028	0.0005	0.00054	0.0004	0.00072	0.0005	0.00186	0.00448	0.01244	0.03894	0.05902	0.06372	0.06348	0.05986	0.05736	0.0453	0.021	0.00454	0.00068	0.00014	4e-05	2e-05	0.0	0.0	0.0	0.0	0.0	0.0	0.0	0.0	0.0	0.0	0.0	0.0	0.0	0.0	0.0	0.0	0.0	0.0	0.0	0.0	0.0	0.0	0.0	0.0	0.0	0.0	0.0	0.0	0.0	0.0	0.0	0.0	0.0	0.0	0.0	0.0	0.0	0.0	0.0	0.0	0.0	0.0	0.0	0.0	0.0	0.0	0.0	0.0	0.0	0.0	0.0	0.0	0.0	0.0	0.0	0.0	0.0	0.0	0.0	0.0	0.0	0.0	0.0	0.0	0.0	0.0	0.0	0.0	0.0	
-0.032548  500.0  600.0  6e-05	6e-05	0.0	6e-05	6e-05	8e-05	0.00012	0.00012	0.00016	0.00016	0.00016	0.00014	0.00026	0.00032	0.00044	0.0003	0.00036	0.00064	0.00056	0.00076	0.00104	0.00278	0.00684	0.02188	0.05304	0.07622	0.07624	0.07246	0.06508	0.04448	0.01582	0.00312	0.00084	0.00024	2e-05	2e-05	0.0	0.0	0.0	0.0	0.0	0.0	0.0	0.0	2e-05	0.0	0.0	0.0	0.0	0.0	0.0	0.0	0.0	0.0	0.0	0.0	0.0	0.0	0.0	0.0	0.0	0.0	0.0	0.0	0.0	0.0	0.0	0.0	0.0	0.0	0.0	0.0	0.0	0.0	0.0	0.0	0.0	0.0	0.0	0.0	0.0	0.0	0.0	0.0	0.0	0.0	0.0	0.0	0.0	0.0	0.0	0.0	0.0	0.0	0.0	0.0	0.0	0.0	0.0	
-0.024302  600.0  700.0  6e-05	8e-05	2e-05	6e-05	6e-05	0.0001	6e-05	4e-05	0.00012	0.00014	2e-05	0.00012	0.00016	0.00016	0.00022	0.00014	0.00012	0.00034	0.00012	0.00026	0.0003	0.00036	0.00038	0.00066	0.00066	0.00108	0.00272	0.0062	0.01572	0.04338	0.07714	0.08664	0.0843	0.06826	0.03916	0.01348	0.00278	0.00076	0.00018	8e-05	0.0	0.0	0.0	0.0	0.0	0.0	0.0	0.0	0.0	0.0	0.0	0.0	0.0	0.0	0.0	0.0	0.0	0.0	0.0	0.0	0.0	0.0	0.0	0.0	0.0	0.0	0.0	0.0	0.0	0.0	0.0	0.0	0.0	0.0	0.0	0.0	0.0	0.0	0.0	0.0	0.0	0.0	0.0	0.0	0.0	0.0	0.0	0.0	0.0	0.0	0.0	0.0	0.0	0.0	0.0	0.0	0.0	0.0	0.0	
-0.018416  700.0  800.0  0.0	4e-05	4e-05	6e-05	4e-05	8e-05	0.00016	8e-05	8e-05	6e-05	0.00014	0.0002	0.00018	0.0001	0.00024	0.00012	0.00014	4e-05	0.0002	0.00026	0.00014	0.00016	0.0003	0.00022	0.00036	0.00036	0.0005	0.00056	0.0006	0.00064	0.00146	0.00416	0.01136	0.02822	0.05942	0.09142	0.09358	0.079	0.04736	0.0194	0.00552	0.00136	0.00036	0.00012	4e-05	2e-05	0.0	0.0	0.0	0.0	0.0	0.0	0.0	0.0	0.0	0.0	0.0	0.0	0.0	0.0	0.0	0.0	0.0	0.0	0.0	0.0	0.0	0.0	0.0	0.0	0.0	0.0	0.0	0.0	0.0	0.0	0.0	0.0	0.0	0.0	0.0	0.0	0.0	0.0	0.0	0.0	0.0	0.0	0.0	0.0	0.0	0.0	0.0	0.0	0.0	0.0	0.0	0.0	0.0	
-0.014102  800.0  900.0  0.0	0.0	2e-05	2e-05	4e-05	2e-05	0.0001	0.0001	8e-05	4e-05	2e-05	6e-05	8e-05	0.0001	2e-05	8e-05	6e-05	6e-05	8e-05	4e-05	0.00022	2e-05	0.00016	0.00012	0.00018	0.0002	0.00022	0.00032	0.00026	0.00034	0.00042	0.0007	0.00112	0.00106	0.00224	0.00472	0.01274	0.03212	0.0666	0.09354	0.0967	0.0728	0.04104	0.0149	0.00452	0.0012	0.00036	0.00014	4e-05	2e-05	0.0	0.0	0.0	0.0	0.0	0.0	0.0	0.0	0.0	0.0	0.0	0.0	0.0	0.0	0.0	0.0	0.0	0.0	0.0	0.0	0.0	0.0	0.0	0.0	0.0	0.0	0.0	0.0	0.0	0.0	0.0	0.0	0.0	0.0	0.0	0.0	0.0	0.0	0.0	0.0	0.0	0.0	0.0	0.0	0.0	0.0	0.0	0.0	0.0	
-0.010914  900.0  1000.0  2e-05	2e-05	6e-05	4e-05	2e-05	2e-05	4e-05	4e-05	4e-05	2e-05	6e-05	2e-05	2e-05	4e-05	6e-05	4e-05	0.00012	0.0001	8e-05	0.0001	0.00014	0.0001	6e-05	8e-05	8e-05	0.00018	0.0002	0.00018	0.00022	0.00022	0.00036	0.00038	0.00038	0.00046	0.00082	0.0008	0.00102	0.00184	0.00386	0.0097	0.02334	0.04912	0.0834	0.0999	0.08602	0.04988	0.02284	0.00708	0.00234	0.00074	0.00038	4e-05	2e-05	0.0	0.0	0.0	0.0	0.0	0.0	0.0	0.0	0.0	0.0	0.0	0.0	0.0	0.0	0.0	0.0	0.0	0.0	0.0	0.0	0.0	0.0	0.0	0.0	0.0	0.0	0.0	0.0	0.0	0.0	0.0	0.0	0.0	0.0	0.0	0.0	0.0	0.0	0.0	0.0	0.0	0.0	0.0	0.0	0.0	0.0	
-0.015198  1000.0  1200.0  0.0	2e-05	0.0	2e-05	0.0	0.0	0.0	4e-05	6e-05	4e-05	8e-05	0.0	4e-05	0.0	4e-05	0.00012	6e-05	8e-05	8e-05	8e-05	6e-05	8e-05	4e-05	0.00014	0.00012	0.00012	8e-05	0.00018	0.00012	0.0002	0.00014	0.0001	0.00016	0.00026	0.00022	0.00016	0.00048	0.00054	0.0006	0.00082	0.00128	0.00262	0.00568	0.01456	0.03016	0.05072	0.06664	0.07404	0.06916	0.0549	0.03834	0.0218	0.00938	0.00352	0.0012	0.00032	0.0001	6e-05	8e-05	0.0	2e-05	0.0	0.0	0.0	0.0	0.0	0.0	0.0	0.0	0.0	0.0	0.0	0.0	0.0	0.0	0.0	0.0	0.0	0.0	0.0	0.0	0.0	0.0	0.0	0.0	0.0	0.0	0.0	0.0	0.0	0.0	0.0	0.0	0.0	0.0	0.0	0.0	0.0	0.0	
-0.009476  1200.0  1400.0  0.0	2e-05	0.0	0.0	0.0	0.0	2e-05	2e-05	0.0	0.0	2e-05	2e-05	0.0	0.0	2e-05	4e-05	8e-05	0.00014	0.0	6e-05	6e-05	4e-05	4e-05	6e-05	2e-05	0.0	4e-05	8e-05	8e-05	0.0001	8e-05	6e-05	8e-05	0.0001	0.00016	0.0002	0.00022	0.00034	0.00024	0.00034	0.00034	0.00028	0.00052	0.00052	0.00082	0.00158	0.00288	0.00628	0.01224	0.02638	0.0468	0.06614	0.07464	0.0701	0.0563	0.03872	0.02212	0.00944	0.00438	0.00148	0.00038	0.00032	8e-05	2e-05	2e-05	0.0	0.0	2e-05	0.0	0.0	0.0	0.0	0.0	0.0	0.0	0.0	0.0	0.0	0.0	0.0	0.0	0.0	0.0	0.0	0.0	0.0	0.0	0.0	0.0	0.0	0.0	0.0	0.0	0.0	0.0	0.0	0.0	0.0	0.0	
-0.006024  1400.0  1600.0  0.0	0.0	0.0	0.0	0.0	0.0	0.0	0.0	0.0	0.0	0.0	0.0	0.0	0.0	2e-05	0.0	2e-05	4e-05	6e-05	2e-05	2e-05	4e-05	0.0	4e-05	0.00014	4e-05	6e-05	2e-05	8e-05	8e-05	4e-05	8e-05	0.0001	4e-05	6e-05	0.0001	8e-05	0.00016	0.00012	6e-05	0.0004	0.0002	0.00022	0.0003	0.0003	0.0004	0.0005	0.0007	0.00068	0.00118	0.00252	0.00498	0.01008	0.02078	0.03654	0.05466	0.07016	0.07134	0.06356	0.04484	0.02702	0.01494	0.0068	0.00256	0.00114	0.00036	0.00016	8e-05	2e-05	4e-05	0.0	0.0	0.0	0.0	0.0	0.0	0.0	0.0	0.0	0.0	0.0	0.0	0.0	0.0	0.0	0.0	0.0	0.0	0.0	0.0	0.0	0.0	0.0	0.0	0.0	0.0	0.0	0.0	0.0	
-0.003892  1600.0  1800.0  0.0	0.0	2e-05	0.0	2e-05	2e-05	0.0	0.0	4e-05	2e-05	2e-05	2e-05	4e-05	2e-05	2e-05	2e-05	4e-05	4e-05	4e-05	2e-05	6e-05	6e-05	2e-05	4e-05	0.0	8e-05	2e-05	2e-05	0.0	2e-05	0.0	0.0001	4e-05	6e-05	8e-05	8e-05	8e-05	6e-05	6e-05	0.00014	0.0001	0.00016	0.00014	0.00012	0.00012	0.00016	0.00014	0.00024	0.00026	0.00032	0.00056	0.00062	0.00096	0.00212	0.00354	0.00684	0.0141	0.0249	0.04028	0.05706	0.06932	0.0681	0.05898	0.041	0.02478	0.0122	0.00608	0.0027	0.00082	0.00054	0.00016	0.00014	2e-05	0.0	0.0	2e-05	0.0	0.0	0.0	0.0	0.0	0.0	0.0	0.0	0.0	0.0	0.0	0.0	0.0	0.0	0.0	0.0	0.0	0.0	0.0	0.0	0.0	0.0	0.0	
-0.002544  1800.0  2000.0  0.0	2e-05	0.0	0.0	0.0	0.0	0.0	0.0	0.0	0.0	0.0	0.0	0.0	2e-05	0.0	4e-05	4e-05	2e-05	2e-05	0.0	0.0	0.0	0.0	4e-05	2e-05	4e-05	2e-05	2e-05	8e-05	4e-05	2e-05	8e-05	6e-05	4e-05	6e-05	0.0001	2e-05	8e-05	6e-05	6e-05	0.0001	6e-05	0.00012	0.00022	4e-05	0.0003	0.00016	0.00022	0.00018	0.00018	0.00034	0.00034	0.00032	0.00056	0.0006	0.0011	0.00162	0.0032	0.0063	0.0106	0.02042	0.03482	0.0489	0.06168	0.06604	0.05848	0.04542	0.0311	0.01884	0.00946	0.00452	0.00224	0.00102	0.00046	0.00016	0.0001	4e-05	2e-05	2e-05	0.0	0.0	0.0	0.0	0.0	0.0	0.0	0.0	0.0	0.0	0.0	0.0	0.0	0.0	0.0	0.0	0.0	0.0	0.0	0.0	
-0.002003  2000.0  2250.0  0.0	0.0	0.0	0.0	0.0	0.0	0.0	0.0	0.0	0.0	2e-05	0.0	0.0	0.0	2e-05	2e-05	4e-05	0.0	4e-05	4e-05	6e-05	2e-05	0.0	4e-05	4e-05	2e-05	6e-05	2e-05	0.0	0.0	6e-05	6e-05	4e-05	4e-05	4e-05	0.0001	6e-05	8e-05	4e-05	0.0001	0.00012	0.0001	8e-05	0.00012	4e-05	0.00014	4e-05	0.00016	6e-05	0.00016	0.00022	0.00018	0.00032	0.00024	0.00032	0.0003	0.00048	0.00086	0.0013	0.00208	0.00308	0.00646	0.0116	0.01908	0.0319	0.04316	0.05424	0.05892	0.05632	0.0455	0.03444	0.0234	0.01262	0.00716	0.00392	0.00178	0.00074	0.0004	0.0002	0.00014	6e-05	8e-05	2e-05	0.0	0.0	0.0	0.0	0.0	0.0	0.0	0.0	0.0	0.0	0.0	0.0	0.0	0.0	0.0	0.0	
-0.001206  2250.0  2500.0  0.0	0.0	0.0	0.0	0.0	0.0	0.0	0.0	0.0	0.0	0.0	4e-05	0.0	2e-05	0.0	0.0	2e-05	0.0	0.0	0.0	0.0	6e-05	0.0	0.0	2e-05	4e-05	0.0	0.0	4e-05	2e-05	2e-05	8e-05	4e-05	2e-05	4e-05	6e-05	8e-05	0.0	4e-05	4e-05	4e-05	4e-05	0.0002	8e-05	0.0001	8e-05	0.00012	8e-05	0.00014	6e-05	8e-05	0.0002	0.00018	0.00026	0.00014	0.00034	0.0002	0.00028	0.00048	0.00052	0.00056	0.00118	0.00218	0.00386	0.0062	0.01046	0.01754	0.02646	0.03784	0.0471	0.05266	0.05388	0.04528	0.03772	0.02874	0.01792	0.01068	0.00586	0.00288	0.00138	0.00084	0.00042	0.00014	0.0001	8e-05	0.0	0.0	0.0	0.0	0.0	0.0	0.0	0.0	0.0	0.0	0.0	0.0	0.0	0.0	
-0.000732  2500.0  2750.0  0.0	0.0	0.0	0.0	0.0	0.0	0.0	0.0	0.0	2e-05	2e-05	0.0	0.0	2e-05	2e-05	0.0	2e-05	2e-05	0.0	0.0	2e-05	0.0	2e-05	6e-05	2e-05	0.0	0.0	2e-05	4e-05	2e-05	2e-05	2e-05	2e-05	0.0	4e-05	0.0	6e-05	4e-05	6e-05	4e-05	0.0001	2e-05	0.0001	6e-05	2e-05	6e-05	6e-05	0.0001	0.0001	8e-05	0.0	4e-05	0.00016	0.0001	0.00018	0.00012	0.00012	0.00024	0.00022	0.00034	0.00026	0.00038	0.00094	0.001	0.00168	0.00232	0.00478	0.00734	0.01134	0.01932	0.02748	0.03582	0.0442	0.04846	0.05014	0.04258	0.0357	0.02738	0.01918	0.01158	0.00706	0.0036	0.00182	0.00104	0.0006	0.00026	0.00012	4e-05	4e-05	0.0	0.0	0.0	2e-05	0.0	0.0	0.0	0.0	0.0	0.0	
-0.000446  2750.0  3000.0  0.0	0.0	0.0	0.0	0.0	0.0	2e-05	0.0	2e-05	0.0	4e-05	0.0	0.0	0.0	0.0	0.0	2e-05	0.0	0.0	0.0	2e-05	0.0	0.0	2e-05	0.0	0.0	2e-05	6e-05	0.0	2e-05	4e-05	2e-05	0.0	6e-05	4e-05	0.0	4e-05	0.0	0.0001	2e-05	8e-05	2e-05	2e-05	2e-05	6e-05	0.0	4e-05	0.00014	2e-05	6e-05	6e-05	4e-05	8e-05	0.00018	0.00012	8e-05	0.00014	0.00012	0.00014	0.00034	0.00014	0.00028	0.00044	0.0004	0.0007	0.00092	0.00162	0.00236	0.00332	0.00608	0.00968	0.01458	0.02156	0.02874	0.03776	0.04328	0.04606	0.04468	0.03918	0.03304	0.02356	0.01796	0.01144	0.0072	0.00342	0.0024	0.00108	0.00044	0.0003	0.00024	0.0001	6e-05	2e-05	0.0	0.0	0.0	0.0	0.0	0.0	
-0.000441  3000.0  3500.0  0.0	0.0	0.0	0.0	0.0	0.0	0.0	0.0	0.0	0.0	2e-05	0.0	0.0	0.0	0.0	0.0	0.0	0.0	0.0	0.0	0.0	0.0	2e-05	0.0	0.0	0.0	2e-05	2e-05	0.0	0.0	0.0	4e-05	0.0	2e-05	0.0	0.0	0.0	6e-05	0.00012	0.0	2e-05	0.0	2e-05	0.0	4e-05	2e-05	4e-05	2e-05	8e-05	4e-05	2e-05	0.00018	8e-05	0.0	6e-05	8e-05	0.00012	0.0001	0.00012	0.00014	0.0002	0.00012	0.00018	0.00038	0.00022	0.00058	0.00058	0.0005	0.00112	0.00156	0.00212	0.0041	0.007	0.00996	0.0139	0.0202	0.02538	0.03098	0.03678	0.03992	0.03798	0.03682	0.03188	0.02552	0.01896	0.0145	0.01034	0.0067	0.00426	0.00238	0.00136	0.00072	0.00054	0.00034	0.00026	0.0001	8e-05	0.0	0.0	
-0.000166  3500.0  4000.0  0.0	0.0	0.0	0.0	0.0	0.0	0.0	0.0	0.0	0.0	2e-05	0.0	0.0	0.0	0.0	2e-05	2e-05	4e-05	0.0	0.0	0.0	0.0	0.0	0.0	0.0	2e-05	0.0	4e-05	0.0	0.0	0.0	2e-05	2e-05	0.0	0.0	2e-05	4e-05	2e-05	2e-05	2e-05	2e-05	4e-05	0.0	2e-05	2e-05	2e-05	0.0	4e-05	4e-05	8e-05	4e-05	8e-05	8e-05	4e-05	0.00016	2e-05	4e-05	4e-05	0.00014	4e-05	2e-05	8e-05	0.00018	0.00014	0.00016	0.00022	0.00024	0.00024	0.00034	0.00062	0.00054	0.00084	0.0017	0.00208	0.00348	0.00492	0.00738	0.0109	0.01414	0.01816	0.02232	0.0277	0.03084	0.03302	0.03436	0.03244	0.03026	0.02396	0.02096	0.01562	0.01158	0.00824	0.00526	0.00374	0.00226	0.0015	0.00068	0.00048	0.00072	
-9.7e-05  4000.0  15000.0  0.0	0.0	0.0	0.0	0.0	0.0	0.0	0.0	0.0	0.0	0.0	2e-05	0.0	0.0	2e-05	0.0	2e-05	0.0	0.0	0.0	0.0	0.0	0.0	0.0	0.0	2e-05	0.0	0.0	0.0	0.0	0.0	0.0	2e-05	2e-05	6e-05	0.0	2e-05	0.0	2e-05	0.0	2e-05	0.0	0.0	0.0	0.0	0.0	6e-05	2e-05	2e-05	2e-05	8e-05	2e-05	2e-05	6e-05	4e-05	4e-05	2e-05	0.0	4e-05	8e-05	6e-05	0.00012	0.0001	8e-05	0.00012	8e-05	0.00012	0.00014	0.00024	0.0002	0.00028	0.00034	0.00032	0.00068	0.0007	0.0011	0.00162	0.00236	0.0039	0.00524	0.00736	0.00956	0.0123	0.01554	0.01698	0.02112	0.02224	0.02554	0.02544	0.02418	0.02492	0.02332	0.01902	0.01772	0.01484	0.01196	0.00936	0.00718	0.02364	
