#===============
# Ref : 1903.06248
# Experiment : ATLAS
# ll~ : mumu
# qq~ : dd~
# FF  : dipole
# XY  : LL LR RL RR
# coef : 00
# type : Z*Z
# Nevs : 50000
#===============
#
# XSEC	BIN_MIN	BIN_MAX 	 Kij 
# 225.0 232.51 240.271 248.291 256.579 265.143 273.994 283.139 292.59 302.357 312.449 322.878 333.656 344.793 356.302 368.195 380.485 393.185 406.309 419.872 433.887 448.369 463.336 478.801 494.783 511.299 528.365 546.002 564.227 583.06 602.522 622.634 643.417 664.894 687.087 710.022 733.722 758.213 783.521 809.674 836.7 864.629 893.489 923.313 954.133 985.981 1018.89 1052.9 1088.05 1124.36 1161.9 1200.68 1240.76 1282.17 1324.97 1369.2 1414.9 1462.13 1510.93 1561.36 1613.48 1667.34 1722.99 1780.5 1839.94 1901.35 1964.82 2030.4 2098.17 2168.21 2240.58 2315.37 2392.65 2472.52 2555.05 2640.34 2728.47 2819.54 2913.66 3010.91 3111.41 3215.27 3322.59 3433.5 3548.1 3666.54 3788.92 3915.39 4046.09 4181.14 4320.7 4464.92 4613.96 4767.97 4927.12 5091.58 5261.54 5437.16 5618.6 10000.0 
20.614  200.0  300.0  0.03548	0.03332	0.02992	0.03198	0.02816	0.0261	0.02436	0.02152	0.01272	0.00324	0.0005	0.0001	0.0	0.0	0.0	0.0	0.0	0.0	0.0	0.0	0.0	0.0	0.0	0.0	0.0	0.0	0.0	0.0	0.0	0.0	0.0	0.0	0.0	0.0	0.0	0.0	0.0	0.0	0.0	0.0	0.0	0.0	0.0	0.0	0.0	0.0	0.0	0.0	0.0	0.0	0.0	0.0	0.0	0.0	0.0	0.0	0.0	0.0	0.0	0.0	0.0	0.0	0.0	0.0	0.0	0.0	0.0	0.0	0.0	0.0	0.0	0.0	0.0	0.0	0.0	0.0	0.0	0.0	0.0	0.0	0.0	0.0	0.0	0.0	0.0	0.0	0.0	0.0	0.0	0.0	0.0	0.0	0.0	0.0	0.0	0.0	0.0	0.0	0.0	
7.8174  300.0  400.0  0.00028	0.0003	0.0003	0.00052	0.00052	0.00112	0.00268	0.00744	0.02582	0.05076	0.05426	0.05392	0.04842	0.0477	0.04648	0.04004	0.03458	0.01774	0.00418	0.00088	8e-05	0.0	0.0	2e-05	0.0	0.0	0.0	0.0	0.0	0.0	0.0	0.0	0.0	0.0	0.0	0.0	0.0	0.0	0.0	0.0	0.0	0.0	0.0	0.0	0.0	0.0	0.0	0.0	0.0	0.0	0.0	0.0	0.0	0.0	0.0	0.0	0.0	0.0	0.0	0.0	0.0	0.0	0.0	0.0	0.0	0.0	0.0	0.0	0.0	0.0	0.0	0.0	0.0	0.0	0.0	0.0	0.0	0.0	0.0	0.0	0.0	0.0	0.0	0.0	0.0	0.0	0.0	0.0	0.0	0.0	0.0	0.0	0.0	0.0	0.0	0.0	0.0	0.0	0.0	
3.9428  400.0  500.0  0.00012	6e-05	8e-05	0.0001	0.00012	8e-05	0.00018	0.0002	0.00034	0.00036	0.00042	0.00036	0.00054	0.0011	0.00234	0.00546	0.01514	0.04254	0.06416	0.07024	0.06292	0.06248	0.05486	0.04252	0.0199	0.00486	0.00122	0.00042	2e-05	2e-05	0.0	0.0	0.0	0.0	0.0	0.0	0.0	0.0	0.0	0.0	0.0	0.0	0.0	0.0	0.0	0.0	0.0	0.0	0.0	0.0	0.0	0.0	0.0	0.0	0.0	0.0	0.0	0.0	0.0	0.0	0.0	0.0	0.0	0.0	0.0	0.0	0.0	0.0	0.0	0.0	0.0	0.0	0.0	0.0	0.0	0.0	0.0	0.0	0.0	0.0	0.0	0.0	0.0	0.0	0.0	0.0	0.0	0.0	0.0	0.0	0.0	0.0	0.0	0.0	0.0	0.0	0.0	0.0	0.0	
2.2762  500.0  600.0  4e-05	8e-05	0.0001	0.0001	0.0001	8e-05	8e-05	0.00014	0.00016	0.0001	0.0002	8e-05	0.00032	0.00024	0.00038	0.00044	0.00038	0.00054	0.00076	0.00098	0.00176	0.00348	0.00966	0.02668	0.05998	0.07928	0.0818	0.0756	0.06302	0.04052	0.01658	0.00472	0.00112	0.00028	0.0001	2e-05	0.0	0.0	0.0	0.0	0.0	0.0	0.0	0.0	0.0	0.0	0.0	0.0	0.0	0.0	0.0	0.0	0.0	0.0	0.0	0.0	0.0	0.0	0.0	0.0	0.0	0.0	0.0	0.0	0.0	0.0	0.0	0.0	0.0	0.0	0.0	0.0	0.0	0.0	0.0	0.0	0.0	0.0	0.0	0.0	0.0	0.0	0.0	0.0	0.0	0.0	0.0	0.0	0.0	0.0	0.0	0.0	0.0	0.0	0.0	0.0	0.0	0.0	0.0	
1.42608  600.0  700.0  6e-05	4e-05	8e-05	6e-05	4e-05	8e-05	6e-05	0.0001	4e-05	0.00012	0.00012	0.0001	8e-05	0.00018	0.00012	8e-05	0.00024	0.0002	0.00028	0.00032	0.00026	0.00032	0.00058	0.00054	0.00084	0.00146	0.0032	0.00836	0.0198	0.04954	0.08258	0.09164	0.08532	0.06862	0.04082	0.01564	0.00474	0.00156	0.00048	0.00022	6e-05	0.0	0.0	0.0	0.0	0.0	0.0	0.0	0.0	0.0	0.0	0.0	0.0	0.0	0.0	0.0	0.0	0.0	0.0	0.0	0.0	0.0	0.0	0.0	0.0	0.0	0.0	0.0	0.0	0.0	0.0	0.0	0.0	0.0	0.0	0.0	0.0	0.0	0.0	0.0	0.0	0.0	0.0	0.0	0.0	0.0	0.0	0.0	0.0	0.0	0.0	0.0	0.0	0.0	0.0	0.0	0.0	0.0	0.0	
0.94286  700.0  800.0  6e-05	6e-05	6e-05	2e-05	8e-05	4e-05	4e-05	0.0001	6e-05	8e-05	6e-05	0.00012	0.00014	8e-05	6e-05	6e-05	0.00012	0.00016	0.0001	0.0001	0.00016	0.00024	0.0003	0.00028	0.00024	0.00038	0.00044	0.00056	0.0009	0.0014	0.00236	0.00586	0.01504	0.03334	0.06662	0.0951	0.09544	0.07784	0.04966	0.0214	0.00652	0.002	0.001	0.00024	0.0001	4e-05	0.0	2e-05	0.0	0.0	0.0	0.0	0.0	0.0	0.0	0.0	0.0	0.0	0.0	0.0	0.0	0.0	0.0	0.0	0.0	0.0	0.0	0.0	0.0	0.0	0.0	0.0	0.0	0.0	0.0	0.0	0.0	0.0	0.0	0.0	0.0	0.0	0.0	0.0	0.0	0.0	0.0	0.0	0.0	0.0	0.0	0.0	0.0	0.0	0.0	0.0	0.0	0.0	0.0	
0.64846  800.0  900.0  2e-05	4e-05	4e-05	0.0	2e-05	6e-05	4e-05	0.0001	6e-05	6e-05	8e-05	0.0001	6e-05	6e-05	0.0001	0.00012	4e-05	6e-05	8e-05	0.0001	8e-05	0.00016	0.00026	0.00016	0.00022	0.0002	0.00016	0.00022	0.0003	0.0004	0.00054	0.00058	0.00106	0.00136	0.00334	0.00732	0.01572	0.03452	0.06958	0.09878	0.0996	0.07588	0.04204	0.01666	0.0061	0.00216	0.00082	0.00046	0.0001	6e-05	0.0	0.0	2e-05	0.0	0.0	0.0	0.0	0.0	0.0	0.0	0.0	0.0	0.0	0.0	0.0	0.0	0.0	0.0	0.0	0.0	0.0	0.0	0.0	0.0	0.0	0.0	0.0	0.0	0.0	0.0	0.0	0.0	0.0	0.0	0.0	0.0	0.0	0.0	0.0	0.0	0.0	0.0	0.0	0.0	0.0	0.0	0.0	0.0	0.0	
0.45944  900.0  1000.0  0.0	0.0	2e-05	0.0	4e-05	6e-05	2e-05	4e-05	4e-05	2e-05	0.0	4e-05	0.0001	2e-05	6e-05	8e-05	6e-05	0.00014	6e-05	0.00014	6e-05	0.00012	8e-05	0.00016	0.00014	0.00014	0.0001	0.00014	0.00016	0.00018	0.0002	0.00036	0.00044	0.0004	0.00058	0.00074	0.00112	0.00262	0.00592	0.01228	0.02736	0.05312	0.08828	0.10284	0.08436	0.05478	0.02436	0.00932	0.0032	0.00118	0.00064	0.00014	6e-05	6e-05	6e-05	0.0	0.0	0.0	0.0	0.0	0.0	0.0	0.0	0.0	0.0	0.0	0.0	0.0	0.0	0.0	0.0	0.0	0.0	0.0	0.0	0.0	0.0	0.0	0.0	0.0	0.0	0.0	0.0	0.0	0.0	0.0	0.0	0.0	0.0	0.0	0.0	0.0	0.0	0.0	0.0	0.0	0.0	0.0	0.0	
0.5785  1000.0  1200.0  2e-05	0.0	0.0	4e-05	4e-05	2e-05	0.0	2e-05	0.0	4e-05	2e-05	0.0	6e-05	8e-05	2e-05	6e-05	6e-05	4e-05	0.0001	6e-05	4e-05	6e-05	0.0001	8e-05	0.00012	0.0001	0.00016	8e-05	0.00018	0.00014	0.00012	0.00018	0.00012	0.00022	0.0002	0.0003	0.00038	0.00042	0.00062	0.0014	0.00184	0.0035	0.00768	0.01648	0.03306	0.05544	0.07186	0.07426	0.0696	0.05442	0.03958	0.02242	0.0098	0.00444	0.00156	0.00064	0.00038	8e-05	2e-05	6e-05	0.0	2e-05	0.0	0.0	0.0	0.0	0.0	0.0	0.0	0.0	0.0	0.0	0.0	0.0	0.0	0.0	0.0	0.0	0.0	0.0	0.0	0.0	0.0	0.0	0.0	0.0	0.0	0.0	0.0	0.0	0.0	0.0	0.0	0.0	0.0	0.0	0.0	0.0	0.0	
0.32348  1200.0  1400.0  0.0	2e-05	0.0	0.0	0.0	0.0	2e-05	2e-05	4e-05	2e-05	0.0	4e-05	4e-05	2e-05	6e-05	6e-05	2e-05	4e-05	4e-05	0.0	2e-05	2e-05	0.0001	4e-05	0.00014	6e-05	0.0001	8e-05	0.00016	8e-05	0.00012	0.00012	0.0001	0.00016	0.0001	0.00012	0.00022	0.00018	0.00024	0.00018	0.00038	0.00048	0.0005	0.0007	0.0014	0.0022	0.00354	0.00786	0.0143	0.02812	0.05036	0.0673	0.0784	0.07276	0.0573	0.03838	0.02264	0.01094	0.00456	0.00206	0.00086	0.00046	0.00012	0.00012	4e-05	0.0	0.0	2e-05	0.0	0.0	0.0	0.0	0.0	0.0	0.0	0.0	0.0	0.0	0.0	0.0	0.0	0.0	0.0	0.0	0.0	0.0	0.0	0.0	0.0	0.0	0.0	0.0	0.0	0.0	0.0	0.0	0.0	0.0	0.0	
0.189238  1400.0  1600.0  0.0	0.0	2e-05	0.0	0.0	0.0	0.0	4e-05	2e-05	0.0	0.0	2e-05	2e-05	0.0	2e-05	6e-05	4e-05	2e-05	4e-05	6e-05	0.0	4e-05	6e-05	2e-05	8e-05	8e-05	2e-05	8e-05	0.0001	6e-05	0.0001	4e-05	0.0	0.00012	8e-05	8e-05	0.00012	0.00012	0.00016	0.0002	0.00018	0.00014	0.00024	0.00036	0.00036	0.0003	0.0005	0.0009	0.0012	0.00184	0.00348	0.00592	0.0119	0.02376	0.0399	0.058	0.0726	0.07134	0.06298	0.04558	0.0296	0.0159	0.00682	0.00338	0.0019	0.00052	0.0004	0.00022	4e-05	0.0	2e-05	0.0	0.0	0.0	0.0	0.0	0.0	0.0	0.0	0.0	0.0	0.0	0.0	0.0	0.0	0.0	0.0	0.0	0.0	0.0	0.0	0.0	0.0	0.0	0.0	0.0	0.0	0.0	0.0	
0.114076  1600.0  1800.0  0.0	0.0	0.0	2e-05	2e-05	2e-05	0.0	2e-05	0.0	0.0	2e-05	0.0	6e-05	4e-05	2e-05	2e-05	4e-05	4e-05	2e-05	0.0	6e-05	0.0	6e-05	6e-05	4e-05	4e-05	2e-05	4e-05	2e-05	4e-05	6e-05	6e-05	0.0001	0.00016	4e-05	8e-05	0.0001	4e-05	0.0001	0.00012	8e-05	8e-05	8e-05	0.00014	0.00016	0.00024	6e-05	0.00034	0.0003	0.00036	0.00054	0.00104	0.0016	0.00226	0.0043	0.00808	0.01548	0.02748	0.04266	0.05884	0.06654	0.06606	0.0574	0.042	0.02486	0.01462	0.00668	0.00356	0.00172	0.00072	0.00034	6e-05	6e-05	6e-05	4e-05	0.0	0.0	0.0	0.0	0.0	0.0	0.0	0.0	0.0	0.0	0.0	0.0	0.0	0.0	0.0	0.0	0.0	0.0	0.0	0.0	0.0	0.0	0.0	0.0	
0.070276  1800.0  2000.0  0.0	0.0	0.0	0.0	0.0	0.0	2e-05	0.0	0.0	0.0	2e-05	0.0	4e-05	0.0	2e-05	0.0	6e-05	4e-05	2e-05	2e-05	4e-05	2e-05	4e-05	0.0	6e-05	2e-05	6e-05	6e-05	6e-05	4e-05	6e-05	8e-05	4e-05	8e-05	0.00012	6e-05	0.0001	4e-05	8e-05	0.00016	8e-05	6e-05	0.00012	6e-05	0.00012	6e-05	0.00018	0.00014	0.00022	0.00038	0.00028	0.00032	0.00042	0.00054	0.001	0.0012	0.00196	0.00412	0.00744	0.01302	0.02324	0.03678	0.05216	0.06248	0.06408	0.05788	0.04556	0.0315	0.01824	0.01008	0.00506	0.0026	0.00116	0.00054	0.00026	0.00018	0.00012	6e-05	0.0	2e-05	0.0	0.0	0.0	0.0	0.0	0.0	0.0	0.0	0.0	0.0	0.0	0.0	0.0	0.0	0.0	0.0	0.0	0.0	0.0	
0.052096  2000.0  2250.0  0.0	0.0	0.0	0.0	0.0	0.0	0.0	0.0	0.0	0.0	2e-05	0.0	0.0	2e-05	0.0	0.0	0.0	0.0	0.0	2e-05	0.0	2e-05	2e-05	0.0	0.0	4e-05	6e-05	4e-05	2e-05	4e-05	2e-05	6e-05	2e-05	6e-05	4e-05	2e-05	8e-05	2e-05	6e-05	8e-05	4e-05	4e-05	0.0001	8e-05	0.00012	0.0002	0.0001	6e-05	0.00012	0.00012	0.00018	0.00022	0.00026	0.0003	0.0003	0.00038	0.00066	0.00118	0.00128	0.00278	0.00424	0.00766	0.0129	0.02138	0.03108	0.04472	0.05332	0.05844	0.05664	0.04742	0.03686	0.02288	0.01352	0.00798	0.0042	0.0021	0.0014	0.00024	0.00024	8e-05	6e-05	4e-05	0.0	0.0	0.0	0.0	0.0	0.0	0.0	0.0	0.0	0.0	0.0	0.0	0.0	0.0	0.0	0.0	0.0	
0.029368  2250.0  2500.0  0.0	0.0	2e-05	0.0	0.0	0.0	0.0	4e-05	0.0	0.0	0.0	0.0	0.0	0.0	2e-05	0.0	0.0	0.0	0.0	0.0	2e-05	0.0	0.0	0.0	0.0	2e-05	6e-05	2e-05	0.0	8e-05	4e-05	2e-05	2e-05	4e-05	8e-05	4e-05	2e-05	4e-05	4e-05	6e-05	0.0	4e-05	8e-05	0.0001	0.0001	0.0001	4e-05	6e-05	6e-05	0.00016	0.0002	0.00014	0.00016	0.00022	0.00022	0.00016	0.00014	0.0003	0.00044	0.00064	0.00092	0.0011	0.00258	0.00414	0.00776	0.01174	0.01852	0.0291	0.03836	0.0488	0.05462	0.05104	0.04608	0.03672	0.02694	0.018	0.01104	0.00638	0.00344	0.0016	0.00104	0.00048	0.00024	0.00014	6e-05	8e-05	0.0	0.0	0.0	0.0	0.0	0.0	0.0	0.0	0.0	0.0	0.0	0.0	0.0	
0.016703  2500.0  2750.0  0.0	0.0	0.0	0.0	0.0	0.0	0.0	0.0	0.0	2e-05	2e-05	0.0	0.0	0.0	0.0	2e-05	2e-05	2e-05	0.0	0.0	4e-05	2e-05	4e-05	0.0	6e-05	0.0	0.0	0.0	4e-05	2e-05	0.0	4e-05	0.0	2e-05	2e-05	0.0	4e-05	6e-05	8e-05	4e-05	4e-05	8e-05	2e-05	6e-05	0.00012	8e-05	8e-05	0.0002	4e-05	4e-05	6e-05	0.00018	0.00016	8e-05	8e-05	0.00014	0.00024	0.0003	0.00022	0.00034	0.00036	0.00064	0.00064	0.00118	0.00206	0.00298	0.00482	0.00822	0.01392	0.01834	0.02824	0.03658	0.04506	0.04796	0.04596	0.0439	0.0361	0.0273	0.01934	0.01156	0.00736	0.00426	0.00218	0.00178	0.00052	0.00038	0.00014	6e-05	6e-05	2e-05	2e-05	0.0	2e-05	0.0	0.0	0.0	0.0	0.0	0.0	
0.009526  2750.0  3000.0  0.0	0.0	0.0	0.0	0.0	0.0	0.0	0.0	0.0	0.0	0.0	0.0	0.0	0.0	0.0	0.0	0.0	2e-05	0.0	4e-05	2e-05	0.0	0.0	0.0	2e-05	0.0	6e-05	0.0	2e-05	2e-05	2e-05	2e-05	2e-05	0.0	6e-05	4e-05	4e-05	2e-05	4e-05	6e-05	0.0001	4e-05	8e-05	6e-05	6e-05	8e-05	2e-05	6e-05	6e-05	2e-05	4e-05	8e-05	0.0001	0.0	0.00012	8e-05	0.0002	0.00012	0.00022	0.00012	0.00022	0.0004	0.00044	0.0004	0.00062	0.001	0.00178	0.00262	0.00402	0.00648	0.01104	0.01604	0.02244	0.0293	0.03634	0.04262	0.04482	0.04396	0.03806	0.03212	0.02366	0.01788	0.011	0.00796	0.00408	0.0026	0.00128	0.00066	0.00042	0.00012	0.00012	8e-05	2e-05	2e-05	2e-05	4e-05	0.0	2e-05	0.0	
0.008524  3000.0  3500.0  0.0	0.0	0.0	0.0	0.0	0.0	0.0	0.0	0.0	0.0	0.0	0.0	0.0	0.0	0.0	2e-05	0.0	0.0	2e-05	0.0	2e-05	4e-05	2e-05	6e-05	0.0	2e-05	0.0	2e-05	4e-05	0.0	4e-05	8e-05	2e-05	2e-05	0.0	4e-05	4e-05	2e-05	4e-05	6e-05	2e-05	2e-05	6e-05	6e-05	2e-05	2e-05	2e-05	0.0001	0.0001	2e-05	4e-05	2e-05	8e-05	0.0001	4e-05	0.00012	6e-05	0.00016	0.00012	0.0001	0.0001	0.00016	0.00024	0.00026	0.00038	0.0003	0.00024	0.00078	0.00122	0.00238	0.00306	0.00488	0.00756	0.01148	0.01556	0.02098	0.0281	0.0318	0.037	0.03708	0.0366	0.03462	0.02982	0.02496	0.01804	0.01388	0.01008	0.00716	0.00452	0.00246	0.00162	0.0008	0.00048	0.00034	0.00026	6e-05	2e-05	2e-05	0.0	
0.002702  3500.0  4000.0  0.0	2e-05	0.0	0.0	0.0	0.0	0.0	0.0	0.0	2e-05	0.0	0.0	0.0	0.0	0.0	2e-05	0.0	0.0	0.0	0.0	0.0	0.0	0.0	2e-05	0.0	0.0	0.0	2e-05	2e-05	2e-05	2e-05	0.0	6e-05	4e-05	0.0	0.0	0.0	4e-05	4e-05	0.0	2e-05	0.0	8e-05	0.0	4e-05	4e-05	8e-05	4e-05	4e-05	4e-05	0.0	2e-05	8e-05	8e-05	0.00014	6e-05	8e-05	0.0001	0.0001	0.00012	4e-05	0.0001	8e-05	0.00012	4e-05	0.0002	0.00032	0.0002	0.00028	0.0006	0.0008	0.00174	0.0016	0.00232	0.0036	0.00534	0.008	0.01106	0.01492	0.0191	0.02242	0.02608	0.03058	0.03088	0.0324	0.03118	0.02796	0.02304	0.01868	0.01484	0.01194	0.00836	0.00576	0.004	0.00244	0.00154	0.00096	0.00056	0.00102	
0.001078  4000.0  15000.0  0.0	0.0	0.0	2e-05	0.0	0.0	0.0	0.0	0.0	0.0	0.0	0.0	0.0	0.0	0.0	0.0	0.0	0.0	0.0	0.0	0.0	0.0	0.0	0.0	0.0	0.0	0.0	0.0	0.0	0.0	0.0	2e-05	2e-05	0.0	0.0	0.0	0.0	2e-05	2e-05	0.0	0.0	8e-05	0.0	2e-05	0.0	2e-05	0.0	0.0	0.0	2e-05	2e-05	8e-05	2e-05	8e-05	6e-05	0.0	0.0001	4e-05	2e-05	0.0	0.0001	2e-05	0.00014	0.00014	8e-05	6e-05	0.00014	0.0001	0.00026	0.00034	0.00032	0.00034	0.00062	0.0006	0.00092	0.0018	0.00174	0.00294	0.00422	0.00542	0.00782	0.01036	0.01238	0.01574	0.01828	0.02064	0.02284	0.02498	0.0249	0.02458	0.02256	0.01988	0.01892	0.01644	0.01368	0.01156	0.00818	0.00676	0.02022	
