#===============
# ll~ : ee
# qq~ : dd~
# FF  : dipole
# XY  : LL LR RL RR
# coef : 0 0
# type : A*A
# Nevs : 50000
#===============
#
# XSEC	BIN_MIN	BIN_MAX 	 Kij 
#
42.572  200.0  300.0  0.00034	0.0005	0.00062	0.00112	0.00644	0.09452	0.08236	0.07142	0.06148	0.05004	0.00126	0.0	0.0	0.0	0.0	0.0	0.0	0.0	0.0	0.0	0.0	0.0	0.0	0.0	0.0	0.0	0.0	0.0	0.0	0.0	0.0	0.0	0.0	0.0	0.0	0.0	0.0	0.0	0.0	0.0	0.0	0.0	0.0	0.0	0.0	0.0	0.0	0.0	0.0	0.0	0.0	0.0	0.0	0.0	0.0	0.0	0.0	0.0	0.0	0.0	0.0	0.0	0.0	0.0	0.0	0.0	0.0	0.0	0.0	0.0	0.0	0.0	0.0	0.0	0.0	0.0	0.0	0.0	0.0	0.0	0.0	0.0	0.0	0.0	0.0	0.0	0.0	0.0	0.0	0.0	0.0	0.0	0.0	0.0	0.0	0.0	0.0	0.0	0.0	
19.2198  300.0  400.0  0.00012	0.00024	0.00014	0.00022	0.00014	0.00048	0.0007	0.00106	0.00164	0.00998	0.10276	0.09362	0.08104	0.07332	0.05632	0.00168	0.0	0.0	0.0	0.0	0.0	0.0	0.0	0.0	0.0	0.0	0.0	0.0	0.0	0.0	0.0	0.0	0.0	0.0	0.0	0.0	0.0	0.0	0.0	0.0	0.0	0.0	0.0	0.0	0.0	0.0	0.0	0.0	0.0	0.0	0.0	0.0	0.0	0.0	0.0	0.0	0.0	0.0	0.0	0.0	0.0	0.0	0.0	0.0	0.0	0.0	0.0	0.0	0.0	0.0	0.0	0.0	0.0	0.0	0.0	0.0	0.0	0.0	0.0	0.0	0.0	0.0	0.0	0.0	0.0	0.0	0.0	0.0	0.0	0.0	0.0	0.0	0.0	0.0	0.0	0.0	0.0	0.0	0.0	
10.3108  400.0  500.0  4e-05	6e-05	0.00016	0.00014	6e-05	0.00028	0.00022	0.00036	0.00042	0.00044	0.00062	0.00068	0.00132	0.00166	0.01158	0.10376	0.09552	0.08426	0.07434	0.06286	0.00212	0.0	0.0	0.0	0.0	0.0	0.0	0.0	0.0	0.0	0.0	0.0	0.0	0.0	0.0	0.0	0.0	0.0	0.0	0.0	0.0	0.0	0.0	0.0	0.0	0.0	0.0	0.0	0.0	0.0	0.0	0.0	0.0	0.0	0.0	0.0	0.0	0.0	0.0	0.0	0.0	0.0	0.0	0.0	0.0	0.0	0.0	0.0	0.0	0.0	0.0	0.0	0.0	0.0	0.0	0.0	0.0	0.0	0.0	0.0	0.0	0.0	0.0	0.0	0.0	0.0	0.0	0.0	0.0	0.0	0.0	0.0	0.0	0.0	0.0	0.0	0.0	0.0	0.0	
6.1364  500.0  600.0  0.0	2e-05	2e-05	0.0	2e-05	0.00016	0.00014	0.00014	0.00018	0.00018	0.0004	0.00042	0.0004	0.00052	0.00058	0.00068	0.00098	0.00132	0.00234	0.01316	0.10236	0.09694	0.08708	0.07856	0.0645	0.00268	0.0	0.0	0.0	0.0	0.0	0.0	0.0	0.0	0.0	0.0	0.0	0.0	0.0	0.0	0.0	0.0	0.0	0.0	0.0	0.0	0.0	0.0	0.0	0.0	0.0	0.0	0.0	0.0	0.0	0.0	0.0	0.0	0.0	0.0	0.0	0.0	0.0	0.0	0.0	0.0	0.0	0.0	0.0	0.0	0.0	0.0	0.0	0.0	0.0	0.0	0.0	0.0	0.0	0.0	0.0	0.0	0.0	0.0	0.0	0.0	0.0	0.0	0.0	0.0	0.0	0.0	0.0	0.0	0.0	0.0	0.0	0.0	0.0	
3.9086  600.0  700.0  0.0	2e-05	2e-05	4e-05	6e-05	0.0001	8e-05	0.00016	0.00016	4e-05	0.00012	0.00016	0.0002	0.00018	0.0003	0.00034	0.00038	0.00038	0.00062	0.00084	0.00062	0.00098	0.00122	0.00244	0.01346	0.14876	0.1335	0.11438	0.03202	0.0	0.0	0.0	0.0	0.0	0.0	0.0	0.0	0.0	0.0	0.0	0.0	0.0	0.0	0.0	0.0	0.0	0.0	0.0	0.0	0.0	0.0	0.0	0.0	0.0	0.0	0.0	0.0	0.0	0.0	0.0	0.0	0.0	0.0	0.0	0.0	0.0	0.0	0.0	0.0	0.0	0.0	0.0	0.0	0.0	0.0	0.0	0.0	0.0	0.0	0.0	0.0	0.0	0.0	0.0	0.0	0.0	0.0	0.0	0.0	0.0	0.0	0.0	0.0	0.0	0.0	0.0	0.0	0.0	0.0	
2.6092  700.0  800.0  2e-05	4e-05	0.0	4e-05	4e-05	2e-05	0.0001	8e-05	2e-05	0.0001	0.00022	0.00014	0.0002	0.00024	0.0003	0.00018	0.00032	0.0003	0.00022	0.00044	0.0003	0.00058	0.00048	0.00064	0.00072	0.00138	0.00194	0.00622	0.11328	0.13992	0.12388	0.06788	0.0	0.0	0.0	0.0	0.0	0.0	0.0	0.0	0.0	0.0	0.0	0.0	0.0	0.0	0.0	0.0	0.0	0.0	0.0	0.0	0.0	0.0	0.0	0.0	0.0	0.0	0.0	0.0	0.0	0.0	0.0	0.0	0.0	0.0	0.0	0.0	0.0	0.0	0.0	0.0	0.0	0.0	0.0	0.0	0.0	0.0	0.0	0.0	0.0	0.0	0.0	0.0	0.0	0.0	0.0	0.0	0.0	0.0	0.0	0.0	0.0	0.0	0.0	0.0	0.0	0.0	0.0	
1.80504  800.0  900.0  0.0	2e-05	0.0	2e-05	0.0	2e-05	4e-05	8e-05	4e-05	4e-05	8e-05	0.00014	0.0001	0.00012	0.00014	6e-05	0.0001	0.0001	0.0002	0.00026	0.00022	0.00022	0.00036	0.00034	0.00036	0.00064	0.00072	0.00098	0.00108	0.00158	0.00456	0.06404	0.14518	0.1276	0.10594	0.00366	0.0	0.0	0.0	0.0	0.0	0.0	0.0	0.0	0.0	0.0	0.0	0.0	0.0	0.0	0.0	0.0	0.0	0.0	0.0	0.0	0.0	0.0	0.0	0.0	0.0	0.0	0.0	0.0	0.0	0.0	0.0	0.0	0.0	0.0	0.0	0.0	0.0	0.0	0.0	0.0	0.0	0.0	0.0	0.0	0.0	0.0	0.0	0.0	0.0	0.0	0.0	0.0	0.0	0.0	0.0	0.0	0.0	0.0	0.0	0.0	0.0	0.0	0.0	
1.286  900.0  1000.0  0.0	2e-05	0.0	0.0	0.0	0.0	2e-05	8e-05	4e-05	8e-05	0.00016	4e-05	6e-05	8e-05	0.00012	0.00012	0.00014	0.00024	0.00016	0.00014	0.00014	0.00018	0.00014	0.00016	0.0002	0.00036	0.00048	0.00054	0.00068	0.00074	0.00082	0.00158	0.0015	0.00276	0.01838	0.236	0.19072	0.00362	0.0	0.0	0.0	0.0	0.0	0.0	0.0	0.0	0.0	0.0	0.0	0.0	0.0	0.0	0.0	0.0	0.0	0.0	0.0	0.0	0.0	0.0	0.0	0.0	0.0	0.0	0.0	0.0	0.0	0.0	0.0	0.0	0.0	0.0	0.0	0.0	0.0	0.0	0.0	0.0	0.0	0.0	0.0	0.0	0.0	0.0	0.0	0.0	0.0	0.0	0.0	0.0	0.0	0.0	0.0	0.0	0.0	0.0	0.0	0.0	0.0	
1.62682  1000.0  1200.0  0.0	0.0	2e-05	0.0	0.0	2e-05	6e-05	8e-05	0.0	2e-05	6e-05	6e-05	0.0	0.00012	8e-05	0.00014	8e-05	8e-05	0.00012	0.00022	0.0001	0.0001	8e-05	0.00016	0.00018	0.00016	0.0002	0.00032	0.00026	0.00028	0.00032	0.00036	0.00042	0.00078	0.00074	0.00202	0.0142	0.1349	0.11748	0.10162	0.07946	0.00152	0.0	0.0	0.0	0.0	0.0	0.0	0.0	0.0	0.0	0.0	0.0	0.0	0.0	0.0	0.0	0.0	0.0	0.0	0.0	0.0	0.0	0.0	0.0	0.0	0.0	0.0	0.0	0.0	0.0	0.0	0.0	0.0	0.0	0.0	0.0	0.0	0.0	0.0	0.0	0.0	0.0	0.0	0.0	0.0	0.0	0.0	0.0	0.0	0.0	0.0	0.0	0.0	0.0	0.0	0.0	0.0	0.0	
0.91402  1200.0  1400.0  0.0	0.0	0.0	0.0	0.0	4e-05	2e-05	6e-05	4e-05	4e-05	0.0	6e-05	0.00018	0.0	0.0	2e-05	6e-05	4e-05	6e-05	0.00012	4e-05	6e-05	6e-05	6e-05	0.00012	8e-05	0.00022	0.00016	0.00018	0.00018	0.00038	0.00032	0.00012	0.00026	0.00036	0.00076	0.00078	0.00116	0.00152	0.00268	0.01432	0.12968	0.13688	0.11568	0.0463	0.0	0.0	0.0	0.0	0.0	0.0	0.0	0.0	0.0	0.0	0.0	0.0	0.0	0.0	0.0	0.0	0.0	0.0	0.0	0.0	0.0	0.0	0.0	0.0	0.0	0.0	0.0	0.0	0.0	0.0	0.0	0.0	0.0	0.0	0.0	0.0	0.0	0.0	0.0	0.0	0.0	0.0	0.0	0.0	0.0	0.0	0.0	0.0	0.0	0.0	0.0	0.0	0.0	0.0	
0.53534  1400.0  1600.0  0.0	0.0	0.0	2e-05	2e-05	0.0	4e-05	0.0	2e-05	2e-05	8e-05	2e-05	6e-05	6e-05	4e-05	8e-05	8e-05	8e-05	4e-05	2e-05	2e-05	2e-05	0.00014	6e-05	8e-05	8e-05	0.00014	6e-05	0.00012	0.00012	0.0001	6e-05	0.00024	0.00022	0.00024	0.00046	0.00038	0.00044	0.00052	0.00078	0.00068	0.00122	0.00156	0.00484	0.09136	0.14134	0.12318	0.08256	0.0	0.0	0.0	0.0	0.0	0.0	0.0	0.0	0.0	0.0	0.0	0.0	0.0	0.0	0.0	0.0	0.0	0.0	0.0	0.0	0.0	0.0	0.0	0.0	0.0	0.0	0.0	0.0	0.0	0.0	0.0	0.0	0.0	0.0	0.0	0.0	0.0	0.0	0.0	0.0	0.0	0.0	0.0	0.0	0.0	0.0	0.0	0.0	0.0	0.0	0.0	
0.32366  1600.0  1800.0  0.0	0.0	2e-05	0.0	0.0	0.0	0.0	0.0	2e-05	0.0	2e-05	2e-05	2e-05	6e-05	8e-05	0.0	2e-05	8e-05	2e-05	8e-05	4e-05	8e-05	4e-05	6e-05	4e-05	0.00014	0.0	0.0001	6e-05	0.0001	4e-05	0.0001	0.00016	0.00016	4e-05	0.00018	0.00038	0.00034	0.00028	0.0003	0.00056	0.00052	0.00068	0.00104	0.00116	0.00144	0.00396	0.0399	0.16994	0.14028	0.08346	0.0	0.0	0.0	0.0	0.0	0.0	0.0	0.0	0.0	0.0	0.0	0.0	0.0	0.0	0.0	0.0	0.0	0.0	0.0	0.0	0.0	0.0	0.0	0.0	0.0	0.0	0.0	0.0	0.0	0.0	0.0	0.0	0.0	0.0	0.0	0.0	0.0	0.0	0.0	0.0	0.0	0.0	0.0	0.0	0.0	0.0	0.0	0.0	
0.19941  1800.0  2000.0  0.0	0.0	0.0	0.0	0.0	2e-05	2e-05	0.0	2e-05	2e-05	0.0	0.0	0.0	2e-05	0.0	0.0	2e-05	0.0	8e-05	2e-05	0.0	4e-05	2e-05	2e-05	2e-05	0.0001	0.0001	4e-05	6e-05	6e-05	0.00014	4e-05	0.0001	8e-05	6e-05	0.00014	0.00012	0.00024	0.0002	0.0003	0.0003	0.00022	0.00034	0.00042	0.00078	0.00078	0.00106	0.00112	0.00174	0.00546	0.06492	0.1672	0.16104	0.0492	0.0	0.0	0.0	0.0	0.0	0.0	0.0	0.0	0.0	0.0	0.0	0.0	0.0	0.0	0.0	0.0	0.0	0.0	0.0	0.0	0.0	0.0	0.0	0.0	0.0	0.0	0.0	0.0	0.0	0.0	0.0	0.0	0.0	0.0	0.0	0.0	0.0	0.0	0.0	0.0	0.0	0.0	0.0	0.0	0.0	
0.14794  2000.0  2250.0  2e-05	0.0	0.0	0.0	2e-05	0.0	2e-05	0.0	0.0	0.0	8e-05	4e-05	2e-05	4e-05	0.0	0.0	4e-05	0.0	0.0	2e-05	2e-05	2e-05	2e-05	6e-05	0.0	0.0001	2e-05	6e-05	2e-05	0.00016	0.00012	6e-05	8e-05	8e-05	4e-05	0.00014	0.00022	0.00024	0.00026	0.00024	0.0003	0.0001	0.00018	0.0003	0.0005	0.00044	0.00038	0.0006	0.00068	0.0011	0.00136	0.00182	0.00744	0.11882	0.1491	0.12078	0.04808	0.0	0.0	0.0	0.0	0.0	0.0	0.0	0.0	0.0	0.0	0.0	0.0	0.0	0.0	0.0	0.0	0.0	0.0	0.0	0.0	0.0	0.0	0.0	0.0	0.0	0.0	0.0	0.0	0.0	0.0	0.0	0.0	0.0	0.0	0.0	0.0	0.0	0.0	0.0	0.0	0.0	0.0	
0.08351  2250.0  2500.0  2e-05	0.0	0.0	0.0	0.0	0.0	0.0	0.0	0.0	0.0	2e-05	0.0	0.0	2e-05	0.0	8e-05	2e-05	2e-05	2e-05	2e-05	4e-05	2e-05	2e-05	0.0	4e-05	8e-05	4e-05	6e-05	2e-05	4e-05	8e-05	2e-05	2e-05	4e-05	2e-05	2e-05	0.00012	0.0001	0.00016	0.0002	8e-05	0.00028	0.00012	0.00028	0.00024	0.00022	0.00024	0.00026	0.00066	0.00056	0.00056	0.00072	0.0011	0.0015	0.0023	0.00696	0.09804	0.15296	0.1279	0.06474	0.0	0.0	0.0	0.0	0.0	0.0	0.0	0.0	0.0	0.0	0.0	0.0	0.0	0.0	0.0	0.0	0.0	0.0	0.0	0.0	0.0	0.0	0.0	0.0	0.0	0.0	0.0	0.0	0.0	0.0	0.0	0.0	0.0	0.0	0.0	0.0	0.0	0.0	0.0	
0.04751  2500.0  2750.0  0.0	0.0	2e-05	0.0	0.0	0.0	0.0	0.0	0.0	0.0	0.0	2e-05	0.0	0.0	0.0	0.0	0.0	2e-05	0.0	4e-05	4e-05	2e-05	4e-05	4e-05	4e-05	0.0	0.0	0.0001	0.0	6e-05	8e-05	2e-05	8e-05	2e-05	4e-05	0.00012	0.00012	0.0001	0.00016	0.0001	0.00022	0.00012	0.0001	0.0002	6e-05	0.00028	0.0002	0.0002	0.00028	0.0002	0.0003	0.00038	0.00054	0.0007	0.00084	0.00086	0.00162	0.0019	0.00638	0.0782	0.1605	0.13016	0.07822	0.0	0.0	0.0	0.0	0.0	0.0	0.0	0.0	0.0	0.0	0.0	0.0	0.0	0.0	0.0	0.0	0.0	0.0	0.0	0.0	0.0	0.0	0.0	0.0	0.0	0.0	0.0	0.0	0.0	0.0	0.0	0.0	0.0	0.0	0.0	0.0	
0.02713  2750.0  3000.0  0.0	0.0	0.0	0.0	0.0	0.0	0.0	0.0	2e-05	4e-05	0.0	0.0	0.0	0.0	0.0	0.0	2e-05	0.0	0.0	4e-05	0.0	0.0	0.0	0.0	2e-05	0.0	2e-05	4e-05	0.0	6e-05	2e-05	2e-05	2e-05	2e-05	0.0	2e-05	6e-05	8e-05	8e-05	0.00016	2e-05	6e-05	0.0001	0.0001	0.00014	0.00022	0.00012	0.00016	0.0002	0.00036	0.00034	0.0003	0.0005	0.00058	0.00034	0.00058	0.00068	0.00098	0.00136	0.00142	0.00214	0.006	0.0608	0.16474	0.1333	0.09204	0.00022	0.0	0.0	0.0	0.0	0.0	0.0	0.0	0.0	0.0	0.0	0.0	0.0	0.0	0.0	0.0	0.0	0.0	0.0	0.0	0.0	0.0	0.0	0.0	0.0	0.0	0.0	0.0	0.0	0.0	0.0	0.0	0.0	
0.02428  3000.0  3500.0  0.0	0.0	0.0	0.0	0.0	0.0	0.0	0.0	0.0	0.0	0.0	0.0	0.0	0.0	0.0	0.0	0.0	0.0	0.0	2e-05	6e-05	2e-05	2e-05	0.0	0.0	0.0	4e-05	2e-05	4e-05	0.0	0.0	2e-05	0.0	4e-05	0.0	0.0	0.00016	6e-05	0.00016	0.00012	4e-05	6e-05	6e-05	4e-05	0.0001	0.00014	8e-05	0.00016	0.00016	0.00016	0.00018	0.00012	0.00018	0.0003	0.00036	0.0003	0.0005	0.0005	0.00052	0.00072	0.00072	0.00102	0.00104	0.0014	0.00408	0.02462	0.1065	0.0887	0.07538	0.06276	0.05116	0.04228	0.00402	0.0	0.0	0.0	0.0	0.0	0.0	0.0	0.0	0.0	0.0	0.0	0.0	0.0	0.0	0.0	0.0	0.0	0.0	0.0	0.0	0.0	0.0	0.0	0.0	0.0	0.0	
0.0077  3500.0  4000.0  0.0	2e-05	0.0	0.0	0.0	0.0	0.0	0.0	0.0	0.0	0.0	0.0	0.0	4e-05	0.0	2e-05	2e-05	0.0	2e-05	2e-05	2e-05	2e-05	0.0	0.0	0.0	2e-05	0.0	2e-05	4e-05	2e-05	0.0	4e-05	4e-05	0.0	2e-05	0.0001	4e-05	0.0	2e-05	4e-05	2e-05	4e-05	4e-05	0.0	0.0001	0.00014	8e-05	0.0001	0.00016	0.0001	8e-05	0.00012	0.00014	0.00018	0.00024	0.00022	0.00014	0.00018	0.00018	0.00024	0.0004	0.00032	0.00056	0.0005	0.0004	0.00064	0.00078	0.00094	0.001	0.00148	0.00346	0.0101	0.1018	0.09558	0.07826	0.066	0.05588	0.04278	0.01292	0.0	0.0	0.0	0.0	0.0	0.0	0.0	0.0	0.0	0.0	0.0	0.0	0.0	0.0	0.0	0.0	0.0	0.0	0.0	0.0	
0.00307  4000.0  15000.0  0.0	0.0	0.0	0.0	0.0	0.0	0.0	2e-05	0.0	0.0	0.0	0.0	2e-05	0.0	0.0	0.0	0.0	2e-05	0.0	0.0	2e-05	0.0	0.0	0.0	0.0	0.0	2e-05	2e-05	2e-05	2e-05	6e-05	2e-05	0.0	4e-05	2e-05	4e-05	4e-05	8e-05	6e-05	2e-05	2e-05	0.0	6e-05	6e-05	2e-05	0.0	6e-05	4e-05	2e-05	0.00016	6e-05	0.0001	6e-05	2e-05	0.00012	0.00012	0.00012	0.0001	0.00022	0.00016	0.00014	0.0002	0.0003	0.00026	0.00038	0.00028	0.00028	0.00034	0.00024	0.0005	0.0005	0.00048	0.00066	0.00066	0.00082	0.00148	0.00282	0.0049	0.07186	0.0785	0.06372	0.04852	0.03834	0.03222	0.02552	0.01966	0.01618	0.01296	0.00996	0.0078	0.0066	0.00508	0.00398	0.00282	0.00276	0.00234	0.00142	0.00152	0.00096	
