#===============
# Ref : 1903.06248
# Experiment : ATLAS
# ll~ : ee
# qq~ : uc~
# FF  : dipole
# XY  : LL LR RL RR
# coef : 00
# type : A*A
# Nevs : 50000
#===============
#
# XSEC	BIN_MIN	BIN_MAX 	 Kij 
# 225.0 232.51 240.271 248.291 256.579 265.143 273.994 283.139 292.59 302.357 312.449 322.878 333.656 344.793 356.302 368.195 380.485 393.185 406.309 419.872 433.887 448.369 463.336 478.801 494.783 511.299 528.365 546.002 564.227 583.06 602.522 622.634 643.417 664.894 687.087 710.022 733.722 758.213 783.521 809.674 836.7 864.629 893.489 923.313 954.133 985.981 1018.89 1052.9 1088.05 1124.36 1161.9 1200.68 1240.76 1282.17 1324.97 1369.2 1414.9 1462.13 1510.93 1561.36 1613.48 1667.34 1722.99 1780.5 1839.94 1901.35 1964.82 2030.4 2098.17 2168.21 2240.58 2315.37 2392.65 2472.52 2555.05 2640.34 2728.47 2819.54 2913.66 3010.91 3111.41 3215.27 3322.59 3433.5 3548.1 3666.54 3788.92 3915.39 4046.09 4181.14 4320.7 4464.92 4613.96 4767.97 4927.12 5091.58 5261.54 5437.16 5618.6 10000.0 
6.4202  200.0  300.0  0.02414	0.02498	0.02326	0.02282	0.02312	0.02132	0.0209	0.0191	0.01364	0.0	0.0	0.0	0.0	0.0	0.0	0.0	0.0	0.0	0.0	0.0	0.0	0.0	0.0	0.0	0.0	0.0	0.0	0.0	0.0	0.0	0.0	0.0	0.0	0.0	0.0	0.0	0.0	0.0	0.0	0.0	0.0	0.0	0.0	0.0	0.0	0.0	0.0	0.0	0.0	0.0	0.0	0.0	0.0	0.0	0.0	0.0	0.0	0.0	0.0	0.0	0.0	0.0	0.0	0.0	0.0	0.0	0.0	0.0	0.0	0.0	0.0	0.0	0.0	0.0	0.0	0.0	0.0	0.0	0.0	0.0	0.0	0.0	0.0	0.0	0.0	0.0	0.0	0.0	0.0	0.0	0.0	0.0	0.0	0.0	0.0	0.0	0.0	0.0	0.0	
2.9086  300.0  400.0  0.00014	0.0002	0.00026	0.00044	0.00048	0.00064	0.00066	0.0017	0.01496	0.04386	0.04268	0.04058	0.0393	0.03902	0.036	0.03596	0.03232	0.01558	0.0	0.0	0.0	0.0	0.0	0.0	0.0	0.0	0.0	0.0	0.0	0.0	0.0	0.0	0.0	0.0	0.0	0.0	0.0	0.0	0.0	0.0	0.0	0.0	0.0	0.0	0.0	0.0	0.0	0.0	0.0	0.0	0.0	0.0	0.0	0.0	0.0	0.0	0.0	0.0	0.0	0.0	0.0	0.0	0.0	0.0	0.0	0.0	0.0	0.0	0.0	0.0	0.0	0.0	0.0	0.0	0.0	0.0	0.0	0.0	0.0	0.0	0.0	0.0	0.0	0.0	0.0	0.0	0.0	0.0	0.0	0.0	0.0	0.0	0.0	0.0	0.0	0.0	0.0	0.0	0.0	
1.55602  400.0  500.0  6e-05	0.00014	8e-05	4e-05	8e-05	4e-05	0.00024	0.0002	0.0001	0.0002	0.00032	0.00046	0.00042	0.0006	0.00066	0.00108	0.00276	0.03492	0.0595	0.05754	0.0556	0.05462	0.05036	0.04464	0.01274	0.0	0.0	0.0	0.0	0.0	0.0	0.0	0.0	0.0	0.0	0.0	0.0	0.0	0.0	0.0	0.0	0.0	0.0	0.0	0.0	0.0	0.0	0.0	0.0	0.0	0.0	0.0	0.0	0.0	0.0	0.0	0.0	0.0	0.0	0.0	0.0	0.0	0.0	0.0	0.0	0.0	0.0	0.0	0.0	0.0	0.0	0.0	0.0	0.0	0.0	0.0	0.0	0.0	0.0	0.0	0.0	0.0	0.0	0.0	0.0	0.0	0.0	0.0	0.0	0.0	0.0	0.0	0.0	0.0	0.0	0.0	0.0	0.0	0.0	
0.91774  500.0  600.0  8e-05	2e-05	6e-05	8e-05	0.0001	6e-05	0.00014	0.00016	0.00012	0.00014	0.00014	0.00022	0.00012	0.00014	0.00014	0.00032	0.00022	0.00032	0.0005	0.00076	0.0007	0.0009	0.00144	0.0044	0.05596	0.07464	0.06974	0.06678	0.0628	0.04748	0.00036	0.0	0.0	0.0	0.0	0.0	0.0	0.0	0.0	0.0	0.0	0.0	0.0	0.0	0.0	0.0	0.0	0.0	0.0	0.0	0.0	0.0	0.0	0.0	0.0	0.0	0.0	0.0	0.0	0.0	0.0	0.0	0.0	0.0	0.0	0.0	0.0	0.0	0.0	0.0	0.0	0.0	0.0	0.0	0.0	0.0	0.0	0.0	0.0	0.0	0.0	0.0	0.0	0.0	0.0	0.0	0.0	0.0	0.0	0.0	0.0	0.0	0.0	0.0	0.0	0.0	0.0	0.0	0.0	
0.5784  600.0  700.0  0.0	6e-05	2e-05	4e-05	6e-05	0.00012	8e-05	6e-05	4e-05	0.0001	8e-05	4e-05	0.00012	0.00012	8e-05	0.00012	0.0002	0.00016	0.00018	0.00026	0.00014	0.0002	0.0003	0.0006	0.00054	0.00056	0.00066	0.00108	0.00322	0.02054	0.09088	0.08608	0.08164	0.07644	0.03722	0.0	0.0	0.0	0.0	0.0	0.0	0.0	0.0	0.0	0.0	0.0	0.0	0.0	0.0	0.0	0.0	0.0	0.0	0.0	0.0	0.0	0.0	0.0	0.0	0.0	0.0	0.0	0.0	0.0	0.0	0.0	0.0	0.0	0.0	0.0	0.0	0.0	0.0	0.0	0.0	0.0	0.0	0.0	0.0	0.0	0.0	0.0	0.0	0.0	0.0	0.0	0.0	0.0	0.0	0.0	0.0	0.0	0.0	0.0	0.0	0.0	0.0	0.0	0.0	
0.38192  700.0  800.0  0.0001	2e-05	2e-05	6e-05	6e-05	0.00012	0.0	4e-05	8e-05	4e-05	4e-05	4e-05	8e-05	0.0	0.00012	8e-05	0.00014	0.0001	8e-05	8e-05	0.0001	0.00014	0.00022	0.0003	0.00028	0.00024	0.00034	0.00032	0.00046	0.00062	0.00096	0.00096	0.00148	0.00466	0.05394	0.1055	0.09526	0.08968	0.04974	0.0	0.0	0.0	0.0	0.0	0.0	0.0	0.0	0.0	0.0	0.0	0.0	0.0	0.0	0.0	0.0	0.0	0.0	0.0	0.0	0.0	0.0	0.0	0.0	0.0	0.0	0.0	0.0	0.0	0.0	0.0	0.0	0.0	0.0	0.0	0.0	0.0	0.0	0.0	0.0	0.0	0.0	0.0	0.0	0.0	0.0	0.0	0.0	0.0	0.0	0.0	0.0	0.0	0.0	0.0	0.0	0.0	0.0	0.0	0.0	
0.26096  800.0  900.0  0.0	2e-05	8e-05	2e-05	0.0	2e-05	6e-05	4e-05	8e-05	2e-05	6e-05	4e-05	0.00014	2e-05	0.00014	8e-05	0.00014	0.0001	8e-05	0.00012	8e-05	0.00016	0.00016	6e-05	0.00016	0.00014	0.00018	0.00024	0.00034	0.00024	0.00034	0.00034	0.00056	0.00072	0.00078	0.00126	0.00118	0.00406	0.05506	0.11958	0.11036	0.09952	0.01852	0.0	0.0	0.0	0.0	0.0	0.0	0.0	0.0	0.0	0.0	0.0	0.0	0.0	0.0	0.0	0.0	0.0	0.0	0.0	0.0	0.0	0.0	0.0	0.0	0.0	0.0	0.0	0.0	0.0	0.0	0.0	0.0	0.0	0.0	0.0	0.0	0.0	0.0	0.0	0.0	0.0	0.0	0.0	0.0	0.0	0.0	0.0	0.0	0.0	0.0	0.0	0.0	0.0	0.0	0.0	0.0	
0.183424  900.0  1000.0  4e-05	0.0	4e-05	2e-05	0.0	2e-05	2e-05	2e-05	2e-05	6e-05	0.0	4e-05	4e-05	6e-05	6e-05	4e-05	2e-05	0.0001	6e-05	6e-05	0.00026	0.00012	8e-05	0.00012	0.00014	0.0001	0.00016	0.00016	0.00022	0.0002	0.0003	0.0003	0.00032	0.0005	0.00046	0.00062	0.00054	0.00072	0.00084	0.00146	0.00254	0.00888	0.11284	0.1273	0.11584	0.0428	0.0	0.0	0.0	0.0	0.0	0.0	0.0	0.0	0.0	0.0	0.0	0.0	0.0	0.0	0.0	0.0	0.0	0.0	0.0	0.0	0.0	0.0	0.0	0.0	0.0	0.0	0.0	0.0	0.0	0.0	0.0	0.0	0.0	0.0	0.0	0.0	0.0	0.0	0.0	0.0	0.0	0.0	0.0	0.0	0.0	0.0	0.0	0.0	0.0	0.0	0.0	0.0	0.0	
0.22848  1000.0  1200.0  0.0	0.0	0.0	6e-05	6e-05	0.0	2e-05	0.0	4e-05	2e-05	2e-05	2e-05	4e-05	6e-05	4e-05	6e-05	6e-05	0.0	2e-05	2e-05	0.0001	6e-05	6e-05	0.0	0.00012	0.0001	0.0002	0.00014	8e-05	0.00014	0.0002	0.00022	0.0002	0.00028	0.00016	0.00038	0.00038	0.0004	0.00046	0.00044	0.00056	0.00074	0.00088	0.0013	0.00472	0.05652	0.08362	0.0804	0.07118	0.06366	0.05158	0.00118	0.0	0.0	0.0	0.0	0.0	0.0	0.0	0.0	0.0	0.0	0.0	0.0	0.0	0.0	0.0	0.0	0.0	0.0	0.0	0.0	0.0	0.0	0.0	0.0	0.0	0.0	0.0	0.0	0.0	0.0	0.0	0.0	0.0	0.0	0.0	0.0	0.0	0.0	0.0	0.0	0.0	0.0	0.0	0.0	0.0	0.0	0.0	
0.12557  1200.0  1400.0  2e-05	2e-05	0.0	0.0	2e-05	2e-05	4e-05	0.0	2e-05	0.0	2e-05	4e-05	6e-05	2e-05	0.0	2e-05	6e-05	2e-05	4e-05	0.0	0.00012	0.0	0.0	2e-05	6e-05	4e-05	6e-05	0.00012	0.00012	0.0001	0.00012	0.00018	4e-05	6e-05	0.0001	0.00014	0.00012	8e-05	0.0001	0.00018	0.00034	0.0003	0.00034	0.0003	0.00046	0.00052	0.00058	0.00098	0.00116	0.00242	0.01382	0.09968	0.09346	0.08694	0.07774	0.0446	0.0	0.0	0.0	0.0	0.0	0.0	0.0	0.0	0.0	0.0	0.0	0.0	0.0	0.0	0.0	0.0	0.0	0.0	0.0	0.0	0.0	0.0	0.0	0.0	0.0	0.0	0.0	0.0	0.0	0.0	0.0	0.0	0.0	0.0	0.0	0.0	0.0	0.0	0.0	0.0	0.0	0.0	0.0	
0.072446  1400.0  1600.0  4e-05	0.0	0.0	0.0	2e-05	0.0	2e-05	0.0	0.0	2e-05	0.0	0.0	2e-05	2e-05	0.0	2e-05	0.0	2e-05	6e-05	0.0	4e-05	2e-05	4e-05	0.0	6e-05	8e-05	0.00016	6e-05	8e-05	2e-05	4e-05	6e-05	4e-05	0.0001	8e-05	6e-05	0.00012	0.0001	4e-05	0.00012	0.00012	0.0002	0.00018	0.00024	0.00018	0.00026	0.0004	0.00046	0.00036	0.00044	0.00062	0.00068	0.001	0.00134	0.00452	0.04782	0.11304	0.10074	0.09322	0.05954	0.0	0.0	0.0	0.0	0.0	0.0	2e-05	0.0	0.0	0.0	0.0	0.0	0.0	0.0	0.0	0.0	0.0	0.0	0.0	0.0	0.0	0.0	0.0	0.0	0.0	0.0	0.0	0.0	0.0	0.0	0.0	0.0	0.0	0.0	0.0	0.0	0.0	0.0	0.0	
0.043348  1600.0  1800.0  4e-05	2e-05	0.0	0.0	0.0	0.0	0.0	0.0	0.0	2e-05	4e-05	0.0	0.0	2e-05	2e-05	2e-05	4e-05	2e-05	2e-05	2e-05	2e-05	2e-05	6e-05	4e-05	6e-05	2e-05	2e-05	6e-05	2e-05	0.0	6e-05	8e-05	4e-05	4e-05	6e-05	0.0001	8e-05	8e-05	4e-05	0.00012	2e-05	0.00014	0.00014	0.00016	0.00012	0.00024	0.00026	0.00024	0.00028	0.00028	0.00028	0.00026	0.00046	0.00064	0.00082	0.00092	0.00106	0.00148	0.00434	0.04548	0.12716	0.11782	0.09788	0.02802	0.0	0.0	0.0	0.0	0.0	0.0	0.0	0.0	0.0	0.0	0.0	0.0	0.0	0.0	0.0	0.0	0.0	0.0	0.0	0.0	0.0	0.0	0.0	0.0	0.0	0.0	0.0	0.0	0.0	0.0	0.0	0.0	0.0	0.0	0.0	
0.026652  1800.0  2000.0  0.0	0.0	0.0	4e-05	0.0	0.0	2e-05	0.0	0.0	0.0	0.0	0.0	2e-05	0.0	0.0	0.0	4e-05	4e-05	2e-05	2e-05	4e-05	0.0	4e-05	2e-05	0.0	6e-05	4e-05	2e-05	4e-05	4e-05	2e-05	4e-05	2e-05	8e-05	0.0	2e-05	4e-05	2e-05	0.0001	0.0001	0.0001	6e-05	0.00012	0.00012	0.00026	8e-05	0.00014	0.0002	0.00018	0.00026	0.0003	0.00018	0.0002	0.00036	0.00052	0.00054	0.00042	0.00052	0.00088	0.0008	0.00104	0.00244	0.00822	0.105	0.13682	0.11834	0.05488	0.0	0.0	0.0	0.0	0.0	0.0	0.0	0.0	0.0	0.0	0.0	0.0	0.0	0.0	0.0	0.0	0.0	0.0	0.0	0.0	0.0	0.0	0.0	0.0	0.0	0.0	0.0	0.0	0.0	0.0	0.0	0.0	
0.019909  2000.0  2250.0  0.0	0.0	0.0	0.0	0.0	0.0	2e-05	0.0	2e-05	0.0	0.0	0.0	2e-05	0.0	6e-05	0.0	4e-05	2e-05	2e-05	6e-05	2e-05	4e-05	4e-05	2e-05	8e-05	2e-05	2e-05	4e-05	2e-05	8e-05	6e-05	4e-05	0.0	6e-05	4e-05	2e-05	2e-05	8e-05	8e-05	8e-05	6e-05	8e-05	0.0001	0.0001	4e-05	0.0002	0.00022	0.00014	0.00016	0.00018	4e-05	0.00022	0.00022	0.00018	0.00028	0.00028	0.00032	0.00042	0.00054	0.00046	0.00044	0.00062	0.00112	0.00114	0.0019	0.0055	0.07376	0.13092	0.11696	0.09712	0.01064	0.0	0.0	0.0	0.0	0.0	0.0	0.0	0.0	0.0	0.0	0.0	0.0	0.0	0.0	0.0	0.0	0.0	0.0	0.0	0.0	0.0	0.0	0.0	0.0	0.0	0.0	0.0	0.0	
0.011456  2250.0  2500.0  0.0	2e-05	0.0	0.0	0.0	0.0	0.0	2e-05	2e-05	2e-05	2e-05	2e-05	2e-05	2e-05	2e-05	2e-05	2e-05	0.0	2e-05	4e-05	2e-05	2e-05	2e-05	4e-05	0.0	2e-05	4e-05	0.0	4e-05	6e-05	2e-05	8e-05	2e-05	2e-05	4e-05	6e-05	2e-05	4e-05	4e-05	6e-05	4e-05	0.0001	4e-05	4e-05	0.0001	8e-05	0.00012	0.00012	0.0001	8e-05	0.00012	0.00014	0.0002	0.00012	0.00012	0.0002	0.00022	0.0002	0.00022	0.00026	0.00034	0.00044	0.00052	0.00064	0.00062	0.0008	0.00104	0.00136	0.00306	0.0114	0.13906	0.13902	0.1186	0.0324	0.0	0.0	0.0	0.0	0.0	0.0	0.0	0.0	0.0	0.0	0.0	0.0	0.0	0.0	0.0	0.0	0.0	0.0	0.0	0.0	0.0	0.0	0.0	0.0	0.0	
0.006733  2500.0  2750.0  0.0	0.0	2e-05	0.0	0.0	0.0	0.0	0.0	0.0	0.0	0.0	0.0	0.0	0.0	4e-05	0.0	0.0	2e-05	0.0	2e-05	2e-05	2e-05	2e-05	0.0	0.0	2e-05	2e-05	2e-05	2e-05	2e-05	2e-05	0.0	4e-05	2e-05	6e-05	8e-05	0.0001	4e-05	6e-05	4e-05	6e-05	6e-05	2e-05	6e-05	2e-05	8e-05	6e-05	8e-05	0.00012	4e-05	8e-05	0.00012	0.00018	0.00018	0.0001	0.00014	0.00012	0.00012	0.00032	0.0002	0.00026	0.00026	0.00032	0.00044	0.00048	0.00044	0.0006	0.00064	0.00082	0.0011	0.0011	0.00272	0.00798	0.12546	0.15706	0.12848	0.02478	0.0	0.0	0.0	0.0	0.0	0.0	0.0	0.0	0.0	0.0	0.0	0.0	0.0	0.0	0.0	0.0	0.0	0.0	0.0	0.0	0.0	0.0	
0.00402  2750.0  3000.0  0.0	0.0	2e-05	0.0	0.0	4e-05	0.0	4e-05	4e-05	0.0	4e-05	0.0	2e-05	0.0	2e-05	0.0	4e-05	0.0	0.0	0.0	0.0	0.0	0.0	2e-05	2e-05	2e-05	6e-05	4e-05	6e-05	0.0	2e-05	4e-05	8e-05	2e-05	4e-05	2e-05	0.0	2e-05	4e-05	0.0	0.0	6e-05	2e-05	6e-05	6e-05	2e-05	6e-05	2e-05	2e-05	0.00012	0.00012	4e-05	0.00012	0.00012	4e-05	4e-05	0.00016	0.0001	0.00018	0.00016	0.00018	0.0003	0.00016	0.0001	0.00024	0.00028	0.0002	0.00028	0.00046	0.00068	0.00084	0.00106	0.0009	0.0018	0.00312	0.01058	0.15264	0.16324	0.1183	0.00016	0.0	0.0	0.0	0.0	0.0	0.0	0.0	0.0	0.0	0.0	0.0	0.0	0.0	0.0	0.0	0.0	0.0	0.0	0.0	
0.003921  3000.0  3500.0  0.0	0.0	0.0	2e-05	0.0	0.0	0.0	0.0	0.0	0.0	0.0	2e-05	2e-05	0.0	4e-05	0.0	0.0	0.0	0.0	0.0	0.0	0.0	0.0	2e-05	2e-05	0.0	2e-05	2e-05	8e-05	4e-05	2e-05	2e-05	2e-05	2e-05	0.0	4e-05	0.0	0.0001	2e-05	0.0	4e-05	8e-05	4e-05	4e-05	0.0	0.0	2e-05	2e-05	2e-05	4e-05	6e-05	4e-05	8e-05	6e-05	0.0001	4e-05	8e-05	0.00012	6e-05	4e-05	0.0001	6e-05	0.00018	0.00014	8e-05	0.00018	0.00022	0.00034	0.0003	0.00036	0.00046	0.00042	0.00048	0.00078	0.00076	0.00112	0.00178	0.00308	0.02466	0.12676	0.1061	0.0876	0.07384	0.03486	0.0	0.0	0.0	0.0	0.0	0.0	0.0	0.0	0.0	0.0	0.0	0.0	0.0	0.0	0.0	
0.001479  3500.0  4000.0  0.0	0.0	0.0	0.0	0.0	0.0	0.0	0.0	2e-05	0.0	0.0	0.0	0.0	2e-05	2e-05	0.0	0.0	0.0	0.0	0.0	2e-05	0.0	2e-05	0.0	0.0	0.0	0.0	0.0	0.0	4e-05	2e-05	2e-05	2e-05	2e-05	2e-05	2e-05	2e-05	6e-05	2e-05	0.0	6e-05	2e-05	0.0	4e-05	2e-05	2e-05	0.0001	8e-05	6e-05	0.0	4e-05	0.00014	8e-05	2e-05	4e-05	0.0001	6e-05	6e-05	8e-05	0.0001	8e-05	6e-05	0.00012	0.00012	0.0002	0.00012	0.0001	0.00022	0.00016	8e-05	0.0003	0.0003	0.00038	0.0003	0.00028	0.0005	0.00048	0.00052	0.00082	0.00084	0.00134	0.00212	0.00614	0.072	0.13486	0.1127	0.09	0.04496	0.0	0.0	0.0	0.0	0.0	0.0	0.0	0.0	0.0	0.0	0.0	
0.000915  4000.0  15000.0  0.0	0.0	0.0	0.0	0.0	0.0	0.0	0.0	0.0	0.0	2e-05	0.0	0.0	0.0	0.0	2e-05	0.0	0.0	2e-05	2e-05	0.0	0.0	0.0	0.0	0.0	0.0	0.0	8e-05	2e-05	4e-05	0.0	2e-05	4e-05	0.0	0.0	2e-05	2e-05	0.0	2e-05	0.0	4e-05	0.0	2e-05	4e-05	4e-05	4e-05	4e-05	2e-05	4e-05	4e-05	0.00012	6e-05	2e-05	6e-05	4e-05	2e-05	6e-05	4e-05	6e-05	2e-05	4e-05	0.0	4e-05	0.00016	6e-05	2e-05	0.0001	0.00012	0.0001	0.0001	0.00016	0.00016	0.00014	0.0002	0.00032	0.0002	0.00024	0.00032	0.0003	0.00032	0.00046	0.00054	0.0007	0.00068	0.00108	0.0015	0.00382	0.04456	0.09702	0.07772	0.05958	0.04788	0.03514	0.02644	0.02152	0.01592	0.0122	0.00834	0.01838	
