#===============
# ll~ : ee
# qq~ : db~
# FF  : dipole
# XY  : LL LR RL RR
# coef : 0 0
# type : Z*Z
# Nevs : 50000
#===============
#
# XSEC	BIN_MIN	BIN_MAX 	 Kij 
#
4.7626  200.0  300.0  0.00032	0.00042	0.00066	0.0009	0.007	0.0984	0.07884	0.064	0.05238	0.04156	0.0008	0.0	0.0	0.0	0.0	0.0	0.0	0.0	0.0	0.0	0.0	0.0	0.0	0.0	0.0	0.0	0.0	0.0	0.0	0.0	0.0	0.0	0.0	0.0	0.0	0.0	0.0	0.0	0.0	0.0	0.0	0.0	0.0	0.0	0.0	0.0	0.0	0.0	0.0	0.0	0.0	0.0	0.0	0.0	0.0	0.0	0.0	0.0	0.0	0.0	0.0	0.0	0.0	0.0	0.0	0.0	0.0	0.0	0.0	0.0	0.0	0.0	0.0	0.0	0.0	0.0	0.0	0.0	0.0	0.0	0.0	0.0	0.0	0.0	0.0	0.0	0.0	0.0	0.0	0.0	0.0	0.0	0.0	0.0	0.0	0.0	0.0	0.0	0.0	
1.71366  300.0  400.0  4e-05	8e-05	0.00016	4e-05	0.00012	0.00056	0.00054	0.00088	0.00144	0.00978	0.10166	0.08714	0.07442	0.0635	0.0493	0.00126	0.0	0.0	0.0	0.0	0.0	0.0	0.0	0.0	0.0	0.0	0.0	0.0	0.0	0.0	0.0	0.0	0.0	0.0	0.0	0.0	0.0	0.0	0.0	0.0	0.0	0.0	0.0	0.0	0.0	0.0	0.0	0.0	0.0	0.0	0.0	0.0	0.0	0.0	0.0	0.0	0.0	0.0	0.0	0.0	0.0	0.0	0.0	0.0	0.0	0.0	0.0	0.0	0.0	0.0	0.0	0.0	0.0	0.0	0.0	0.0	0.0	0.0	0.0	0.0	0.0	0.0	0.0	0.0	0.0	0.0	0.0	0.0	0.0	0.0	0.0	0.0	0.0	0.0	0.0	0.0	0.0	0.0	0.0	
0.82034  400.0  500.0  6e-05	8e-05	2e-05	4e-05	4e-05	0.00018	0.00036	0.00022	0.00028	0.00042	0.00058	0.0008	0.00104	0.00202	0.0107	0.09992	0.09096	0.08114	0.0716	0.05542	0.00192	0.0	0.0	0.0	0.0	0.0	0.0	0.0	0.0	0.0	0.0	0.0	0.0	0.0	0.0	0.0	0.0	0.0	0.0	0.0	0.0	0.0	0.0	0.0	0.0	0.0	0.0	0.0	0.0	0.0	0.0	0.0	0.0	0.0	0.0	0.0	0.0	0.0	0.0	0.0	0.0	0.0	0.0	0.0	0.0	0.0	0.0	0.0	0.0	0.0	0.0	0.0	0.0	0.0	0.0	0.0	0.0	0.0	0.0	0.0	0.0	0.0	0.0	0.0	0.0	0.0	0.0	0.0	0.0	0.0	0.0	0.0	0.0	0.0	0.0	0.0	0.0	0.0	0.0	
0.4501  500.0  600.0  0.0	2e-05	4e-05	0.0	8e-05	0.00018	0.00018	0.0001	0.0003	0.00018	0.00022	0.00034	0.00032	0.00048	0.00076	0.00074	0.00068	0.0012	0.00192	0.01356	0.09682	0.09118	0.0815	0.0724	0.0604	0.00232	0.0	0.0	0.0	0.0	0.0	0.0	0.0	0.0	0.0	0.0	0.0	0.0	0.0	0.0	0.0	0.0	0.0	0.0	0.0	0.0	0.0	0.0	0.0	0.0	0.0	0.0	0.0	0.0	0.0	0.0	0.0	0.0	0.0	0.0	0.0	0.0	0.0	0.0	0.0	0.0	0.0	0.0	0.0	0.0	0.0	0.0	0.0	0.0	0.0	0.0	0.0	0.0	0.0	0.0	0.0	0.0	0.0	0.0	0.0	0.0	0.0	0.0	0.0	0.0	0.0	0.0	0.0	0.0	0.0	0.0	0.0	0.0	0.0	
0.26812  600.0  700.0  4e-05	0.0	0.0	0.0001	2e-05	2e-05	0.00014	0.00012	0.00014	0.00022	0.00012	0.00016	0.00024	0.0002	0.0002	0.00032	0.0003	0.0004	0.00042	0.00076	0.00076	0.0011	0.00152	0.00252	0.01354	0.14446	0.12624	0.10798	0.02966	0.0	0.0	0.0	0.0	0.0	0.0	0.0	0.0	0.0	0.0	0.0	0.0	0.0	0.0	0.0	0.0	0.0	0.0	0.0	0.0	0.0	0.0	0.0	0.0	0.0	0.0	0.0	0.0	0.0	0.0	0.0	0.0	0.0	0.0	0.0	0.0	0.0	0.0	0.0	0.0	0.0	0.0	0.0	0.0	0.0	0.0	0.0	0.0	0.0	0.0	0.0	0.0	0.0	0.0	0.0	0.0	0.0	0.0	0.0	0.0	0.0	0.0	0.0	0.0	0.0	0.0	0.0	0.0	0.0	0.0	
0.16909  700.0  800.0  0.0	0.0	2e-05	0.0	0.0	4e-05	6e-05	0.00012	0.00016	6e-05	0.00018	0.00018	8e-05	0.00016	0.00018	0.00016	0.0002	0.00026	0.0003	0.00044	0.00026	0.00034	0.00068	0.00064	0.0005	0.00138	0.00192	0.00568	0.10896	0.1325	0.11736	0.0655	2e-05	0.0	0.0	0.0	0.0	0.0	0.0	0.0	0.0	0.0	0.0	0.0	0.0	0.0	0.0	0.0	0.0	0.0	0.0	0.0	0.0	0.0	0.0	0.0	0.0	0.0	0.0	0.0	0.0	0.0	0.0	0.0	0.0	0.0	0.0	0.0	0.0	0.0	0.0	0.0	0.0	0.0	0.0	0.0	0.0	0.0	0.0	0.0	0.0	0.0	0.0	0.0	0.0	0.0	0.0	0.0	0.0	0.0	0.0	0.0	0.0	0.0	0.0	0.0	0.0	0.0	0.0	
0.11108  800.0  900.0  0.0	0.0	0.0	4e-05	4e-05	0.0	6e-05	8e-05	6e-05	0.00014	0.0001	0.0001	0.00014	0.00014	8e-05	8e-05	0.00016	0.00018	0.0002	0.00022	0.00026	0.00036	0.0003	0.0003	0.00046	0.0007	0.00074	0.00098	0.00114	0.00184	0.00434	0.0615	0.1397	0.1232	0.0992	0.00342	0.0	0.0	0.0	0.0	0.0	0.0	0.0	0.0	0.0	0.0	0.0	0.0	0.0	0.0	0.0	0.0	0.0	0.0	0.0	0.0	0.0	0.0	0.0	0.0	0.0	0.0	0.0	0.0	0.0	0.0	0.0	0.0	0.0	0.0	0.0	0.0	0.0	0.0	0.0	0.0	0.0	0.0	0.0	0.0	0.0	0.0	0.0	0.0	0.0	0.0	0.0	0.0	0.0	0.0	0.0	0.0	0.0	0.0	0.0	0.0	0.0	0.0	0.0	
0.07541  900.0  1000.0  0.0	0.0	0.0	0.0	2e-05	2e-05	2e-05	2e-05	6e-05	6e-05	4e-05	4e-05	8e-05	0.0001	8e-05	0.00012	0.0001	0.0001	0.00012	0.00014	0.00016	0.00016	8e-05	0.00036	0.00016	0.00036	0.00044	0.00056	0.0007	0.00082	0.00092	0.00086	0.00162	0.00286	0.01906	0.2296	0.17896	0.00374	0.0	0.0	0.0	0.0	0.0	0.0	0.0	0.0	0.0	0.0	0.0	0.0	0.0	0.0	0.0	0.0	0.0	0.0	0.0	0.0	0.0	0.0	0.0	0.0	0.0	0.0	0.0	0.0	0.0	0.0	0.0	0.0	0.0	0.0	0.0	0.0	0.0	0.0	0.0	0.0	0.0	0.0	0.0	0.0	0.0	0.0	0.0	0.0	0.0	0.0	0.0	0.0	0.0	0.0	0.0	0.0	0.0	0.0	0.0	0.0	0.0	
0.08977  1000.0  1200.0  0.0	0.0	2e-05	2e-05	0.0	2e-05	0.0	2e-05	2e-05	2e-05	2e-05	8e-05	4e-05	4e-05	8e-05	0.00014	0.0002	6e-05	0.0001	0.00012	0.0001	6e-05	8e-05	4e-05	8e-05	0.00022	0.00026	0.0003	0.00034	0.00034	0.00036	0.00058	0.00064	0.00072	0.00096	0.00206	0.01306	0.13366	0.11422	0.09486	0.07236	0.0018	0.0	0.0	0.0	0.0	0.0	0.0	0.0	0.0	0.0	0.0	0.0	0.0	0.0	0.0	0.0	0.0	0.0	0.0	0.0	0.0	0.0	0.0	0.0	0.0	0.0	0.0	0.0	0.0	0.0	0.0	0.0	0.0	0.0	0.0	0.0	0.0	0.0	0.0	0.0	0.0	0.0	0.0	0.0	0.0	0.0	0.0	0.0	0.0	0.0	0.0	0.0	0.0	0.0	0.0	0.0	0.0	0.0	
0.04666  1200.0  1400.0  0.0	0.0	0.0	2e-05	0.0	0.0	2e-05	2e-05	6e-05	8e-05	8e-05	4e-05	0.0	6e-05	6e-05	6e-05	4e-05	4e-05	8e-05	8e-05	4e-05	8e-05	8e-05	0.00012	8e-05	0.0001	0.00014	0.0002	0.00016	0.0001	0.00014	0.00026	6e-05	0.00036	0.00036	0.00058	0.00068	0.00116	0.00138	0.00274	0.01458	0.12914	0.13062	0.10808	0.04254	0.0	0.0	0.0	0.0	0.0	0.0	0.0	0.0	0.0	0.0	0.0	0.0	0.0	0.0	0.0	0.0	0.0	0.0	0.0	0.0	0.0	0.0	0.0	0.0	0.0	0.0	0.0	0.0	0.0	0.0	0.0	0.0	0.0	0.0	0.0	0.0	0.0	0.0	0.0	0.0	0.0	0.0	0.0	0.0	0.0	0.0	0.0	0.0	0.0	0.0	0.0	0.0	0.0	0.0	
0.02562  1400.0  1600.0  0.0	0.0	0.0	0.0	0.0	0.0	0.0	2e-05	2e-05	2e-05	2e-05	4e-05	4e-05	0.0	0.0	6e-05	0.00016	6e-05	4e-05	4e-05	2e-05	0.00012	0.0	6e-05	8e-05	0.0001	0.00016	8e-05	0.0001	0.00014	0.00016	0.00026	0.00024	0.00038	0.0001	0.00042	0.00038	0.00052	0.00062	0.00052	0.0008	0.0009	0.00152	0.00474	0.08988	0.14032	0.12078	0.0786	2e-05	0.0	0.0	0.0	0.0	0.0	0.0	0.0	0.0	0.0	0.0	0.0	0.0	0.0	0.0	0.0	0.0	0.0	0.0	0.0	0.0	0.0	0.0	0.0	0.0	0.0	0.0	0.0	0.0	0.0	0.0	0.0	0.0	0.0	0.0	0.0	0.0	0.0	0.0	0.0	0.0	0.0	0.0	0.0	0.0	0.0	0.0	0.0	0.0	0.0	0.0	
0.01466  1600.0  1800.0  2e-05	0.0	0.0	0.0	2e-05	2e-05	4e-05	2e-05	0.0	0.0	4e-05	2e-05	2e-05	6e-05	0.0	2e-05	4e-05	0.0	4e-05	4e-05	2e-05	0.0	2e-05	0.0	4e-05	8e-05	0.0001	4e-05	2e-05	0.00012	0.0001	0.0001	0.0001	0.00016	2e-05	0.00022	0.0002	0.00038	0.00032	0.00028	0.00048	0.00048	0.00078	0.00074	0.00114	0.0016	0.00412	0.03954	0.1698	0.1405	0.07944	0.0	0.0	0.0	0.0	0.0	0.0	0.0	0.0	0.0	0.0	0.0	0.0	0.0	0.0	0.0	0.0	0.0	0.0	0.0	0.0	0.0	0.0	0.0	0.0	0.0	0.0	0.0	0.0	0.0	0.0	0.0	0.0	0.0	0.0	0.0	0.0	0.0	0.0	0.0	0.0	0.0	0.0	0.0	0.0	0.0	0.0	0.0	0.0	
0.00864  1800.0  2000.0  0.0	0.0	0.0	0.0	0.0	0.0	2e-05	0.0	0.0	0.0	2e-05	2e-05	2e-05	0.0	4e-05	0.0	0.0	0.0	4e-05	0.0	4e-05	0.0	8e-05	0.0	6e-05	4e-05	8e-05	0.0001	6e-05	6e-05	2e-05	4e-05	6e-05	6e-05	0.0002	0.00016	0.00018	0.00016	0.00016	0.00014	0.00032	0.00028	0.00036	0.00048	0.0006	0.00062	0.00086	0.00112	0.00164	0.00506	0.0671	0.16466	0.15442	0.04452	0.0	0.0	0.0	0.0	0.0	0.0	0.0	0.0	0.0	0.0	0.0	0.0	0.0	0.0	0.0	0.0	0.0	0.0	0.0	0.0	0.0	0.0	0.0	0.0	0.0	0.0	0.0	0.0	0.0	0.0	0.0	0.0	0.0	0.0	0.0	0.0	0.0	0.0	0.0	0.0	0.0	0.0	0.0	0.0	0.0	
0.00617  2000.0  2250.0  0.0	0.0	0.0	0.0	2e-05	0.0	0.0	0.0	2e-05	2e-05	0.0	2e-05	0.0	0.0	0.0	0.00012	0.0	2e-05	2e-05	0.0	0.0	2e-05	2e-05	6e-05	4e-05	2e-05	0.0	6e-05	8e-05	0.00012	0.00012	6e-05	8e-05	2e-05	6e-05	0.00016	0.00026	0.00012	0.0003	0.00024	0.00014	0.00022	0.00028	0.00044	0.00048	0.00042	0.00034	0.00052	0.00078	0.00104	0.00118	0.00196	0.00744	0.11678	0.14734	0.1192	0.04866	0.0	0.0	0.0	0.0	0.0	0.0	0.0	0.0	0.0	0.0	0.0	0.0	0.0	0.0	0.0	0.0	0.0	0.0	0.0	0.0	0.0	0.0	0.0	0.0	0.0	0.0	0.0	0.0	0.0	0.0	0.0	0.0	0.0	0.0	0.0	0.0	0.0	0.0	0.0	0.0	0.0	0.0	
0.00339  2250.0  2500.0  2e-05	0.0	2e-05	0.0	2e-05	0.0	2e-05	2e-05	2e-05	0.0	2e-05	2e-05	4e-05	2e-05	0.0	2e-05	2e-05	2e-05	0.0	0.0	2e-05	0.0	6e-05	2e-05	2e-05	6e-05	0.00012	2e-05	4e-05	2e-05	4e-05	6e-05	8e-05	4e-05	0.0	0.0001	0.0001	0.00012	0.00022	0.0001	0.00022	0.00016	0.00032	0.0001	0.00026	0.0003	0.00036	0.00032	0.00036	0.00062	0.0006	0.00058	0.00102	0.00152	0.00202	0.00644	0.09938	0.1522	0.12612	0.06254	0.0	0.0	0.0	0.0	0.0	0.0	0.0	0.0	0.0	0.0	0.0	0.0	0.0	0.0	0.0	0.0	0.0	0.0	0.0	0.0	0.0	0.0	0.0	0.0	0.0	0.0	0.0	0.0	0.0	0.0	0.0	0.0	0.0	0.0	0.0	0.0	0.0	0.0	0.0	
0.0019  2500.0  2750.0  0.0	0.0	0.0	0.0	0.0	0.0	0.0	0.0	0.0	0.0	0.0	0.0	0.0	0.0	2e-05	2e-05	6e-05	2e-05	8e-05	2e-05	2e-05	0.0	6e-05	0.0	0.0001	2e-05	2e-05	2e-05	0.00012	4e-05	2e-05	0.0001	0.00016	4e-05	8e-05	0.00012	4e-05	8e-05	0.00014	8e-05	8e-05	0.0	0.00016	0.00014	0.00016	0.00018	0.00022	0.00024	0.00026	0.0003	0.00036	0.00044	0.00048	0.0008	0.00082	0.00088	0.0011	0.00214	0.00584	0.07802	0.15702	0.1298	0.0776	0.0	0.0	0.0	0.0	0.0	0.0	0.0	0.0	0.0	0.0	0.0	0.0	0.0	0.0	0.0	0.0	0.0	0.0	0.0	0.0	0.0	0.0	0.0	0.0	0.0	0.0	0.0	0.0	0.0	0.0	0.0	0.0	0.0	0.0	0.0	0.0	
0.00109  2750.0  3000.0  0.0	2e-05	0.0	0.0	0.0	0.0	0.0	0.0	2e-05	0.0	0.0	2e-05	0.0	0.0	0.0	0.0	2e-05	2e-05	0.0	2e-05	2e-05	4e-05	0.0	0.0	0.0	2e-05	4e-05	6e-05	8e-05	6e-05	2e-05	6e-05	6e-05	2e-05	0.0	6e-05	8e-05	0.00014	4e-05	0.00012	8e-05	6e-05	0.0001	0.00018	0.0002	0.00014	0.00024	0.00016	0.00018	0.00032	0.0003	0.00038	0.0004	0.00026	0.00056	0.00046	0.00066	0.00082	0.0009	0.00126	0.00206	0.00596	0.05986	0.16088	0.13168	0.0919	0.0002	0.0	0.0	0.0	0.0	0.0	0.0	0.0	0.0	0.0	0.0	0.0	0.0	0.0	0.0	0.0	0.0	0.0	0.0	0.0	0.0	0.0	0.0	0.0	0.0	0.0	0.0	0.0	0.0	0.0	0.0	0.0	0.0	
0.00099  3000.0  3500.0  0.0	2e-05	0.0	0.0	0.0	2e-05	0.0	0.0	2e-05	0.0	0.0	2e-05	0.0	0.0	0.0	0.0	2e-05	0.0	2e-05	0.0	2e-05	0.0	0.0	8e-05	0.0	6e-05	2e-05	2e-05	0.0	0.0	2e-05	6e-05	0.0001	0.0	6e-05	6e-05	2e-05	4e-05	2e-05	8e-05	8e-05	4e-05	0.0001	0.00014	6e-05	0.00018	4e-05	4e-05	0.0002	0.00016	0.00012	0.00016	0.0003	0.0002	0.00032	0.00046	0.00044	0.00046	0.0007	0.00058	0.00058	0.0007	0.00136	0.00174	0.00354	0.0254	0.10418	0.09066	0.07604	0.06202	0.05084	0.0406	0.00408	0.0	0.0	0.0	0.0	0.0	0.0	0.0	0.0	0.0	0.0	0.0	0.0	0.0	0.0	0.0	0.0	0.0	0.0	0.0	0.0	0.0	0.0	0.0	0.0	0.0	0.0	
0.00034  3500.0  4000.0  0.0	0.0	0.0	0.0	0.0	4e-05	0.0	2e-05	0.0	2e-05	0.0	2e-05	0.0	0.0	0.0	0.0	0.0	2e-05	0.0	2e-05	0.0	2e-05	6e-05	4e-05	2e-05	0.0	0.0	2e-05	4e-05	0.0	0.0	4e-05	2e-05	2e-05	6e-05	4e-05	0.0	2e-05	4e-05	8e-05	8e-05	2e-05	4e-05	6e-05	0.0	6e-05	4e-05	8e-05	6e-05	0.00012	0.00012	0.00014	0.00016	0.00018	0.00014	0.00012	0.00018	0.00016	0.00012	0.0002	0.00036	0.00028	0.0004	0.00042	0.00046	0.00056	0.00068	0.00104	0.00114	0.00126	0.00342	0.00992	0.09538	0.09436	0.07762	0.06626	0.05446	0.0468	0.01344	0.0	0.0	0.0	0.0	0.0	0.0	0.0	0.0	0.0	0.0	0.0	0.0	0.0	0.0	0.0	0.0	0.0	0.0	0.0	0.0	
0.00019  4000.0  15000.0  2e-05	0.0	2e-05	0.0	0.0	2e-05	0.0	0.0	0.0	0.0	0.0	0.0	0.0	2e-05	0.0	0.0	0.0	0.0	0.0	2e-05	2e-05	2e-05	2e-05	0.0	0.0	0.0	4e-05	0.0	0.0	2e-05	0.0	2e-05	4e-05	0.0	4e-05	4e-05	2e-05	6e-05	0.0	0.0	0.0001	6e-05	2e-05	4e-05	2e-05	0.0001	8e-05	2e-05	6e-05	4e-05	6e-05	0.00012	0.0001	0.00014	0.0001	6e-05	0.00018	0.00014	4e-05	0.0001	0.0001	0.00022	0.0002	0.00018	0.00018	0.00032	0.00024	0.00038	0.00028	0.00044	0.00034	0.0006	0.00044	0.00074	0.00084	0.00122	0.00242	0.00546	0.06666	0.07636	0.06154	0.05102	0.03942	0.03248	0.02618	0.02112	0.01694	0.0143	0.01118	0.0085	0.0077	0.00564	0.0046	0.00392	0.00324	0.00238	0.00188	0.00178	0.00148	
