#===============
# ll~ : ee
# qq~ : uc~
# FF  : dipole
# XY  : LL LR RL RR
# coef : 0 0
# type : A*Z
# Nevs : 50000
#===============
#
# XSEC	BIN_MIN	BIN_MAX 	 Kij 
#
14.5458  200.0  300.0  0.00032	0.00056	0.0007	0.00076	0.00502	0.08068	0.06786	0.05534	0.04812	0.03782	0.00108	0.0	0.0	0.0	0.0	0.0	0.0	0.0	0.0	0.0	0.0	0.0	0.0	0.0	0.0	0.0	0.0	0.0	0.0	0.0	0.0	0.0	0.0	0.0	0.0	0.0	0.0	0.0	0.0	0.0	0.0	0.0	0.0	0.0	0.0	0.0	0.0	0.0	0.0	0.0	0.0	0.0	0.0	0.0	0.0	0.0	0.0	0.0	0.0	0.0	0.0	0.0	0.0	0.0	0.0	0.0	0.0	0.0	0.0	0.0	0.0	0.0	0.0	0.0	0.0	0.0	0.0	0.0	0.0	0.0	0.0	0.0	0.0	0.0	0.0	0.0	0.0	0.0	0.0	0.0	0.0	0.0	0.0	0.0	0.0	0.0	0.0	0.0	0.0	
5.9536  300.0  400.0  4e-05	0.0001	6e-05	0.00018	0.00014	0.00028	0.00064	0.00092	0.00142	0.00812	0.08744	0.07598	0.06658	0.06012	0.04636	0.0014	0.0	0.0	0.0	0.0	0.0	0.0	0.0	0.0	0.0	0.0	0.0	0.0	0.0	0.0	0.0	0.0	0.0	0.0	0.0	0.0	0.0	0.0	0.0	0.0	0.0	0.0	0.0	0.0	0.0	0.0	0.0	0.0	0.0	0.0	0.0	0.0	0.0	0.0	0.0	0.0	0.0	0.0	0.0	0.0	0.0	0.0	0.0	0.0	0.0	0.0	0.0	0.0	0.0	0.0	0.0	0.0	0.0	0.0	0.0	0.0	0.0	0.0	0.0	0.0	0.0	0.0	0.0	0.0	0.0	0.0	0.0	0.0	0.0	0.0	0.0	0.0	0.0	0.0	0.0	0.0	0.0	0.0	0.0	
3.07718  400.0  500.0  0.0	8e-05	2e-05	6e-05	8e-05	0.00018	0.00018	0.00032	0.00036	0.00042	0.00058	0.0007	0.00118	0.00186	0.00966	0.09074	0.0807	0.07184	0.06396	0.05292	0.00142	0.0	0.0	0.0	0.0	0.0	0.0	0.0	0.0	0.0	0.0	0.0	0.0	0.0	0.0	0.0	0.0	0.0	0.0	0.0	0.0	0.0	0.0	0.0	0.0	0.0	0.0	0.0	0.0	0.0	0.0	0.0	0.0	0.0	0.0	0.0	0.0	0.0	0.0	0.0	0.0	0.0	0.0	0.0	0.0	0.0	0.0	0.0	0.0	0.0	0.0	0.0	0.0	0.0	0.0	0.0	0.0	0.0	0.0	0.0	0.0	0.0	0.0	0.0	0.0	0.0	0.0	0.0	0.0	0.0	0.0	0.0	0.0	0.0	0.0	0.0	0.0	0.0	0.0	
1.78608  500.0  600.0  4e-05	2e-05	6e-05	4e-05	4e-05	0.0001	0.00014	4e-05	0.00012	0.00022	0.00038	0.0002	0.00054	0.00046	0.0004	0.00074	0.00074	0.0013	0.00186	0.01044	0.092	0.08264	0.0746	0.07008	0.05568	0.00216	0.0	0.0	0.0	0.0	0.0	0.0	0.0	0.0	0.0	0.0	0.0	0.0	0.0	0.0	0.0	0.0	0.0	0.0	0.0	0.0	0.0	0.0	0.0	0.0	0.0	0.0	0.0	0.0	0.0	0.0	0.0	0.0	0.0	0.0	0.0	0.0	0.0	0.0	0.0	0.0	0.0	0.0	0.0	0.0	0.0	0.0	0.0	0.0	0.0	0.0	0.0	0.0	0.0	0.0	0.0	0.0	0.0	0.0	0.0	0.0	0.0	0.0	0.0	0.0	0.0	0.0	0.0	0.0	0.0	0.0	0.0	0.0	0.0	
1.11556  600.0  700.0  6e-05	2e-05	2e-05	2e-05	0.0	2e-05	6e-05	6e-05	4e-05	0.0001	0.00012	0.00014	0.00024	0.00024	0.00018	0.00022	0.00046	0.00048	0.00048	0.0006	0.00082	0.0008	0.00114	0.0024	0.01168	0.13118	0.11876	0.10676	0.02804	0.0	0.0	0.0	0.0	0.0	0.0	0.0	0.0	0.0	0.0	0.0	0.0	0.0	0.0	0.0	0.0	0.0	0.0	0.0	0.0	0.0	0.0	0.0	0.0	0.0	0.0	0.0	0.0	0.0	0.0	0.0	0.0	0.0	0.0	0.0	0.0	0.0	0.0	0.0	0.0	0.0	0.0	0.0	0.0	0.0	0.0	0.0	0.0	0.0	0.0	0.0	0.0	0.0	0.0	0.0	0.0	0.0	0.0	0.0	0.0	0.0	0.0	0.0	0.0	0.0	0.0	0.0	0.0	0.0	0.0	
0.73222  700.0  800.0  0.0	0.0	0.0	2e-05	4e-05	0.00012	4e-05	0.00014	0.00014	8e-05	0.00012	0.00016	8e-05	0.00014	0.00016	0.00022	0.0001	0.00024	0.0003	0.0002	0.00032	0.00048	0.00048	0.0005	0.00066	0.00098	0.00162	0.00614	0.1017	0.12468	0.11506	0.0631	0.0	0.0	0.0	0.0	0.0	0.0	0.0	0.0	0.0	0.0	0.0	0.0	0.0	0.0	0.0	0.0	0.0	0.0	0.0	0.0	0.0	0.0	0.0	0.0	0.0	0.0	0.0	0.0	0.0	0.0	0.0	0.0	0.0	0.0	0.0	0.0	0.0	0.0	0.0	0.0	0.0	0.0	0.0	0.0	0.0	0.0	0.0	0.0	0.0	0.0	0.0	0.0	0.0	0.0	0.0	0.0	0.0	0.0	0.0	0.0	0.0	0.0	0.0	0.0	0.0	0.0	0.0	
0.49874  800.0  900.0  4e-05	0.0	0.0	2e-05	0.0	0.0	0.0	6e-05	8e-05	0.0001	6e-05	0.0001	0.00014	0.0001	0.00016	0.00012	0.0002	0.00012	0.00014	0.00026	0.00018	0.0003	0.00022	0.00028	0.00046	0.00052	0.00072	0.00086	0.00112	0.00176	0.00402	0.05742	0.13278	0.11906	0.09664	0.0025	0.0	0.0	0.0	0.0	0.0	0.0	0.0	0.0	0.0	0.0	0.0	0.0	0.0	0.0	0.0	0.0	0.0	0.0	0.0	0.0	0.0	0.0	0.0	0.0	0.0	0.0	0.0	0.0	0.0	0.0	0.0	0.0	0.0	0.0	0.0	0.0	0.0	0.0	0.0	0.0	0.0	0.0	0.0	0.0	0.0	0.0	0.0	0.0	0.0	0.0	0.0	0.0	0.0	0.0	0.0	0.0	0.0	0.0	0.0	0.0	0.0	0.0	0.0	
0.34996  900.0  1000.0  0.0	2e-05	6e-05	0.0	0.0	0.0	0.0	2e-05	2e-05	0.0	8e-05	4e-05	6e-05	6e-05	0.00014	4e-05	0.00018	0.0001	8e-05	6e-05	0.00026	0.00018	0.00012	0.00014	0.00028	0.00036	0.00028	0.0005	0.00052	0.0009	0.00074	0.00122	0.00142	0.00284	0.0177	0.21716	0.1733	0.00316	0.0	0.0	0.0	0.0	0.0	0.0	0.0	0.0	0.0	0.0	0.0	0.0	0.0	0.0	0.0	0.0	0.0	0.0	0.0	0.0	0.0	0.0	0.0	0.0	0.0	0.0	0.0	0.0	0.0	0.0	0.0	0.0	0.0	0.0	0.0	0.0	0.0	0.0	0.0	0.0	0.0	0.0	0.0	0.0	0.0	0.0	0.0	0.0	0.0	0.0	0.0	0.0	0.0	0.0	0.0	0.0	0.0	0.0	0.0	0.0	0.0	
0.434  1000.0  1200.0  0.0	2e-05	2e-05	2e-05	0.0	2e-05	0.0	2e-05	6e-05	6e-05	4e-05	6e-05	6e-05	0.00016	2e-05	0.00014	0.0001	0.0	0.0001	0.00014	6e-05	2e-05	8e-05	0.00014	0.00018	0.00028	0.00026	0.00024	0.00016	0.00032	0.00028	0.00046	0.0005	0.00072	0.00064	0.00204	0.01318	0.12856	0.111	0.09134	0.07366	0.00154	0.0	0.0	0.0	0.0	0.0	0.0	0.0	0.0	0.0	0.0	0.0	0.0	0.0	0.0	0.0	0.0	0.0	0.0	0.0	0.0	0.0	0.0	0.0	0.0	0.0	0.0	0.0	0.0	0.0	0.0	0.0	0.0	0.0	0.0	0.0	0.0	0.0	0.0	0.0	0.0	0.0	0.0	0.0	0.0	0.0	0.0	0.0	0.0	0.0	0.0	0.0	0.0	0.0	0.0	0.0	0.0	0.0	
0.2381  1200.0  1400.0  0.0	2e-05	0.0	0.0	0.0	0.0	2e-05	0.0	0.0	2e-05	4e-05	2e-05	6e-05	6e-05	0.0001	6e-05	6e-05	0.00016	4e-05	0.00016	4e-05	4e-05	6e-05	0.0001	6e-05	0.00012	4e-05	0.00012	0.00018	0.00024	0.00014	0.00014	0.00024	0.00026	0.00024	0.00076	0.0009	0.00094	0.00138	0.00238	0.01372	0.1248	0.12802	0.10628	0.04542	0.0	0.0	0.0	0.0	0.0	0.0	0.0	0.0	0.0	0.0	0.0	0.0	0.0	0.0	0.0	0.0	0.0	0.0	0.0	0.0	0.0	0.0	0.0	0.0	0.0	0.0	0.0	0.0	0.0	0.0	0.0	0.0	0.0	0.0	0.0	0.0	0.0	0.0	0.0	0.0	0.0	0.0	0.0	0.0	0.0	0.0	0.0	0.0	0.0	0.0	0.0	0.0	0.0	0.0	
0.13729  1400.0  1600.0  0.0	0.0	0.0	0.0	0.0	2e-05	0.0	4e-05	2e-05	0.0	2e-05	6e-05	6e-05	6e-05	2e-05	8e-05	4e-05	4e-05	2e-05	0.00012	0.00018	6e-05	2e-05	0.0001	6e-05	8e-05	0.00014	0.00014	0.0001	0.0001	0.0001	0.0003	8e-05	0.00014	0.00032	0.00014	0.00046	0.0003	0.0004	0.00068	0.00082	0.00116	0.0018	0.00466	0.0858	0.14014	0.11344	0.07834	4e-05	0.0	0.0	0.0	0.0	0.0	0.0	0.0	0.0	0.0	0.0	0.0	0.0	0.0	0.0	0.0	0.0	0.0	0.0	0.0	0.0	0.0	0.0	0.0	0.0	0.0	0.0	0.0	0.0	0.0	0.0	0.0	0.0	0.0	0.0	0.0	0.0	0.0	0.0	0.0	0.0	0.0	0.0	0.0	0.0	0.0	0.0	0.0	0.0	0.0	0.0	
0.082  1600.0  1800.0  0.0	0.0	0.0	0.0	0.0	0.0	0.0	0.0	0.0	0.0	2e-05	2e-05	0.0	2e-05	4e-05	4e-05	2e-05	6e-05	2e-05	0.0	6e-05	6e-05	8e-05	0.0001	2e-05	6e-05	0.0001	4e-05	0.00012	8e-05	0.0001	0.00014	8e-05	0.0001	0.0001	0.00032	0.00026	0.00022	0.00032	0.00028	0.00034	0.00044	0.00062	0.00094	0.0011	0.00144	0.00332	0.03862	0.16484	0.13852	0.07898	0.0	0.0	0.0	0.0	0.0	0.0	0.0	0.0	0.0	0.0	0.0	0.0	0.0	0.0	0.0	0.0	0.0	0.0	0.0	0.0	0.0	0.0	0.0	0.0	0.0	0.0	0.0	0.0	0.0	0.0	0.0	0.0	0.0	0.0	0.0	0.0	0.0	0.0	0.0	0.0	0.0	0.0	0.0	0.0	0.0	0.0	0.0	0.0	
0.05044  1800.0  2000.0  2e-05	0.0	0.0	0.0	0.0	0.0	2e-05	0.0	0.0	4e-05	2e-05	2e-05	2e-05	2e-05	0.0	0.0	4e-05	0.0	4e-05	2e-05	8e-05	0.0	0.0	6e-05	8e-05	6e-05	4e-05	4e-05	0.0001	4e-05	8e-05	0.0	8e-05	6e-05	6e-05	0.00016	8e-05	0.00016	0.00026	0.00036	0.00016	0.00046	0.0005	0.00046	0.00052	0.00054	0.00098	0.0013	0.00182	0.00444	0.06312	0.16388	0.15114	0.04458	0.0	0.0	0.0	0.0	0.0	0.0	0.0	0.0	0.0	0.0	0.0	0.0	0.0	0.0	0.0	0.0	0.0	0.0	0.0	0.0	0.0	0.0	0.0	0.0	0.0	0.0	0.0	0.0	0.0	0.0	0.0	0.0	0.0	0.0	0.0	0.0	0.0	0.0	0.0	0.0	0.0	0.0	0.0	0.0	0.0	
0.03764  2000.0  2250.0  0.0	0.0	2e-05	0.0	0.0	2e-05	4e-05	2e-05	2e-05	4e-05	0.0	2e-05	0.0	2e-05	0.0	4e-05	2e-05	0.0001	0.0	0.0001	0.0	0.0	0.0	2e-05	2e-05	4e-05	6e-05	4e-05	0.0001	0.00014	2e-05	0.0001	6e-05	8e-05	0.00012	0.00014	0.00016	0.00014	0.00022	0.00018	0.00012	0.00018	0.00014	0.00052	0.0003	0.00044	0.0003	0.0006	0.00084	0.0007	0.00098	0.002	0.007	0.11466	0.14786	0.11652	0.0493	0.0	0.0	0.0	0.0	0.0	0.0	0.0	0.0	0.0	0.0	0.0	0.0	0.0	0.0	0.0	0.0	0.0	0.0	0.0	0.0	0.0	0.0	0.0	0.0	0.0	0.0	0.0	0.0	0.0	0.0	0.0	0.0	0.0	0.0	0.0	0.0	0.0	0.0	0.0	0.0	0.0	0.0	
0.02165  2250.0  2500.0  2e-05	0.0	0.0	0.0	0.0	4e-05	4e-05	2e-05	0.0	0.0	6e-05	0.0	0.0	0.0	6e-05	4e-05	0.0	0.0	0.0	0.0	4e-05	4e-05	4e-05	6e-05	2e-05	2e-05	6e-05	4e-05	6e-05	0.00012	6e-05	4e-05	2e-05	2e-05	4e-05	8e-05	8e-05	0.0001	0.00016	2e-05	8e-05	0.00016	0.00028	0.00014	0.00022	0.0002	0.00034	0.00052	0.00038	0.00048	0.0007	0.00054	0.00098	0.00136	0.00188	0.00672	0.0955	0.14964	0.11974	0.06122	0.0	0.0	0.0	0.0	0.0	0.0	0.0	0.0	0.0	0.0	0.0	0.0	0.0	0.0	0.0	0.0	0.0	0.0	0.0	0.0	0.0	0.0	0.0	0.0	0.0	0.0	0.0	0.0	0.0	0.0	0.0	0.0	0.0	0.0	0.0	0.0	0.0	0.0	0.0	
0.01272  2500.0  2750.0  0.0	0.0	2e-05	0.0	2e-05	0.0	2e-05	0.0	0.0	0.0	0.0	0.0	0.0	4e-05	4e-05	6e-05	2e-05	2e-05	0.0	6e-05	0.0	4e-05	0.0	2e-05	0.0	6e-05	2e-05	6e-05	8e-05	6e-05	6e-05	0.0	2e-05	0.0001	2e-05	8e-05	0.0001	0.00018	6e-05	0.00014	8e-05	8e-05	0.00034	0.00012	0.0002	0.00012	0.0001	0.00012	0.00054	0.00036	0.00026	0.00056	0.00058	0.00054	0.00082	0.00092	0.00162	0.00216	0.00656	0.0756	0.15688	0.12652	0.07696	0.0	0.0	0.0	0.0	0.0	0.0	0.0	0.0	0.0	0.0	0.0	0.0	0.0	0.0	0.0	0.0	0.0	0.0	0.0	0.0	0.0	0.0	0.0	0.0	0.0	0.0	0.0	0.0	0.0	0.0	0.0	0.0	0.0	0.0	0.0	0.0	
0.0076  2750.0  3000.0  0.0	0.0	0.0	0.0	0.0	0.0	0.0	0.0	0.0	0.0	0.0	0.0	2e-05	0.0	2e-05	0.0	4e-05	4e-05	0.0	0.0	4e-05	0.0	4e-05	4e-05	4e-05	4e-05	2e-05	2e-05	2e-05	2e-05	2e-05	6e-05	4e-05	6e-05	6e-05	8e-05	8e-05	4e-05	0.00012	0.00012	0.0001	0.0001	6e-05	0.00016	0.00014	6e-05	0.00026	0.00018	8e-05	0.0002	0.00018	0.0003	0.00042	0.0004	0.00054	0.0003	0.00066	0.00076	0.00102	0.0015	0.0019	0.00636	0.05686	0.15824	0.13502	0.09436	4e-05	0.0	0.0	0.0	0.0	0.0	0.0	0.0	0.0	0.0	0.0	0.0	0.0	0.0	0.0	0.0	0.0	0.0	0.0	0.0	0.0	0.0	0.0	0.0	0.0	0.0	0.0	0.0	0.0	0.0	0.0	0.0	0.0	
0.0074  3000.0  3500.0  0.0	0.0	0.0	0.0	0.0	0.0	0.0	0.0	0.0	0.0	0.0	0.0	6e-05	2e-05	0.0	0.0	0.0	0.0	0.0	4e-05	0.0	0.0	0.0001	2e-05	0.0	6e-05	4e-05	0.0	2e-05	2e-05	4e-05	4e-05	4e-05	4e-05	8e-05	0.0001	4e-05	4e-05	4e-05	4e-05	4e-05	6e-05	0.00012	0.00012	0.00014	0.0001	4e-05	8e-05	0.0	0.0002	0.00014	0.00016	0.00022	0.00032	0.00032	0.00036	0.00044	0.00056	0.00058	0.0006	0.00074	0.00082	0.00094	0.0016	0.00422	0.02438	0.10384	0.08708	0.07376	0.06126	0.05298	0.04372	0.0044	0.0	0.0	0.0	0.0	0.0	0.0	0.0	0.0	0.0	0.0	0.0	0.0	0.0	0.0	0.0	0.0	0.0	0.0	0.0	0.0	0.0	0.0	0.0	0.0	0.0	0.0	
0.00279  3500.0  4000.0  2e-05	0.0	0.0	0.0	0.0	0.0	0.0	0.0	0.0	0.0	0.0	2e-05	0.0	0.0	2e-05	2e-05	0.0	0.0	2e-05	0.0	0.0	2e-05	2e-05	0.0	0.0	4e-05	2e-05	2e-05	8e-05	4e-05	8e-05	6e-05	2e-05	0.0	4e-05	0.00012	6e-05	2e-05	6e-05	8e-05	2e-05	4e-05	4e-05	8e-05	8e-05	0.0	0.0001	8e-05	0.0001	6e-05	0.0001	0.00016	8e-05	0.00016	0.00022	0.0002	0.0002	0.00022	0.00032	0.0003	0.00034	0.00026	0.00042	0.0004	0.0005	0.00066	0.00054	0.0009	0.0009	0.00164	0.00398	0.0098	0.09374	0.09164	0.07752	0.06684	0.0565	0.04628	0.0143	0.0	0.0	0.0	0.0	0.0	0.0	0.0	0.0	0.0	0.0	0.0	0.0	0.0	0.0	0.0	0.0	0.0	0.0	0.0	0.0	
0.00173  4000.0  15000.0  0.0	0.0	2e-05	0.0	2e-05	0.0	0.0	2e-05	0.0	0.0	0.0	0.0	0.0	0.0	0.0	2e-05	2e-05	0.0	0.0	0.0	0.0	0.0	0.0	0.0	0.0	0.0	0.0	2e-05	2e-05	2e-05	6e-05	0.0	2e-05	2e-05	2e-05	0.0001	0.0	4e-05	0.0	4e-05	2e-05	2e-05	6e-05	2e-05	2e-05	0.0	6e-05	2e-05	0.00016	0.0001	0.00012	0.00014	8e-05	0.00018	6e-05	0.0001	4e-05	0.00016	8e-05	4e-05	6e-05	0.00014	0.00016	0.0002	0.00014	0.00014	0.0003	0.00044	0.00028	0.00034	0.00032	0.00058	0.00066	0.00072	0.00094	0.0011	0.0025	0.00492	0.06046	0.07222	0.057	0.04646	0.04044	0.0331	0.02778	0.02186	0.01698	0.01522	0.0123	0.01	0.00884	0.00752	0.0058	0.0043	0.00382	0.003	0.00304	0.00196	0.00176	
