#===============
# Ref : 1903.06248
# Experiment : ATLAS
# ll~ : ee
# qq~ : bd~
# FF  : dipole
# XY  : LL LR RL RR
# coef : 00
# type : A*A
# Nevs : 50000
#===============
#
# XSEC	BIN_MIN	BIN_MAX 	 Kij 
# 225.0 232.51 240.271 248.291 256.579 265.143 273.994 283.139 292.59 302.357 312.449 322.878 333.656 344.793 356.302 368.195 380.485 393.185 406.309 419.872 433.887 448.369 463.336 478.801 494.783 511.299 528.365 546.002 564.227 583.06 602.522 622.634 643.417 664.894 687.087 710.022 733.722 758.213 783.521 809.674 836.7 864.629 893.489 923.313 954.133 985.981 1018.89 1052.9 1088.05 1124.36 1161.9 1200.68 1240.76 1282.17 1324.97 1369.2 1414.9 1462.13 1510.93 1561.36 1613.48 1667.34 1722.99 1780.5 1839.94 1901.35 1964.82 2030.4 2098.17 2168.21 2240.58 2315.37 2392.65 2472.52 2555.05 2640.34 2728.47 2819.54 2913.66 3010.91 3111.41 3215.27 3322.59 3433.5 3548.1 3666.54 3788.92 3915.39 4046.09 4181.14 4320.7 4464.92 4613.96 4767.97 4927.12 5091.58 5261.54 5437.16 5618.6 10000.0 
4.1646  200.0  300.0  0.03862	0.03554	0.03444	0.03214	0.03164	0.03072	0.02848	0.02706	0.01704	0.00012	0.0	0.0	0.0	0.0	0.0	0.0	0.0	0.0	0.0	0.0	0.0	0.0	0.0	0.0	0.0	0.0	0.0	0.0	0.0	0.0	0.0	0.0	0.0	0.0	0.0	0.0	0.0	0.0	0.0	0.0	0.0	0.0	0.0	0.0	0.0	0.0	0.0	0.0	0.0	0.0	0.0	0.0	0.0	0.0	0.0	0.0	0.0	0.0	0.0	0.0	0.0	0.0	0.0	0.0	0.0	0.0	0.0	0.0	0.0	0.0	0.0	0.0	0.0	0.0	0.0	0.0	0.0	0.0	0.0	0.0	0.0	0.0	0.0	0.0	0.0	0.0	0.0	0.0	0.0	0.0	0.0	0.0	0.0	0.0	0.0	0.0	0.0	0.0	0.0	
1.5846  300.0  400.0  0.00018	0.00032	0.00028	0.00076	0.00066	0.00066	0.00098	0.0022	0.02188	0.06542	0.06024	0.05768	0.05568	0.0522	0.04894	0.04618	0.04214	0.0182	0.0	0.0	0.0	0.0	0.0	0.0	0.0	0.0	0.0	0.0	0.0	0.0	0.0	0.0	0.0	0.0	0.0	0.0	0.0	0.0	0.0	0.0	0.0	0.0	0.0	0.0	0.0	0.0	0.0	0.0	0.0	0.0	0.0	0.0	0.0	0.0	0.0	0.0	0.0	0.0	0.0	0.0	0.0	0.0	0.0	0.0	0.0	0.0	0.0	0.0	0.0	0.0	0.0	0.0	0.0	0.0	0.0	0.0	0.0	0.0	0.0	0.0	0.0	0.0	0.0	0.0	0.0	0.0	0.0	0.0	0.0	0.0	0.0	0.0	0.0	0.0	0.0	0.0	0.0	0.0	0.0	
0.72986  400.0  500.0  0.0002	6e-05	0.0001	0.00016	0.00032	0.00014	0.00014	0.0003	0.00022	0.00048	0.00054	0.00056	0.00056	0.00066	0.0009	0.00178	0.00384	0.04664	0.08214	0.07842	0.06924	0.06716	0.0615	0.05518	0.01478	0.0	0.0	0.0	0.0	0.0	0.0	0.0	0.0	0.0	0.0	0.0	0.0	0.0	0.0	0.0	0.0	0.0	0.0	0.0	0.0	0.0	0.0	0.0	0.0	0.0	0.0	0.0	0.0	0.0	0.0	0.0	0.0	0.0	0.0	0.0	0.0	0.0	0.0	0.0	0.0	0.0	0.0	0.0	0.0	0.0	0.0	0.0	0.0	0.0	0.0	0.0	0.0	0.0	0.0	0.0	0.0	0.0	0.0	0.0	0.0	0.0	0.0	0.0	0.0	0.0	0.0	0.0	0.0	0.0	0.0	0.0	0.0	0.0	0.0	
0.37642  500.0  600.0  6e-05	4e-05	6e-05	0.0001	2e-05	4e-05	0.0001	8e-05	0.00016	0.00016	0.00022	0.00024	0.00026	0.00022	0.00028	0.00042	0.0005	0.0005	0.00064	0.00072	0.0008	0.00102	0.00148	0.0063	0.07402	0.09582	0.09138	0.08168	0.07648	0.05614	0.00058	0.0	0.0	0.0	0.0	0.0	0.0	0.0	0.0	0.0	0.0	0.0	0.0	0.0	0.0	0.0	0.0	0.0	0.0	0.0	0.0	0.0	0.0	0.0	0.0	0.0	0.0	0.0	0.0	0.0	0.0	0.0	0.0	0.0	0.0	0.0	0.0	0.0	0.0	0.0	0.0	0.0	0.0	0.0	0.0	0.0	0.0	0.0	0.0	0.0	0.0	0.0	0.0	0.0	0.0	0.0	0.0	0.0	0.0	0.0	0.0	0.0	0.0	0.0	0.0	0.0	0.0	0.0	0.0	
0.21026  600.0  700.0  4e-05	2e-05	6e-05	6e-05	6e-05	6e-05	0.00014	4e-05	6e-05	2e-05	0.0001	6e-05	0.0001	0.0002	0.00018	4e-05	0.00018	0.00032	0.00024	0.00012	0.0005	0.00044	0.00046	0.00048	0.00062	0.00068	0.00074	0.00148	0.00332	0.02764	0.11426	0.10584	0.09876	0.08912	0.04242	0.0	0.0	0.0	0.0	0.0	0.0	0.0	0.0	2e-05	0.0	0.0	0.0	0.0	0.0	0.0	0.0	0.0	0.0	0.0	0.0	0.0	0.0	0.0	0.0	0.0	0.0	0.0	0.0	0.0	0.0	0.0	0.0	0.0	0.0	0.0	0.0	0.0	0.0	0.0	0.0	0.0	0.0	0.0	0.0	0.0	0.0	0.0	0.0	0.0	0.0	0.0	0.0	0.0	0.0	0.0	0.0	0.0	0.0	0.0	0.0	0.0	0.0	0.0	0.0	
0.124076  700.0  800.0  0.0	4e-05	6e-05	0.0	4e-05	4e-05	0.0001	8e-05	8e-05	8e-05	0.0	8e-05	0.00024	6e-05	0.0001	2e-05	0.00016	0.0001	0.00016	0.0003	0.0002	0.00018	0.00024	0.0003	0.00024	0.00042	0.0003	0.00066	0.00056	0.00096	0.00084	0.00098	0.00182	0.00596	0.06776	0.13036	0.1183	0.1038	0.054	0.0	0.0	0.0	0.0	0.0	0.0	0.0	0.0	0.0	0.0	0.0	0.0	0.0	0.0	0.0	0.0	0.0	0.0	0.0	0.0	0.0	0.0	0.0	0.0	0.0	0.0	0.0	0.0	0.0	0.0	0.0	0.0	0.0	0.0	0.0	0.0	0.0	0.0	0.0	0.0	0.0	0.0	0.0	0.0	0.0	0.0	0.0	0.0	0.0	0.0	0.0	0.0	0.0	0.0	0.0	0.0	0.0	0.0	0.0	0.0	
0.076288  800.0  900.0  2e-05	4e-05	2e-05	0.0001	6e-05	4e-05	6e-05	4e-05	2e-05	0.0001	6e-05	0.0001	6e-05	6e-05	2e-05	0.00012	8e-05	0.00012	0.00014	0.00014	0.0002	0.00014	0.00012	0.0001	0.00012	0.00024	0.00026	0.00028	0.00036	0.00042	0.00052	0.00038	0.00096	0.00078	0.001	0.00112	0.00144	0.00494	0.06604	0.14164	0.12984	0.1117	0.02138	0.0	0.0	0.0	0.0	0.0	0.0	0.0	0.0	0.0	0.0	0.0	0.0	0.0	0.0	0.0	0.0	0.0	0.0	0.0	0.0	0.0	0.0	0.0	0.0	0.0	0.0	0.0	0.0	0.0	0.0	0.0	0.0	0.0	0.0	0.0	0.0	0.0	0.0	0.0	0.0	0.0	0.0	0.0	0.0	0.0	0.0	0.0	0.0	0.0	0.0	0.0	0.0	0.0	0.0	0.0	0.0	
0.04857  900.0  1000.0  2e-05	0.0	0.0	4e-05	2e-05	4e-05	2e-05	2e-05	6e-05	2e-05	8e-05	4e-05	0.0	0.00012	8e-05	6e-05	6e-05	0.0001	8e-05	6e-05	0.0001	8e-05	6e-05	0.00012	0.00016	2e-05	0.00014	0.0002	0.0002	0.00016	0.00026	0.00054	0.00034	0.00044	0.00042	0.0006	0.0005	0.00074	0.00108	0.00148	0.00288	0.01064	0.13204	0.14924	0.12998	0.04874	0.0	0.0	0.0	0.0	0.0	0.0	0.0	0.0	0.0	0.0	0.0	0.0	0.0	0.0	0.0	0.0	0.0	0.0	0.0	0.0	0.0	0.0	0.0	0.0	0.0	0.0	0.0	0.0	0.0	0.0	0.0	0.0	0.0	0.0	0.0	0.0	0.0	0.0	0.0	0.0	0.0	0.0	0.0	0.0	0.0	0.0	0.0	0.0	0.0	0.0	0.0	0.0	0.0	
0.052898  1000.0  1200.0  2e-05	4e-05	4e-05	0.0	2e-05	2e-05	2e-05	4e-05	2e-05	0.0001	0.0001	8e-05	2e-05	0.0001	4e-05	4e-05	4e-05	4e-05	8e-05	4e-05	0.00014	8e-05	8e-05	0.00016	4e-05	8e-05	0.00012	0.00016	0.00014	0.00012	0.00016	0.00018	0.00024	0.00022	0.00026	0.0003	0.00048	0.00036	0.00054	0.00042	0.0006	0.00092	0.00092	0.00186	0.00492	0.06654	0.09802	0.08554	0.08022	0.07102	0.05432	0.00122	0.0	0.0	0.0	0.0	0.0	0.0	0.0	0.0	0.0	0.0	0.0	0.0	0.0	0.0	0.0	0.0	0.0	0.0	0.0	0.0	0.0	0.0	0.0	0.0	0.0	0.0	0.0	0.0	0.0	0.0	0.0	0.0	0.0	0.0	0.0	0.0	0.0	0.0	0.0	0.0	0.0	0.0	0.0	0.0	0.0	0.0	0.0	
0.024328  1200.0  1400.0  0.0	0.0	0.0	2e-05	0.0	0.0	0.0	4e-05	2e-05	4e-05	4e-05	0.0	0.0	2e-05	2e-05	4e-05	6e-05	0.0001	0.0	4e-05	2e-05	2e-05	0.0001	6e-05	6e-05	0.0	4e-05	8e-05	0.0001	0.00016	4e-05	0.00014	0.0001	0.0001	8e-05	0.0001	0.00016	0.00026	0.0004	0.00036	0.00024	0.0004	0.00042	0.00044	0.0006	0.00076	0.001	0.00102	0.00146	0.00316	0.01576	0.11448	0.10394	0.09656	0.07966	0.0451	0.0	0.0	0.0	0.0	0.0	0.0	0.0	0.0	0.0	0.0	0.0	0.0	0.0	0.0	0.0	0.0	0.0	0.0	0.0	0.0	0.0	0.0	0.0	0.0	0.0	0.0	0.0	0.0	0.0	0.0	0.0	0.0	0.0	0.0	0.0	0.0	0.0	0.0	0.0	0.0	0.0	0.0	0.0	
0.011876  1400.0  1600.0  0.0	2e-05	0.0	4e-05	0.0	2e-05	2e-05	2e-05	0.0	2e-05	2e-05	0.0	4e-05	4e-05	4e-05	8e-05	0.0	6e-05	2e-05	2e-05	0.0001	0.0	6e-05	0.00014	6e-05	4e-05	2e-05	2e-05	6e-05	8e-05	4e-05	8e-05	0.00014	0.00018	0.0001	0.00014	0.00012	6e-05	0.0001	0.0001	0.00026	0.00028	0.00014	0.0002	0.00032	0.00036	0.00048	0.00038	0.00054	0.00084	0.00066	0.00066	0.00116	0.00122	0.00474	0.05322	0.12948	0.11148	0.09578	0.05914	0.0	0.0	0.0	0.0	0.0	0.0	0.0	0.0	0.0	0.0	0.0	0.0	0.0	0.0	0.0	0.0	0.0	0.0	0.0	0.0	0.0	0.0	0.0	0.0	0.0	0.0	0.0	0.0	0.0	0.0	0.0	0.0	0.0	0.0	0.0	0.0	0.0	0.0	0.0	
0.006047  1600.0  1800.0  0.0	0.0	0.0	2e-05	0.0	0.0	0.0	0.0	4e-05	2e-05	2e-05	6e-05	4e-05	0.0	2e-05	0.0	0.0	0.0	2e-05	0.0	2e-05	6e-05	2e-05	4e-05	4e-05	4e-05	0.00012	4e-05	8e-05	0.00012	8e-05	6e-05	0.0001	8e-05	4e-05	4e-05	0.0001	0.00016	6e-05	2e-05	8e-05	8e-05	0.00012	0.00028	0.00036	0.00028	0.00014	0.00024	0.00026	0.0005	0.00036	0.00044	0.0004	0.00054	0.00078	0.0008	0.0012	0.00172	0.00476	0.05114	0.14232	0.12194	0.10048	0.02698	0.0	0.0	0.0	0.0	0.0	0.0	0.0	0.0	0.0	0.0	0.0	0.0	0.0	0.0	0.0	0.0	0.0	0.0	0.0	0.0	0.0	0.0	0.0	0.0	0.0	0.0	0.0	0.0	0.0	0.0	0.0	0.0	0.0	0.0	0.0	
0.003176  1800.0  2000.0  0.0	0.0	0.0	0.0	0.0	2e-05	2e-05	6e-05	0.0	0.0	4e-05	0.0	0.0	0.0	2e-05	4e-05	4e-05	4e-05	0.0	0.0	4e-05	4e-05	4e-05	6e-05	0.0	2e-05	4e-05	8e-05	2e-05	4e-05	4e-05	2e-05	2e-05	4e-05	8e-05	4e-05	8e-05	2e-05	2e-05	8e-05	8e-05	0.0001	0.00014	0.00012	0.00014	0.00018	0.00016	0.00016	0.00024	0.00024	0.00016	0.0003	0.00036	0.00032	0.00044	0.0004	0.00048	0.00068	0.00088	0.00096	0.00152	0.00252	0.00872	0.12042	0.14548	0.1222	0.05378	0.0	0.0	0.0	0.0	0.0	0.0	0.0	0.0	0.0	0.0	0.0	0.0	0.0	0.0	0.0	0.0	0.0	0.0	0.0	0.0	0.0	0.0	0.0	0.0	0.0	0.0	0.0	0.0	0.0	0.0	0.0	0.0	
0.001998  2000.0  2250.0  0.0	0.0	0.0	0.0	0.0	0.0	0.0	0.0	0.0	2e-05	0.0	2e-05	2e-05	2e-05	2e-05	4e-05	2e-05	4e-05	6e-05	2e-05	2e-05	0.0	8e-05	0.0	6e-05	4e-05	2e-05	2e-05	2e-05	0.0001	4e-05	4e-05	0.0	4e-05	4e-05	4e-05	6e-05	0.0	8e-05	8e-05	2e-05	8e-05	0.0001	6e-05	6e-05	0.00012	0.0001	0.00012	0.00022	8e-05	0.00018	0.00012	0.00016	0.0003	0.00016	0.00038	0.00046	0.00044	0.00054	0.00046	0.00042	0.00072	0.00078	0.00116	0.00212	0.0057	0.08246	0.1397	0.11842	0.09328	0.00976	0.0	0.0	0.0	0.0	0.0	0.0	0.0	0.0	0.0	0.0	0.0	0.0	0.0	0.0	0.0	0.0	0.0	0.0	0.0	0.0	0.0	0.0	0.0	0.0	0.0	0.0	0.0	0.0	
0.000946  2250.0  2500.0  0.0	0.0	0.0	0.0	0.0	0.0	0.0	0.0	0.0	0.0	0.0	0.0	0.0	0.0	0.0	2e-05	0.0	0.0	4e-05	0.0	4e-05	2e-05	0.0	6e-05	0.0	6e-05	6e-05	6e-05	4e-05	4e-05	2e-05	4e-05	2e-05	0.0	2e-05	6e-05	2e-05	0.0	2e-05	6e-05	4e-05	0.0001	4e-05	6e-05	0.0001	0.0001	8e-05	6e-05	0.00014	6e-05	0.0001	0.00014	0.00012	0.00034	0.00022	0.00016	0.00022	0.00022	0.00024	0.00026	0.0004	0.00046	0.00032	0.00074	0.00062	0.00072	0.0014	0.00162	0.003	0.01212	0.15298	0.14414	0.11404	0.0306	0.0	0.0	0.0	0.0	0.0	0.0	0.0	0.0	0.0	0.0	0.0	0.0	0.0	0.0	0.0	0.0	0.0	0.0	0.0	0.0	0.0	0.0	0.0	0.0	0.0	
0.000455  2500.0  2750.0  0.0	0.0	0.0	2e-05	0.0	0.0	0.0	2e-05	2e-05	0.0	0.0	2e-05	0.0	4e-05	0.0	0.0	2e-05	0.0	0.0	0.0	0.0	6e-05	0.0	2e-05	4e-05	6e-05	2e-05	6e-05	2e-05	4e-05	8e-05	4e-05	2e-05	0.0	6e-05	0.0	4e-05	2e-05	0.0	6e-05	4e-05	6e-05	4e-05	0.00012	8e-05	6e-05	2e-05	6e-05	6e-05	0.00012	6e-05	0.00012	0.0001	0.00012	0.00016	0.00012	0.00014	0.0002	0.00018	0.00012	0.00026	8e-05	0.00032	0.00038	0.0003	0.00056	0.0008	0.00102	0.0009	0.0011	0.00158	0.00284	0.00918	0.13606	0.16014	0.12588	0.0233	0.0	0.0	0.0	0.0	0.0	0.0	0.0	0.0	0.0	0.0	0.0	0.0	0.0	0.0	0.0	0.0	0.0	0.0	0.0	0.0	0.0	0.0	
0.000221  2750.0  3000.0  0.0	4e-05	0.0	0.0	0.0	0.0	0.0	0.0	2e-05	0.0	0.0	2e-05	2e-05	4e-05	0.0	0.0	0.0	0.0	0.0	6e-05	4e-05	0.0	4e-05	0.0	2e-05	0.0	4e-05	2e-05	2e-05	6e-05	4e-05	2e-05	2e-05	2e-05	4e-05	6e-05	2e-05	2e-05	2e-05	2e-05	0.0	4e-05	2e-05	8e-05	2e-05	4e-05	2e-05	4e-05	0.0001	4e-05	0.0001	0.00014	0.00012	0.0001	0.0001	0.00016	0.00012	6e-05	0.00012	0.0002	0.0001	0.00018	0.00022	0.00024	0.00028	0.00032	0.0004	0.00056	0.0004	0.00076	0.00066	0.00076	0.00102	0.00126	0.0031	0.0117	0.1645	0.168	0.11066	8e-05	0.0	0.0	0.0	0.0	0.0	0.0	0.0	0.0	0.0	0.0	0.0	0.0	0.0	0.0	0.0	0.0	0.0	0.0	0.0	
0.00016  3000.0  3500.0  0.0	0.0	0.0	2e-05	0.0	0.0	0.0	0.0	0.0	0.0	0.0	0.0	2e-05	0.0	0.0	2e-05	2e-05	0.0	0.0	0.0	4e-05	4e-05	2e-05	0.0	0.0	2e-05	6e-05	2e-05	2e-05	8e-05	0.0	2e-05	4e-05	0.0	2e-05	2e-05	0.0	4e-05	6e-05	8e-05	8e-05	0.0001	2e-05	4e-05	6e-05	0.0001	0.0	4e-05	4e-05	4e-05	2e-05	0.0001	8e-05	8e-05	0.00012	0.0001	6e-05	0.0	4e-05	0.00012	0.00016	0.0002	0.00014	0.00018	0.00016	0.00012	0.00024	0.00024	0.00024	0.00036	0.00056	0.00052	0.00058	0.00074	0.00086	0.00138	0.0016	0.0037	0.02914	0.14318	0.10972	0.085	0.06494	0.02754	0.0	0.0	0.0	0.0	0.0	0.0	0.0	0.0	0.0	0.0	0.0	0.0	0.0	0.0	0.0	
3.7e-05  3500.0  4000.0  2e-05	2e-05	0.0	0.0	2e-05	0.0	0.0	0.0	0.0	2e-05	0.0	0.0	0.0	0.0	2e-05	0.0	0.0	0.0	2e-05	2e-05	0.0	0.0	0.0	0.0	2e-05	2e-05	0.0	2e-05	0.0	6e-05	4e-05	0.0	2e-05	8e-05	6e-05	6e-05	2e-05	2e-05	2e-05	2e-05	2e-05	0.0	4e-05	8e-05	8e-05	0.0	6e-05	0.0001	6e-05	0.00012	0.0001	4e-05	6e-05	4e-05	0.0	0.00014	8e-05	0.00016	0.00012	6e-05	8e-05	0.0001	0.00012	0.0001	0.00012	2e-05	0.00016	0.00016	0.00016	0.00026	0.00016	0.0003	0.00026	0.00034	0.00036	0.00036	0.00038	0.00046	0.00078	0.00086	0.0015	0.00224	0.00634	0.0855	0.14324	0.11106	0.08054	0.03672	0.0	0.0	0.0	0.0	0.0	0.0	0.0	0.0	0.0	0.0	0.0	
9e-06  4000.0  15000.0  0.0	0.0	0.0	0.0	0.0	2e-05	0.0	0.0	0.0	0.0	0.0	0.0	0.0	2e-05	4e-05	2e-05	0.0	2e-05	0.0	0.0	0.0	0.0	2e-05	0.0	4e-05	0.0	0.0	0.0	2e-05	4e-05	2e-05	2e-05	4e-05	4e-05	2e-05	2e-05	2e-05	2e-05	4e-05	2e-05	2e-05	2e-05	2e-05	6e-05	4e-05	6e-05	4e-05	0.0	0.0	2e-05	4e-05	8e-05	2e-05	4e-05	4e-05	6e-05	2e-05	2e-05	4e-05	0.0	0.00012	8e-05	4e-05	0.00012	0.00012	6e-05	8e-05	8e-05	0.00014	0.0002	0.0002	0.00014	0.00016	6e-05	0.0002	0.00018	0.00032	0.00034	0.00028	0.00026	0.0005	0.0005	0.00064	0.00084	0.00102	0.00152	0.00474	0.05878	0.11582	0.0843	0.06084	0.04268	0.03046	0.0208	0.01506	0.0106	0.00694	0.00496	0.01	
