#===============
# ll~ : ee
# qq~ : bd~
# FF  : scalar
# XY  : LL LR RL RR
# coef : 0 0
# type : Reg*Reg
# Nevs : 50000
#===============
#
# XSEC	BIN_MIN	BIN_MAX 	 Kij 
#
15.4358  200.0  300.0  0.00026	0.00042	0.00052	0.00098	0.00516	0.0782	0.08118	0.07808	0.07544	0.06644	0.00194	0.0	0.0	0.0	0.0	0.0	0.0	0.0	0.0	0.0	0.0	0.0	0.0	0.0	0.0	0.0	0.0	0.0	0.0	0.0	0.0	0.0	0.0	0.0	0.0	0.0	0.0	0.0	0.0	0.0	0.0	0.0	0.0	0.0	0.0	0.0	0.0	0.0	0.0	0.0	0.0	0.0	0.0	0.0	0.0	0.0	0.0	0.0	0.0	0.0	0.0	0.0	0.0	0.0	0.0	0.0	0.0	0.0	0.0	0.0	0.0	0.0	0.0	0.0	0.0	0.0	0.0	0.0	0.0	0.0	0.0	0.0	0.0	0.0	0.0	0.0	0.0	0.0	0.0	0.0	0.0	0.0	0.0	0.0	0.0	0.0	0.0	0.0	0.0	
11.8128  300.0  400.0  0.00016	4e-05	6e-05	0.0002	0.0002	0.0004	0.00062	0.00086	0.00132	0.00924	0.0873	0.08856	0.08506	0.08166	0.06914	0.00234	0.0	0.0	0.0	0.0	0.0	0.0	0.0	0.0	0.0	0.0	0.0	0.0	0.0	0.0	0.0	0.0	0.0	0.0	0.0	0.0	0.0	0.0	0.0	0.0	0.0	0.0	0.0	0.0	0.0	0.0	0.0	0.0	0.0	0.0	0.0	0.0	0.0	0.0	0.0	0.0	0.0	0.0	0.0	0.0	0.0	0.0	0.0	0.0	0.0	0.0	0.0	0.0	0.0	0.0	0.0	0.0	0.0	0.0	0.0	0.0	0.0	0.0	0.0	0.0	0.0	0.0	0.0	0.0	0.0	0.0	0.0	0.0	0.0	0.0	0.0	0.0	0.0	0.0	0.0	0.0	0.0	0.0	0.0	
9.0918  400.0  500.0  2e-05	4e-05	4e-05	0.00012	0.0001	0.0002	0.00036	0.00028	0.00066	0.00054	0.00044	0.0009	0.00132	0.00176	0.01106	0.09548	0.08954	0.0864	0.08422	0.07046	0.0028	0.0	0.0	0.0	0.0	0.0	0.0	0.0	0.0	0.0	0.0	0.0	0.0	0.0	0.0	0.0	0.0	0.0	0.0	0.0	0.0	0.0	0.0	0.0	0.0	0.0	0.0	0.0	0.0	0.0	0.0	0.0	0.0	0.0	0.0	0.0	0.0	0.0	0.0	0.0	0.0	0.0	0.0	0.0	0.0	0.0	0.0	0.0	0.0	0.0	0.0	0.0	0.0	0.0	0.0	0.0	0.0	0.0	0.0	0.0	0.0	0.0	0.0	0.0	0.0	0.0	0.0	0.0	0.0	0.0	0.0	0.0	0.0	0.0	0.0	0.0	0.0	0.0	0.0	
7.0606  500.0  600.0  2e-05	6e-05	6e-05	4e-05	2e-05	0.00014	0.00018	0.00018	0.00016	0.00028	0.00052	0.0002	0.0005	0.00042	0.00068	0.00084	0.00072	0.00134	0.0022	0.01144	0.09472	0.09392	0.08608	0.0837	0.07	0.00288	0.0	0.0	0.0	0.0	0.0	0.0	0.0	0.0	0.0	0.0	0.0	0.0	0.0	0.0	0.0	0.0	0.0	0.0	0.0	0.0	0.0	0.0	0.0	0.0	0.0	0.0	0.0	0.0	0.0	0.0	0.0	0.0	0.0	0.0	0.0	0.0	0.0	0.0	0.0	0.0	0.0	0.0	0.0	0.0	0.0	0.0	0.0	0.0	0.0	0.0	0.0	0.0	0.0	0.0	0.0	0.0	0.0	0.0	0.0	0.0	0.0	0.0	0.0	0.0	0.0	0.0	0.0	0.0	0.0	0.0	0.0	0.0	0.0	
5.524  600.0  700.0  0.0	2e-05	2e-05	4e-05	6e-05	4e-05	8e-05	0.00016	0.00014	0.00016	0.00018	0.00016	0.0002	0.00024	0.00022	0.00034	0.00038	0.00056	0.00042	0.0006	0.00078	0.00104	0.00148	0.003	0.01442	0.14118	0.13202	0.12282	0.03486	0.0	0.0	0.0	0.0	0.0	0.0	0.0	0.0	0.0	0.0	0.0	0.0	0.0	0.0	0.0	0.0	0.0	0.0	0.0	0.0	0.0	0.0	0.0	0.0	0.0	0.0	0.0	0.0	0.0	0.0	0.0	0.0	0.0	0.0	0.0	0.0	0.0	0.0	0.0	0.0	0.0	0.0	0.0	0.0	0.0	0.0	0.0	0.0	0.0	0.0	0.0	0.0	0.0	0.0	0.0	0.0	0.0	0.0	0.0	0.0	0.0	0.0	0.0	0.0	0.0	0.0	0.0	0.0	0.0	0.0	
4.3486  700.0  800.0  0.0	0.0	2e-05	2e-05	2e-05	2e-05	8e-05	4e-05	8e-05	4e-05	0.00012	0.00024	8e-05	0.00028	0.00024	0.0002	0.00014	0.00022	0.00032	0.00038	0.00052	0.00038	0.00044	0.00066	0.00074	0.00122	0.00208	0.00576	0.10418	0.13736	0.12634	0.07204	0.0	0.0	0.0	0.0	0.0	0.0	0.0	0.0	0.0	0.0	0.0	0.0	0.0	0.0	0.0	0.0	0.0	0.0	0.0	0.0	0.0	0.0	0.0	0.0	0.0	0.0	0.0	0.0	0.0	0.0	0.0	0.0	0.0	0.0	0.0	0.0	0.0	0.0	0.0	0.0	0.0	0.0	0.0	0.0	0.0	0.0	0.0	0.0	0.0	0.0	0.0	0.0	0.0	0.0	0.0	0.0	0.0	0.0	0.0	0.0	0.0	0.0	0.0	0.0	0.0	0.0	0.0	
3.44288  800.0  900.0  4e-05	0.0	2e-05	2e-05	0.0	2e-05	4e-05	4e-05	8e-05	2e-05	0.00014	6e-05	0.00016	8e-05	0.0002	2e-05	0.00018	0.00014	0.00024	0.00022	0.00024	0.0003	0.0003	0.0003	0.00054	0.00066	0.00088	0.00086	0.00132	0.00198	0.00404	0.05944	0.13648	0.13246	0.10992	0.00328	0.0	0.0	0.0	0.0	0.0	0.0	0.0	0.0	0.0	0.0	0.0	0.0	0.0	0.0	0.0	0.0	0.0	0.0	0.0	0.0	0.0	0.0	0.0	0.0	0.0	0.0	0.0	0.0	0.0	0.0	0.0	0.0	0.0	0.0	0.0	0.0	0.0	0.0	0.0	0.0	0.0	0.0	0.0	0.0	0.0	0.0	0.0	0.0	0.0	0.0	0.0	0.0	0.0	0.0	0.0	0.0	0.0	0.0	0.0	0.0	0.0	0.0	0.0	
2.74032  900.0  1000.0  2e-05	2e-05	2e-05	0.0	2e-05	0.0	8e-05	2e-05	0.0	0.0001	6e-05	8e-05	8e-05	0.0	0.00014	0.00014	0.00016	0.0001	0.0002	0.00026	0.00016	0.00024	0.00022	0.00028	0.00034	0.00026	0.0006	0.00066	0.00052	0.00072	0.00114	0.0011	0.00176	0.00366	0.01754	0.22714	0.1886	0.00402	0.0	0.0	0.0	0.0	0.0	0.0	0.0	0.0	0.0	0.0	0.0	0.0	0.0	0.0	0.0	0.0	0.0	0.0	0.0	0.0	0.0	0.0	0.0	0.0	0.0	0.0	0.0	0.0	0.0	0.0	0.0	0.0	0.0	0.0	0.0	0.0	0.0	0.0	0.0	0.0	0.0	0.0	0.0	0.0	0.0	0.0	0.0	0.0	0.0	0.0	0.0	0.0	0.0	0.0	0.0	0.0	0.0	0.0	0.0	0.0	0.0	
3.94034  1000.0  1200.0  0.0	0.0	0.0	0.0	0.0	0.0	4e-05	2e-05	8e-05	4e-05	4e-05	4e-05	6e-05	2e-05	0.0001	0.00012	0.0001	6e-05	0.00012	0.00014	8e-05	4e-05	0.00014	0.0001	0.00012	0.00028	0.00024	0.00014	0.00032	0.00034	0.00054	0.00046	0.00048	0.0008	0.00072	0.00226	0.0131	0.12718	0.11334	0.09824	0.08244	0.00194	0.0	0.0	0.0	0.0	0.0	0.0	0.0	0.0	0.0	0.0	0.0	0.0	0.0	0.0	0.0	0.0	0.0	0.0	0.0	0.0	0.0	0.0	0.0	0.0	0.0	0.0	0.0	0.0	0.0	0.0	0.0	0.0	0.0	0.0	0.0	0.0	0.0	0.0	0.0	0.0	0.0	0.0	0.0	0.0	0.0	0.0	0.0	0.0	0.0	0.0	0.0	0.0	0.0	0.0	0.0	0.0	0.0	
2.54554  1200.0  1400.0  0.0	0.0	2e-05	0.0	2e-05	4e-05	0.0	0.0	2e-05	0.0	8e-05	6e-05	2e-05	4e-05	0.0	4e-05	6e-05	2e-05	0.0001	4e-05	0.00012	6e-05	2e-05	0.00018	4e-05	0.00024	0.00018	0.00016	0.00018	0.00018	0.00034	0.00024	0.00022	0.00034	0.00038	0.00066	0.00058	0.00126	0.00162	0.00222	0.01452	0.12012	0.13362	0.11356	0.04642	0.0	0.0	0.0	0.0	0.0	0.0	0.0	0.0	0.0	0.0	0.0	0.0	0.0	0.0	0.0	0.0	0.0	0.0	0.0	0.0	0.0	0.0	0.0	0.0	0.0	0.0	0.0	0.0	0.0	0.0	0.0	0.0	0.0	0.0	0.0	0.0	0.0	0.0	0.0	0.0	0.0	0.0	0.0	0.0	0.0	0.0	0.0	0.0	0.0	0.0	0.0	0.0	0.0	0.0	
1.65846  1400.0  1600.0  0.0	0.0	0.0	2e-05	0.0	0.0	4e-05	4e-05	2e-05	2e-05	6e-05	4e-05	4e-05	4e-05	2e-05	2e-05	4e-05	2e-05	4e-05	2e-05	0.0001	6e-05	6e-05	4e-05	8e-05	0.0001	0.00014	0.00018	8e-05	0.0001	0.00014	0.0001	8e-05	0.00014	0.00012	0.00042	0.00048	0.00038	0.0006	0.00088	0.00076	0.00118	0.00188	0.00564	0.0836	0.13686	0.11862	0.0797	4e-05	0.0	0.0	0.0	0.0	0.0	0.0	0.0	0.0	0.0	0.0	0.0	0.0	0.0	0.0	0.0	0.0	0.0	0.0	0.0	0.0	0.0	0.0	0.0	0.0	0.0	0.0	0.0	0.0	0.0	0.0	0.0	0.0	0.0	0.0	0.0	0.0	0.0	0.0	0.0	0.0	0.0	0.0	0.0	0.0	0.0	0.0	0.0	0.0	0.0	0.0	
1.0865  1600.0  1800.0  0.0	0.0	0.0	0.0	0.0	2e-05	0.0	4e-05	6e-05	2e-05	0.0	2e-05	0.0	4e-05	2e-05	4e-05	2e-05	6e-05	0.0001	2e-05	4e-05	4e-05	6e-05	0.0	6e-05	0.00014	6e-05	8e-05	8e-05	0.00016	0.00012	8e-05	6e-05	8e-05	0.00014	0.0002	0.00028	0.00012	0.0004	0.00044	0.0005	0.0005	0.00072	0.00082	0.0012	0.0018	0.00316	0.0378	0.1611	0.13728	0.08282	0.0	0.0	0.0	0.0	0.0	0.0	0.0	0.0	0.0	0.0	0.0	0.0	0.0	0.0	0.0	0.0	0.0	0.0	0.0	0.0	0.0	0.0	0.0	0.0	0.0	0.0	0.0	0.0	0.0	0.0	0.0	0.0	0.0	0.0	0.0	0.0	0.0	0.0	0.0	0.0	0.0	0.0	0.0	0.0	0.0	0.0	0.0	0.0	
0.71446  1800.0  2000.0  0.0	0.0	0.0	0.0	2e-05	0.0	0.0	2e-05	0.0	0.0	4e-05	0.0	0.0	4e-05	0.0	2e-05	0.0	2e-05	2e-05	6e-05	0.0	4e-05	2e-05	6e-05	8e-05	4e-05	4e-05	0.0	2e-05	0.0001	6e-05	0.00012	0.00012	0.00014	6e-05	0.00012	0.0002	0.00012	0.00016	0.0002	0.00028	0.00028	0.00042	0.00042	0.0006	0.00078	0.00084	0.00126	0.0019	0.0042	0.0616	0.15796	0.15206	0.04558	0.0	0.0	0.0	0.0	0.0	0.0	0.0	0.0	0.0	0.0	0.0	0.0	0.0	0.0	0.0	0.0	0.0	0.0	0.0	0.0	0.0	0.0	0.0	0.0	0.0	0.0	0.0	0.0	0.0	0.0	0.0	0.0	0.0	0.0	0.0	0.0	0.0	0.0	0.0	0.0	0.0	0.0	0.0	0.0	0.0	
0.5604  2000.0  2250.0  0.0	0.0	0.0	0.0	0.0	4e-05	0.0	0.0	2e-05	0.0	0.0	0.0	2e-05	0.0	2e-05	2e-05	0.0	2e-05	2e-05	2e-05	0.0	6e-05	2e-05	4e-05	2e-05	0.0001	6e-05	6e-05	0.0	0.0001	8e-05	6e-05	4e-05	8e-05	0.0001	0.00012	0.00014	0.00018	0.00018	0.00014	0.00016	0.00026	0.00038	0.00042	0.00028	0.00054	0.00054	0.00044	0.00074	0.00088	0.00132	0.00206	0.00712	0.10722	0.14038	0.1183	0.04672	0.0	0.0	0.0	0.0	0.0	0.0	0.0	0.0	0.0	0.0	0.0	0.0	0.0	0.0	0.0	0.0	0.0	0.0	0.0	0.0	0.0	0.0	0.0	0.0	0.0	0.0	0.0	0.0	0.0	0.0	0.0	0.0	0.0	0.0	0.0	0.0	0.0	0.0	0.0	0.0	0.0	0.0	
0.33167  2250.0  2500.0  0.0	2e-05	0.0	2e-05	0.0	0.0	0.0	0.0	0.0	0.0	0.0	0.0	2e-05	0.0	0.0	0.0	4e-05	2e-05	0.0	0.0	2e-05	6e-05	6e-05	8e-05	4e-05	4e-05	8e-05	4e-05	6e-05	2e-05	4e-05	2e-05	8e-05	8e-05	6e-05	0.00016	0.0001	8e-05	8e-05	0.00014	6e-05	0.00016	0.00018	0.00026	0.00022	0.00028	0.0002	0.00032	0.00042	0.00048	0.00064	0.00072	0.00092	0.00138	0.00186	0.00584	0.09178	0.1431	0.12264	0.06028	0.0	0.0	0.0	0.0	0.0	0.0	0.0	0.0	0.0	0.0	0.0	0.0	0.0	0.0	0.0	0.0	0.0	0.0	0.0	0.0	0.0	0.0	0.0	0.0	0.0	0.0	0.0	0.0	0.0	0.0	0.0	0.0	0.0	0.0	0.0	0.0	0.0	0.0	0.0	
0.19546  2500.0  2750.0  0.0	0.0	0.0	0.0	0.0	2e-05	0.0	0.0	2e-05	0.0	2e-05	2e-05	0.0	0.0	2e-05	0.0	0.0	2e-05	0.0	0.0	2e-05	2e-05	4e-05	4e-05	4e-05	2e-05	2e-05	2e-05	0.0001	8e-05	2e-05	4e-05	0.00012	2e-05	4e-05	6e-05	6e-05	0.00012	8e-05	0.0001	0.00014	0.00014	0.0001	0.00018	0.00018	0.00022	0.00014	0.00034	0.00018	0.00016	0.00044	0.00028	0.0005	0.00066	0.00068	0.00108	0.00142	0.00176	0.00638	0.0748	0.14896	0.12258	0.07552	0.0	0.0	0.0	0.0	0.0	0.0	0.0	0.0	0.0	0.0	0.0	0.0	0.0	0.0	0.0	0.0	0.0	0.0	0.0	0.0	0.0	0.0	0.0	0.0	0.0	0.0	0.0	0.0	0.0	0.0	0.0	0.0	0.0	0.0	0.0	0.0	
0.11408  2750.0  3000.0  0.0	0.0	0.0	0.0	0.0	0.0	0.0	2e-05	2e-05	0.0	2e-05	0.0	4e-05	2e-05	0.0	4e-05	0.0	0.0	4e-05	2e-05	4e-05	0.0	2e-05	0.0	0.0	2e-05	2e-05	6e-05	2e-05	2e-05	4e-05	4e-05	4e-05	6e-05	2e-05	0.00014	6e-05	0.00018	0.0001	4e-05	0.0001	4e-05	0.00012	0.00014	0.00016	0.0002	0.00012	0.00012	0.00012	0.00042	0.00022	0.0004	0.00026	0.0005	0.00048	0.00048	0.0006	0.00094	0.00122	0.00122	0.00194	0.00638	0.054	0.1493	0.12422	0.09136	0.00018	0.0	0.0	0.0	0.0	0.0	0.0	0.0	0.0	0.0	0.0	0.0	0.0	0.0	0.0	0.0	0.0	0.0	0.0	0.0	0.0	0.0	0.0	0.0	0.0	0.0	0.0	0.0	0.0	0.0	0.0	0.0	0.0	
0.10306  3000.0  3500.0  0.0	0.0	0.0	0.0	0.0	0.0	0.0	0.0	0.0	0.0	4e-05	0.0	0.0	0.0	0.0	0.0	0.0	2e-05	2e-05	0.0	0.0	2e-05	2e-05	0.0	0.0	4e-05	2e-05	4e-05	4e-05	4e-05	0.0	4e-05	2e-05	2e-05	0.0	8e-05	4e-05	0.0	8e-05	8e-05	0.0001	0.00012	0.00016	6e-05	0.00012	0.00014	8e-05	0.0001	6e-05	0.00024	0.0001	0.00024	0.00014	0.00026	0.00036	0.00038	0.00026	0.0005	0.00052	0.00056	0.0006	0.0007	0.00126	0.0015	0.00392	0.02256	0.09738	0.08284	0.06952	0.05788	0.05002	0.03988	0.0044	0.0	0.0	0.0	0.0	0.0	0.0	0.0	0.0	0.0	0.0	0.0	0.0	0.0	0.0	0.0	0.0	0.0	0.0	0.0	0.0	0.0	0.0	0.0	0.0	0.0	0.0	
0.03183  3500.0  4000.0  0.0	2e-05	0.0	0.0	2e-05	0.0	0.0	0.0	0.0	0.0	0.0	2e-05	0.0	0.0	0.0	0.0	0.0	0.0	0.0	2e-05	6e-05	0.0	4e-05	2e-05	2e-05	2e-05	4e-05	4e-05	2e-05	0.0	2e-05	0.0	0.0	2e-05	6e-05	0.0001	0.0001	2e-05	0.0001	2e-05	0.00012	8e-05	0.00014	6e-05	8e-05	0.00012	0.00018	0.0001	0.0001	0.00012	0.0001	0.0001	8e-05	8e-05	0.00034	0.00028	0.0004	0.00016	0.0003	0.00034	0.0002	0.00028	0.00044	0.00036	0.00036	0.00082	0.00082	0.0009	0.0011	0.00138	0.00332	0.00924	0.092	0.08822	0.07228	0.0603	0.04994	0.04004	0.01216	0.0	0.0	0.0	0.0	0.0	0.0	0.0	0.0	0.0	0.0	0.0	0.0	0.0	0.0	0.0	0.0	0.0	0.0	0.0	0.0	
0.00967  4000.0  15000.0  0.0	0.0	0.0	0.0	2e-05	0.0	0.0	4e-05	0.0	0.0	0.0	0.0	0.0	0.0	2e-05	0.0	0.0	2e-05	4e-05	0.0	0.0	0.0	0.0	0.0	0.0	0.0	0.0	0.0	2e-05	0.0	2e-05	0.0	2e-05	0.0	2e-05	6e-05	0.0001	6e-05	6e-05	2e-05	0.00014	0.0	8e-05	8e-05	2e-05	6e-05	8e-05	8e-05	4e-05	0.00012	6e-05	0.0	0.00022	6e-05	0.00018	0.00014	8e-05	8e-05	8e-05	0.00012	0.0001	0.00016	0.00018	0.0002	0.00014	0.0002	0.00042	0.00046	0.00036	0.00036	0.00046	0.00038	0.00066	0.00068	0.0008	0.00092	0.00192	0.00466	0.05898	0.0686	0.05268	0.04336	0.03592	0.02992	0.02218	0.02054	0.01662	0.01408	0.0103	0.00902	0.00664	0.00588	0.00502	0.00418	0.00286	0.0031	0.00222	0.0023	0.00172	
