#===============
# ll~ : ee
# qq~ : cc~
# FF  : scalar
# XY  : LL LR RL RR
# coef : 0 0
# type : Reg*Reg
# Nevs : 50000
#===============
#
# XSEC	BIN_MIN	BIN_MAX 	 Kij 
#
23.9884  200.0  300.0  0.00042	0.00046	0.0006	0.00116	0.00558	0.08482	0.08348	0.07896	0.0753	0.06606	0.00154	0.0	0.0	0.0	0.0	0.0	0.0	0.0	0.0	0.0	0.0	0.0	0.0	0.0	0.0	0.0	0.0	0.0	0.0	0.0	0.0	0.0	0.0	0.0	0.0	0.0	0.0	0.0	0.0	0.0	0.0	0.0	0.0	0.0	0.0	0.0	0.0	0.0	0.0	0.0	0.0	0.0	0.0	0.0	0.0	0.0	0.0	0.0	0.0	0.0	0.0	0.0	0.0	0.0	0.0	0.0	0.0	0.0	0.0	0.0	0.0	0.0	0.0	0.0	0.0	0.0	0.0	0.0	0.0	0.0	0.0	0.0	0.0	0.0	0.0	0.0	0.0	0.0	0.0	0.0	0.0	0.0	0.0	0.0	0.0	0.0	0.0	0.0	0.0	
17.5452  300.0  400.0  0.0001	0.00012	0.00016	0.0002	0.00036	0.0005	0.00068	0.00106	0.00142	0.00942	0.09048	0.09228	0.08774	0.07946	0.0685	0.00264	0.0	0.0	0.0	0.0	0.0	0.0	0.0	0.0	0.0	0.0	0.0	0.0	0.0	0.0	0.0	0.0	0.0	0.0	0.0	0.0	0.0	0.0	0.0	0.0	0.0	0.0	0.0	0.0	0.0	0.0	0.0	0.0	0.0	0.0	0.0	0.0	0.0	0.0	0.0	0.0	0.0	0.0	0.0	0.0	0.0	0.0	0.0	0.0	0.0	0.0	0.0	0.0	0.0	0.0	0.0	0.0	0.0	0.0	0.0	0.0	0.0	0.0	0.0	0.0	0.0	0.0	0.0	0.0	0.0	0.0	0.0	0.0	0.0	0.0	0.0	0.0	0.0	0.0	0.0	0.0	0.0	0.0	0.0	
13.0108  400.0  500.0  0.0001	0.0	2e-05	8e-05	0.00014	0.00032	0.00044	0.00032	0.00076	0.00048	0.00062	0.00082	0.00124	0.0018	0.0113	0.09578	0.0944	0.0874	0.08186	0.06988	0.00272	0.0	0.0	0.0	0.0	0.0	0.0	0.0	0.0	0.0	0.0	0.0	0.0	0.0	0.0	0.0	0.0	0.0	0.0	0.0	0.0	0.0	0.0	0.0	0.0	0.0	0.0	0.0	0.0	0.0	0.0	0.0	0.0	0.0	0.0	0.0	0.0	0.0	0.0	0.0	0.0	0.0	0.0	0.0	0.0	0.0	0.0	0.0	0.0	0.0	0.0	0.0	0.0	0.0	0.0	0.0	0.0	0.0	0.0	0.0	0.0	0.0	0.0	0.0	0.0	0.0	0.0	0.0	0.0	0.0	0.0	0.0	0.0	0.0	0.0	0.0	0.0	0.0	0.0	
9.7936  500.0  600.0  0.0	2e-05	0.0	6e-05	0.00012	0.0001	0.00016	6e-05	0.0003	0.00022	0.00016	0.00054	0.00048	0.00056	0.00058	0.0008	0.0011	0.00138	0.00178	0.01278	0.0943	0.09224	0.08586	0.08196	0.068	0.00302	0.0	0.0	0.0	0.0	0.0	0.0	0.0	0.0	0.0	0.0	0.0	0.0	0.0	0.0	0.0	0.0	0.0	0.0	0.0	0.0	0.0	0.0	0.0	0.0	0.0	0.0	0.0	0.0	0.0	0.0	0.0	0.0	0.0	0.0	0.0	0.0	0.0	0.0	0.0	0.0	0.0	0.0	0.0	0.0	0.0	0.0	0.0	0.0	0.0	0.0	0.0	0.0	0.0	0.0	0.0	0.0	0.0	0.0	0.0	0.0	0.0	0.0	0.0	0.0	0.0	0.0	0.0	0.0	0.0	0.0	0.0	0.0	0.0	
7.4674  600.0  700.0  0.0	2e-05	2e-05	0.0	0.0	0.00014	0.00014	0.00012	0.0001	4e-05	0.00016	0.00026	0.00022	0.00018	0.00018	0.00016	0.00046	0.00042	0.00068	0.00056	0.001	0.0011	0.00126	0.00244	0.01378	0.1425	0.13508	0.11864	0.03396	0.0	0.0	0.0	0.0	0.0	0.0	0.0	0.0	0.0	0.0	0.0	0.0	0.0	0.0	0.0	0.0	0.0	0.0	0.0	0.0	0.0	0.0	0.0	0.0	0.0	0.0	0.0	0.0	0.0	0.0	0.0	0.0	0.0	0.0	0.0	0.0	0.0	0.0	0.0	0.0	0.0	0.0	0.0	0.0	0.0	0.0	0.0	0.0	0.0	0.0	0.0	0.0	0.0	0.0	0.0	0.0	0.0	0.0	0.0	0.0	0.0	0.0	0.0	0.0	0.0	0.0	0.0	0.0	0.0	0.0	
5.7626  700.0  800.0  0.0	0.0	2e-05	4e-05	4e-05	4e-05	0.00012	8e-05	8e-05	0.00014	0.0001	0.00012	6e-05	0.00026	8e-05	0.0002	0.00018	0.00018	0.00024	0.00032	0.00044	0.00048	0.0004	0.00056	0.0007	0.00128	0.00204	0.00652	0.10246	0.1368	0.12498	0.07158	0.0	0.0	0.0	0.0	0.0	0.0	0.0	0.0	0.0	0.0	0.0	0.0	0.0	0.0	0.0	0.0	0.0	0.0	0.0	0.0	0.0	0.0	0.0	0.0	0.0	0.0	0.0	0.0	0.0	0.0	0.0	0.0	0.0	0.0	0.0	0.0	0.0	0.0	0.0	0.0	0.0	0.0	0.0	0.0	0.0	0.0	0.0	0.0	0.0	0.0	0.0	0.0	0.0	0.0	0.0	0.0	0.0	0.0	0.0	0.0	0.0	0.0	0.0	0.0	0.0	0.0	0.0	
4.4838  800.0  900.0  2e-05	2e-05	0.0	0.0	2e-05	2e-05	6e-05	8e-05	0.0001	6e-05	8e-05	0.00012	0.00012	6e-05	0.00018	0.0002	0.00014	6e-05	0.00022	0.00018	0.00026	0.0003	0.00028	0.00022	0.00032	0.00064	0.00088	0.0009	0.0013	0.00154	0.00448	0.05928	0.13804	0.12938	0.1032	0.00392	0.0	0.0	0.0	0.0	0.0	0.0	0.0	0.0	0.0	0.0	0.0	0.0	0.0	0.0	0.0	0.0	0.0	0.0	0.0	0.0	0.0	0.0	0.0	0.0	0.0	0.0	0.0	0.0	0.0	0.0	0.0	0.0	0.0	0.0	0.0	0.0	0.0	0.0	0.0	0.0	0.0	0.0	0.0	0.0	0.0	0.0	0.0	0.0	0.0	0.0	0.0	0.0	0.0	0.0	0.0	0.0	0.0	0.0	0.0	0.0	0.0	0.0	0.0	
3.5176  900.0  1000.0  2e-05	0.0	2e-05	0.0	0.0	4e-05	6e-05	6e-05	0.0	8e-05	4e-05	4e-05	0.0	0.00012	0.00012	6e-05	0.0001	0.00014	8e-05	0.00012	0.00022	0.0003	0.00012	0.00014	0.00026	0.00032	0.0004	0.00054	0.00072	0.00062	0.00074	0.00084	0.0016	0.00362	0.0172	0.21912	0.18744	0.00364	0.0	0.0	0.0	0.0	0.0	0.0	0.0	0.0	0.0	0.0	0.0	0.0	0.0	0.0	0.0	0.0	0.0	0.0	0.0	0.0	0.0	0.0	0.0	0.0	0.0	0.0	0.0	0.0	0.0	0.0	0.0	0.0	0.0	0.0	0.0	0.0	0.0	0.0	0.0	0.0	0.0	0.0	0.0	0.0	0.0	0.0	0.0	0.0	0.0	0.0	0.0	0.0	0.0	0.0	0.0	0.0	0.0	0.0	0.0	0.0	0.0	
4.9888  1000.0  1200.0  0.0	2e-05	0.0	2e-05	2e-05	0.0	0.0	2e-05	4e-05	0.00016	0.0	6e-05	0.00014	2e-05	0.00012	0.00012	8e-05	4e-05	0.0002	0.00016	0.00018	4e-05	0.00018	0.0001	0.0001	0.00012	0.00018	0.00032	0.0002	0.00044	0.00036	0.00044	0.00048	0.00106	0.00082	0.00246	0.01226	0.12356	0.11008	0.09844	0.08082	0.00222	0.0	0.0	0.0	0.0	0.0	0.0	0.0	0.0	0.0	0.0	0.0	0.0	0.0	0.0	0.0	0.0	0.0	0.0	0.0	0.0	0.0	0.0	0.0	0.0	0.0	0.0	0.0	0.0	0.0	0.0	0.0	0.0	0.0	0.0	0.0	0.0	0.0	0.0	0.0	0.0	0.0	0.0	0.0	0.0	0.0	0.0	0.0	0.0	0.0	0.0	0.0	0.0	0.0	0.0	0.0	0.0	0.0	
3.19136  1200.0  1400.0  0.0	0.0	0.0	0.0	0.0	2e-05	0.0	4e-05	6e-05	6e-05	6e-05	2e-05	6e-05	6e-05	0.0001	2e-05	8e-05	4e-05	6e-05	0.0001	8e-05	0.00014	2e-05	0.0001	0.0001	0.0002	0.00012	0.00016	0.00016	0.00012	0.0003	0.00032	0.00026	0.0004	0.00034	0.00072	0.00068	0.001	0.00148	0.00264	0.0129	0.12006	0.1291	0.11228	0.04548	0.0	0.0	0.0	0.0	0.0	0.0	0.0	0.0	0.0	0.0	0.0	0.0	0.0	0.0	0.0	0.0	0.0	0.0	0.0	0.0	0.0	0.0	0.0	0.0	0.0	0.0	0.0	0.0	0.0	0.0	0.0	0.0	0.0	0.0	0.0	0.0	0.0	0.0	0.0	0.0	0.0	0.0	0.0	0.0	0.0	0.0	0.0	0.0	0.0	0.0	0.0	0.0	0.0	0.0	
2.08168  1400.0  1600.0  2e-05	0.0	4e-05	4e-05	0.0	4e-05	2e-05	4e-05	6e-05	4e-05	4e-05	2e-05	0.00012	0.0	2e-05	4e-05	4e-05	8e-05	2e-05	2e-05	0.0	0.00012	8e-05	4e-05	0.00018	6e-05	4e-05	0.00016	4e-05	0.00022	0.0002	0.0001	0.00014	0.00022	0.00024	0.00026	0.00044	0.00054	0.0005	0.00074	0.0007	0.00128	0.00192	0.00514	0.08058	0.13408	0.1158	0.08188	2e-05	0.0	0.0	0.0	0.0	0.0	0.0	0.0	0.0	0.0	0.0	0.0	0.0	0.0	0.0	0.0	0.0	0.0	0.0	0.0	0.0	0.0	0.0	0.0	0.0	0.0	0.0	0.0	0.0	0.0	0.0	0.0	0.0	0.0	0.0	0.0	0.0	0.0	0.0	0.0	0.0	0.0	0.0	0.0	0.0	0.0	0.0	0.0	0.0	0.0	0.0	
1.37674  1600.0  1800.0  0.0	0.0	0.0	0.0	0.0	0.0	0.0	2e-05	2e-05	2e-05	4e-05	4e-05	2e-05	2e-05	2e-05	0.0	0.0	2e-05	2e-05	6e-05	6e-05	0.0	8e-05	6e-05	0.0	8e-05	6e-05	0.0001	0.0001	0.00012	0.0002	6e-05	0.0001	0.00016	6e-05	0.00026	0.00022	0.00032	0.00032	0.00046	0.0004	0.0005	0.001	0.00094	0.00148	0.00174	0.00342	0.0362	0.15896	0.1368	0.07974	0.0	0.0	0.0	0.0	0.0	0.0	0.0	0.0	0.0	0.0	0.0	0.0	0.0	0.0	0.0	0.0	0.0	0.0	0.0	0.0	0.0	0.0	0.0	0.0	0.0	0.0	0.0	0.0	0.0	0.0	0.0	0.0	0.0	0.0	0.0	0.0	0.0	0.0	0.0	0.0	0.0	0.0	0.0	0.0	0.0	0.0	0.0	0.0	
0.92086  1800.0  2000.0  0.0	0.0	0.0	0.0	0.0	2e-05	2e-05	2e-05	0.0	2e-05	0.0	2e-05	8e-05	4e-05	4e-05	0.0	4e-05	0.0	4e-05	0.0	8e-05	4e-05	0.0	0.0001	4e-05	6e-05	2e-05	8e-05	8e-05	8e-05	0.0001	6e-05	0.0001	8e-05	0.00016	0.00012	0.0002	0.00012	0.00016	0.0004	0.00036	0.00026	0.00062	0.00058	0.00054	0.0007	0.00094	0.00128	0.00174	0.00388	0.05986	0.15676	0.14874	0.04608	0.0	0.0	0.0	0.0	0.0	0.0	0.0	0.0	0.0	0.0	0.0	0.0	0.0	0.0	0.0	0.0	0.0	0.0	0.0	0.0	0.0	0.0	0.0	0.0	0.0	0.0	0.0	0.0	0.0	0.0	0.0	0.0	0.0	0.0	0.0	0.0	0.0	0.0	0.0	0.0	0.0	0.0	0.0	0.0	0.0	
0.74428  2000.0  2250.0  0.0	0.0	2e-05	0.0	0.0	2e-05	2e-05	4e-05	2e-05	0.0	2e-05	4e-05	0.0	2e-05	0.0	2e-05	6e-05	0.0	2e-05	2e-05	4e-05	6e-05	0.0	2e-05	2e-05	2e-05	2e-05	4e-05	6e-05	6e-05	4e-05	8e-05	0.00016	0.0001	4e-05	8e-05	0.00022	0.00014	0.00014	6e-05	0.00028	0.00022	0.0003	0.00026	0.00036	0.00052	0.00044	0.00066	0.00072	0.00102	0.00112	0.0017	0.00656	0.10748	0.13846	0.11892	0.04692	0.0	0.0	0.0	0.0	0.0	0.0	0.0	0.0	0.0	0.0	0.0	0.0	0.0	0.0	0.0	0.0	0.0	0.0	0.0	0.0	0.0	0.0	0.0	0.0	0.0	0.0	0.0	0.0	0.0	0.0	0.0	0.0	0.0	0.0	0.0	0.0	0.0	0.0	0.0	0.0	0.0	0.0	
0.46164  2250.0  2500.0  0.0	0.0	0.0	0.0	0.0	2e-05	0.0	0.0	2e-05	0.0	4e-05	0.0	0.0	2e-05	2e-05	0.0	4e-05	0.0	2e-05	0.0	2e-05	2e-05	4e-05	0.0	6e-05	4e-05	6e-05	6e-05	2e-05	6e-05	2e-05	0.0001	0.0001	4e-05	6e-05	4e-05	0.0001	0.00012	0.00014	0.00012	0.0001	0.0002	0.00014	0.00026	0.0002	0.0003	0.00036	0.0002	0.0004	0.00046	0.0006	0.001	0.00108	0.0018	0.002	0.00656	0.08976	0.14026	0.12074	0.06018	0.0	0.0	0.0	0.0	0.0	0.0	0.0	0.0	0.0	0.0	0.0	0.0	0.0	0.0	0.0	0.0	0.0	0.0	0.0	0.0	0.0	0.0	0.0	0.0	0.0	0.0	0.0	0.0	0.0	0.0	0.0	0.0	0.0	0.0	0.0	0.0	0.0	0.0	0.0	
0.28924  2500.0  2750.0  0.0	2e-05	0.0	0.0	0.0	0.0	2e-05	2e-05	2e-05	0.0	2e-05	0.0	0.0	0.0	2e-05	4e-05	2e-05	0.0	2e-05	4e-05	2e-05	2e-05	2e-05	0.0	4e-05	4e-05	2e-05	4e-05	2e-05	2e-05	4e-05	0.0	2e-05	4e-05	8e-05	8e-05	8e-05	0.00012	6e-05	0.00016	8e-05	0.00016	0.00018	0.00022	0.00022	0.00026	0.00024	0.00018	0.00028	0.00032	0.00032	0.00038	0.00048	0.00068	0.00096	0.00116	0.00118	0.00178	0.00578	0.07244	0.1478	0.1228	0.07486	0.0	0.0	0.0	0.0	0.0	0.0	0.0	0.0	0.0	0.0	0.0	0.0	0.0	0.0	0.0	0.0	0.0	0.0	0.0	0.0	0.0	0.0	0.0	0.0	0.0	0.0	0.0	0.0	0.0	0.0	0.0	0.0	0.0	0.0	0.0	0.0	
0.18219  2750.0  3000.0  0.0	0.0	0.0	0.0	0.0	0.0	0.0	0.0	0.0	0.0	0.0	2e-05	2e-05	0.0	0.0	2e-05	2e-05	2e-05	4e-05	4e-05	2e-05	0.0	6e-05	0.0	2e-05	6e-05	2e-05	0.0	4e-05	2e-05	4e-05	6e-05	4e-05	2e-05	4e-05	4e-05	0.00016	0.0001	0.0001	6e-05	4e-05	4e-05	0.00012	8e-05	0.00016	0.00028	0.0002	0.00022	0.00022	0.00026	0.00026	0.00024	0.00034	0.00042	0.00056	0.00062	0.0007	0.00096	0.00104	0.00164	0.00218	0.00598	0.05354	0.14938	0.12898	0.0896	0.00012	0.0	0.0	0.0	0.0	0.0	0.0	0.0	0.0	0.0	0.0	0.0	0.0	0.0	0.0	0.0	0.0	0.0	0.0	0.0	0.0	0.0	0.0	0.0	0.0	0.0	0.0	0.0	0.0	0.0	0.0	0.0	0.0	
0.18856  3000.0  3500.0  0.0	0.0	0.0	0.0	0.0	0.0	0.0	0.0	0.0	0.0	4e-05	2e-05	4e-05	0.0	0.0	2e-05	6e-05	0.0	0.0	2e-05	0.0	4e-05	2e-05	4e-05	0.0	8e-05	0.0	4e-05	2e-05	0.0	2e-05	2e-05	2e-05	6e-05	4e-05	0.0001	6e-05	4e-05	4e-05	6e-05	0.0001	2e-05	4e-05	6e-05	0.0001	0.00014	4e-05	4e-05	0.0002	0.00018	0.00014	0.00016	0.00032	0.00024	0.00024	0.00036	0.00054	0.00018	0.00034	0.00066	0.00056	0.0009	0.0014	0.0011	0.00414	0.02182	0.0946	0.08144	0.07006	0.06116	0.052	0.0414	0.00486	0.0	0.0	0.0	0.0	0.0	0.0	0.0	0.0	0.0	0.0	0.0	0.0	0.0	0.0	0.0	0.0	0.0	0.0	0.0	0.0	0.0	0.0	0.0	0.0	0.0	0.0	
0.07617  3500.0  4000.0  0.0	0.0	0.0	0.0	2e-05	0.0	0.0	0.0	0.0	0.0	0.0	2e-05	0.0	2e-05	0.0	2e-05	0.0	0.0	0.0	2e-05	4e-05	0.0	0.0	0.0	0.0	0.0	4e-05	2e-05	4e-05	4e-05	2e-05	2e-05	6e-05	2e-05	0.0	2e-05	6e-05	6e-05	8e-05	2e-05	6e-05	8e-05	8e-05	2e-05	6e-05	8e-05	8e-05	0.0001	0.0001	4e-05	6e-05	0.0001	0.00012	0.00016	0.00016	0.00024	0.00018	0.00036	0.00038	0.00026	0.00032	0.00022	0.00042	0.00052	0.00046	0.00056	0.00066	0.00078	0.00082	0.00152	0.00366	0.00928	0.0841	0.0867	0.0736	0.06398	0.0548	0.0444	0.01348	0.0	0.0	0.0	0.0	0.0	0.0	0.0	0.0	0.0	0.0	0.0	0.0	0.0	0.0	0.0	0.0	0.0	0.0	0.0	0.0	
0.0504  4000.0  15000.0  0.0	0.0	0.0	0.0	0.0	0.0	0.0	0.0	0.0	0.0	0.0	0.0	2e-05	2e-05	0.0	0.0	0.0	0.0	0.0	0.0	0.0	2e-05	2e-05	2e-05	0.0	0.0	2e-05	2e-05	2e-05	0.0	4e-05	0.0	0.0	0.0	2e-05	6e-05	2e-05	4e-05	4e-05	4e-05	6e-05	6e-05	0.0	0.0	4e-05	2e-05	8e-05	0.0	8e-05	6e-05	6e-05	6e-05	0.0001	0.00014	0.00012	0.00016	6e-05	0.00016	0.00018	0.0001	0.0001	0.00018	0.00024	0.0002	0.00018	0.00024	0.00028	0.0002	0.00028	0.00044	0.0005	0.00048	0.00048	0.00064	0.00084	0.001	0.00212	0.00424	0.05686	0.06246	0.0523	0.04482	0.03796	0.03164	0.02498	0.02308	0.01684	0.01462	0.012	0.00948	0.0079	0.00716	0.00548	0.00408	0.00392	0.00302	0.00226	0.0019	0.00166	
