#===============
# ll~ : ee
# qq~ : uc~
# FF  : scalar
# XY  : LL LR RL RR
# coef : 0 0
# type : Reg*Reg
# Nevs : 50000
#===============
#
# XSEC	BIN_MIN	BIN_MAX 	 Kij 
#
84.972  200.0  300.0  0.0002	0.0002	0.0004	0.00068	0.0031	0.04908	0.05132	0.05096	0.05198	0.05164	0.00144	0.0	0.0	0.0	0.0	0.0	0.0	0.0	0.0	0.0	0.0	0.0	0.0	0.0	0.0	0.0	0.0	0.0	0.0	0.0	0.0	0.0	0.0	0.0	0.0	0.0	0.0	0.0	0.0	0.0	0.0	0.0	0.0	0.0	0.0	0.0	0.0	0.0	0.0	0.0	0.0	0.0	0.0	0.0	0.0	0.0	0.0	0.0	0.0	0.0	0.0	0.0	0.0	0.0	0.0	0.0	0.0	0.0	0.0	0.0	0.0	0.0	0.0	0.0	0.0	0.0	0.0	0.0	0.0	0.0	0.0	0.0	0.0	0.0	0.0	0.0	0.0	0.0	0.0	0.0	0.0	0.0	0.0	0.0	0.0	0.0	0.0	0.0	0.0	
77.07  300.0  400.0  4e-05	8e-05	6e-05	6e-05	0.00024	0.00032	0.00048	0.00086	0.00098	0.00544	0.06154	0.06232	0.0631	0.06226	0.056	0.00136	0.0	0.0	0.0	0.0	0.0	0.0	0.0	0.0	0.0	0.0	0.0	0.0	0.0	0.0	0.0	0.0	0.0	0.0	0.0	0.0	0.0	0.0	0.0	0.0	0.0	0.0	0.0	0.0	0.0	0.0	0.0	0.0	0.0	0.0	0.0	0.0	0.0	0.0	0.0	0.0	0.0	0.0	0.0	0.0	0.0	0.0	0.0	0.0	0.0	0.0	0.0	0.0	0.0	0.0	0.0	0.0	0.0	0.0	0.0	0.0	0.0	0.0	0.0	0.0	0.0	0.0	0.0	0.0	0.0	0.0	0.0	0.0	0.0	0.0	0.0	0.0	0.0	0.0	0.0	0.0	0.0	0.0	0.0	
68.78  400.0  500.0  0.0	2e-05	6e-05	6e-05	0.0	0.00016	0.00018	0.00016	0.00026	0.00034	0.00044	0.00068	0.00088	0.00132	0.00752	0.06586	0.0678	0.06672	0.06378	0.05774	0.0019	0.0	0.0	0.0	0.0	0.0	0.0	0.0	0.0	0.0	0.0	0.0	0.0	0.0	0.0	0.0	0.0	0.0	0.0	0.0	0.0	0.0	0.0	0.0	0.0	0.0	0.0	0.0	0.0	0.0	0.0	0.0	0.0	0.0	0.0	0.0	0.0	0.0	0.0	0.0	0.0	0.0	0.0	0.0	0.0	0.0	0.0	0.0	0.0	0.0	0.0	0.0	0.0	0.0	0.0	0.0	0.0	0.0	0.0	0.0	0.0	0.0	0.0	0.0	0.0	0.0	0.0	0.0	0.0	0.0	0.0	0.0	0.0	0.0	0.0	0.0	0.0	0.0	0.0	
60.914  500.0  600.0  2e-05	0.0	4e-05	6e-05	0.0001	0.0001	0.0001	0.00012	0.0001	0.0002	0.0001	0.00032	0.00036	0.00032	0.00056	0.00046	0.00064	0.00092	0.0017	0.00918	0.07144	0.07048	0.0683	0.06568	0.06064	0.0021	0.0	0.0	0.0	0.0	0.0	0.0	0.0	0.0	0.0	0.0	0.0	0.0	0.0	0.0	0.0	0.0	0.0	0.0	0.0	0.0	0.0	0.0	0.0	0.0	0.0	0.0	0.0	0.0	0.0	0.0	0.0	0.0	0.0	0.0	0.0	0.0	0.0	0.0	0.0	0.0	0.0	0.0	0.0	0.0	0.0	0.0	0.0	0.0	0.0	0.0	0.0	0.0	0.0	0.0	0.0	0.0	0.0	0.0	0.0	0.0	0.0	0.0	0.0	0.0	0.0	0.0	0.0	0.0	0.0	0.0	0.0	0.0	0.0	
53.77  600.0  700.0  0.0	2e-05	0.0	4e-05	0.0	0.0	8e-05	0.00014	4e-05	0.00012	0.00012	0.00012	0.00028	0.0002	0.00034	0.00012	0.00052	0.00046	0.0005	0.00048	0.0005	0.00074	0.0012	0.00192	0.00992	0.10854	0.10914	0.10274	0.0301	0.0	0.0	0.0	0.0	0.0	0.0	0.0	0.0	0.0	0.0	0.0	0.0	0.0	0.0	0.0	0.0	0.0	0.0	0.0	0.0	0.0	0.0	0.0	0.0	0.0	0.0	0.0	0.0	0.0	0.0	0.0	0.0	0.0	0.0	0.0	0.0	0.0	0.0	0.0	0.0	0.0	0.0	0.0	0.0	0.0	0.0	0.0	0.0	0.0	0.0	0.0	0.0	0.0	0.0	0.0	0.0	0.0	0.0	0.0	0.0	0.0	0.0	0.0	0.0	0.0	0.0	0.0	0.0	0.0	0.0	
47.344  700.0  800.0  0.0	6e-05	0.0	0.0	4e-05	0.0001	8e-05	4e-05	4e-05	8e-05	0.00012	0.0001	0.0001	0.00022	8e-05	0.0003	0.00022	0.00012	0.00028	0.0005	0.00036	0.00034	0.0003	0.0004	0.0006	0.00094	0.0016	0.00474	0.08168	0.11202	0.10422	0.0632	0.0	0.0	0.0	0.0	0.0	0.0	0.0	0.0	0.0	0.0	0.0	0.0	0.0	0.0	0.0	0.0	0.0	0.0	0.0	0.0	0.0	0.0	0.0	0.0	0.0	0.0	0.0	0.0	0.0	0.0	0.0	0.0	0.0	0.0	0.0	0.0	0.0	0.0	0.0	0.0	0.0	0.0	0.0	0.0	0.0	0.0	0.0	0.0	0.0	0.0	0.0	0.0	0.0	0.0	0.0	0.0	0.0	0.0	0.0	0.0	0.0	0.0	0.0	0.0	0.0	0.0	0.0	
41.656  800.0  900.0  0.0	0.0	0.0	4e-05	6e-05	6e-05	4e-05	0.0001	0.0001	0.0001	2e-05	0.0002	8e-05	0.0001	4e-05	6e-05	0.00014	0.0001	0.00016	0.00026	0.00024	0.00022	0.00026	0.00018	0.00038	0.00062	0.00058	0.00064	0.00072	0.00162	0.00356	0.04832	0.116	0.1074	0.09444	0.00202	0.0	0.0	0.0	0.0	0.0	0.0	0.0	0.0	0.0	0.0	0.0	0.0	0.0	0.0	0.0	0.0	0.0	0.0	0.0	0.0	0.0	0.0	0.0	0.0	0.0	0.0	0.0	0.0	0.0	0.0	0.0	0.0	0.0	0.0	0.0	0.0	0.0	0.0	0.0	0.0	0.0	0.0	0.0	0.0	0.0	0.0	0.0	0.0	0.0	0.0	0.0	0.0	0.0	0.0	0.0	0.0	0.0	0.0	0.0	0.0	0.0	0.0	0.0	
36.6084  900.0  1000.0  0.0	0.0	4e-05	2e-05	0.0	0.0	4e-05	2e-05	2e-05	4e-05	8e-05	0.00014	8e-05	4e-05	8e-05	0.00012	0.00012	6e-05	0.00018	0.00012	0.00016	0.00018	0.0002	0.00022	0.00016	0.00034	0.00056	0.00028	0.0005	0.00064	0.00076	0.00094	0.00156	0.00284	0.01438	0.1886	0.1701	0.00376	0.0	0.0	0.0	0.0	0.0	0.0	0.0	0.0	0.0	0.0	0.0	0.0	0.0	0.0	0.0	0.0	0.0	0.0	0.0	0.0	0.0	0.0	0.0	0.0	0.0	0.0	0.0	0.0	0.0	0.0	0.0	0.0	0.0	0.0	0.0	0.0	0.0	0.0	0.0	0.0	0.0	0.0	0.0	0.0	0.0	0.0	0.0	0.0	0.0	0.0	0.0	0.0	0.0	0.0	0.0	0.0	0.0	0.0	0.0	0.0	0.0	
60.396  1000.0  1200.0  0.0	2e-05	0.0	2e-05	0.0	2e-05	0.0	2e-05	0.0	2e-05	2e-05	0.00014	8e-05	0.0001	8e-05	8e-05	4e-05	4e-05	0.0001	0.00014	0.00012	0.0001	0.00012	0.00016	8e-05	0.00022	0.00022	0.00028	0.00032	0.00028	0.00042	0.00034	0.00056	0.00052	0.00082	0.00188	0.01086	0.10288	0.0988	0.09046	0.07802	0.0018	0.0	0.0	0.0	0.0	0.0	0.0	0.0	0.0	0.0	0.0	0.0	0.0	0.0	0.0	0.0	0.0	0.0	0.0	0.0	0.0	0.0	0.0	0.0	0.0	0.0	0.0	0.0	0.0	0.0	0.0	0.0	0.0	0.0	0.0	0.0	0.0	0.0	0.0	0.0	0.0	0.0	0.0	0.0	0.0	0.0	0.0	0.0	0.0	0.0	0.0	0.0	0.0	0.0	0.0	0.0	0.0	0.0	
46.51  1200.0  1400.0  0.0	0.0	0.0	0.0	0.0	6e-05	4e-05	0.0	2e-05	2e-05	4e-05	6e-05	0.0	6e-05	2e-05	4e-05	2e-05	6e-05	0.0	4e-05	8e-05	0.0	0.00018	0.0001	0.00016	6e-05	0.00014	0.0002	0.00022	0.00014	0.00014	0.00026	0.00036	0.00032	0.00028	0.00042	0.00068	0.00076	0.0014	0.00198	0.0111	0.1016	0.12042	0.10536	0.0443	0.0	0.0	0.0	0.0	0.0	0.0	0.0	0.0	0.0	0.0	0.0	0.0	0.0	0.0	0.0	0.0	0.0	0.0	0.0	0.0	0.0	0.0	0.0	0.0	0.0	0.0	0.0	0.0	0.0	0.0	0.0	0.0	0.0	0.0	0.0	0.0	0.0	0.0	0.0	0.0	0.0	0.0	0.0	0.0	0.0	0.0	0.0	0.0	0.0	0.0	0.0	0.0	0.0	0.0	
35.8438  1400.0  1600.0  0.0	0.0	0.0	0.0	0.0	0.0	0.0	4e-05	2e-05	4e-05	8e-05	0.0	4e-05	2e-05	6e-05	8e-05	4e-05	8e-05	4e-05	8e-05	6e-05	8e-05	6e-05	8e-05	4e-05	0.00012	0.00012	0.00016	0.0002	0.00022	0.0001	0.00012	0.0002	0.00018	0.0001	0.00038	0.00056	0.00066	0.00072	0.00048	0.00082	0.00106	0.00178	0.004	0.07116	0.12176	0.11186	0.08046	0.0	0.0	0.0	0.0	0.0	0.0	0.0	0.0	0.0	0.0	0.0	0.0	0.0	0.0	0.0	0.0	0.0	0.0	0.0	0.0	0.0	0.0	0.0	0.0	0.0	0.0	0.0	0.0	0.0	0.0	0.0	0.0	0.0	0.0	0.0	0.0	0.0	0.0	0.0	0.0	0.0	0.0	0.0	0.0	0.0	0.0	0.0	0.0	0.0	0.0	0.0	
27.6026  1600.0  1800.0  0.0	2e-05	0.0	0.0	0.0	0.0	0.0	0.0	0.0	0.0	2e-05	2e-05	0.0	2e-05	4e-05	6e-05	6e-05	4e-05	8e-05	2e-05	2e-05	2e-05	6e-05	0.0001	4e-05	2e-05	2e-05	8e-05	4e-05	8e-05	6e-05	0.00014	0.0001	0.00014	0.00012	0.00018	0.00018	0.0003	0.00036	0.00034	0.00032	0.00058	0.00074	0.00094	0.0009	0.0018	0.00268	0.03274	0.14738	0.13084	0.08178	0.0	0.0	0.0	0.0	0.0	0.0	0.0	0.0	0.0	0.0	0.0	0.0	0.0	0.0	0.0	0.0	0.0	0.0	0.0	0.0	0.0	0.0	0.0	0.0	0.0	0.0	0.0	0.0	0.0	0.0	0.0	0.0	0.0	0.0	0.0	0.0	0.0	0.0	0.0	0.0	0.0	0.0	0.0	0.0	0.0	0.0	0.0	0.0	
21.2306  1800.0  2000.0  0.0	2e-05	0.0	0.0	0.0	0.0	2e-05	2e-05	0.0	2e-05	2e-05	0.0	4e-05	0.0	2e-05	0.0	0.0	0.0	6e-05	0.0	6e-05	2e-05	0.0	0.00012	4e-05	0.0001	6e-05	0.00014	8e-05	0.0001	6e-05	0.00012	0.00012	4e-05	4e-05	0.00016	0.00012	0.00012	0.00016	0.00022	0.00016	0.0003	0.00034	0.00036	0.00048	0.00072	0.00086	0.0011	0.00148	0.00414	0.05394	0.14456	0.1497	0.0471	0.0	0.0	0.0	0.0	0.0	0.0	0.0	0.0	0.0	0.0	0.0	0.0	0.0	0.0	0.0	0.0	0.0	0.0	0.0	0.0	0.0	0.0	0.0	0.0	0.0	0.0	0.0	0.0	0.0	0.0	0.0	0.0	0.0	0.0	0.0	0.0	0.0	0.0	0.0	0.0	0.0	0.0	0.0	0.0	0.0	
19.7794  2000.0  2250.0  0.0	0.0	6e-05	0.0	0.0	0.0	0.0	2e-05	0.0	0.0	2e-05	0.0	4e-05	2e-05	2e-05	2e-05	6e-05	4e-05	2e-05	6e-05	0.0	2e-05	2e-05	2e-05	4e-05	4e-05	4e-05	0.0	4e-05	0.0001	2e-05	0.0001	4e-05	2e-05	8e-05	0.00026	0.00016	0.00024	8e-05	6e-05	0.0002	0.00024	0.00024	0.00034	0.00024	0.00034	0.00032	0.00066	0.0008	0.001	0.00104	0.00164	0.00642	0.09816	0.13262	0.11518	0.04908	0.0	0.0	0.0	0.0	0.0	0.0	0.0	0.0	0.0	0.0	0.0	0.0	0.0	0.0	0.0	0.0	0.0	0.0	0.0	0.0	0.0	0.0	0.0	0.0	0.0	0.0	0.0	0.0	0.0	0.0	0.0	0.0	0.0	0.0	0.0	0.0	0.0	0.0	0.0	0.0	0.0	0.0	
14.2392  2250.0  2500.0  0.0	0.0	0.0	2e-05	0.0	2e-05	0.0	2e-05	0.0	0.0	0.0	0.0	0.0	0.0	0.0	2e-05	0.0	0.0	0.00016	2e-05	0.0	0.0	0.0	2e-05	4e-05	6e-05	2e-05	0.00012	2e-05	2e-05	0.0	2e-05	0.0	2e-05	4e-05	0.00012	0.00012	0.00012	6e-05	0.0001	0.00014	0.00012	0.00026	0.00022	0.00014	0.00026	0.00028	0.0004	0.00054	0.0006	0.00066	0.00072	0.00122	0.00152	0.00214	0.00594	0.0819	0.134	0.1215	0.06376	0.0	0.0	0.0	0.0	0.0	0.0	0.0	0.0	0.0	0.0	0.0	0.0	0.0	0.0	0.0	0.0	0.0	0.0	0.0	0.0	0.0	0.0	0.0	0.0	0.0	0.0	0.0	0.0	0.0	0.0	0.0	0.0	0.0	0.0	0.0	0.0	0.0	0.0	0.0	
10.2336  2500.0  2750.0  0.0	0.0	0.0	0.0	0.0	0.0	0.0	0.0	2e-05	0.0	8e-05	0.0	2e-05	0.0	2e-05	0.0	0.0	0.0	2e-05	2e-05	2e-05	0.0	0.0	2e-05	2e-05	4e-05	4e-05	6e-05	6e-05	2e-05	2e-05	4e-05	2e-05	4e-05	4e-05	0.0001	0.00012	0.00014	0.00012	0.00012	6e-05	2e-05	0.00014	0.00014	0.00014	0.00016	0.00016	0.00026	0.00036	0.00042	0.00034	0.00034	0.00064	0.0008	0.00062	0.00114	0.00122	0.00206	0.00524	0.0668	0.14026	0.12384	0.07694	0.0	0.0	0.0	0.0	0.0	0.0	0.0	0.0	0.0	0.0	0.0	0.0	0.0	0.0	0.0	0.0	0.0	0.0	0.0	0.0	0.0	0.0	0.0	0.0	0.0	0.0	0.0	0.0	0.0	0.0	0.0	0.0	0.0	0.0	0.0	0.0	
7.3334  2750.0  3000.0  2e-05	0.0	0.0	0.0	0.0	0.0	4e-05	0.0	0.0	0.0	0.0	4e-05	2e-05	0.0	2e-05	4e-05	0.0	0.0	0.0	0.0	4e-05	4e-05	4e-05	2e-05	6e-05	6e-05	0.0001	8e-05	4e-05	8e-05	4e-05	2e-05	4e-05	8e-05	8e-05	0.00014	0.0001	2e-05	0.0001	2e-05	0.00012	0.00014	0.0001	0.0001	0.00012	0.0002	0.00012	8e-05	0.00026	0.00018	0.00032	0.00038	0.0003	0.00038	0.00056	0.00084	0.00062	0.00072	0.00066	0.00122	0.00232	0.0058	0.04996	0.13962	0.12742	0.0939	0.00028	0.0	0.0	0.0	0.0	0.0	0.0	0.0	0.0	0.0	0.0	0.0	0.0	0.0	0.0	0.0	0.0	0.0	0.0	0.0	0.0	0.0	0.0	0.0	0.0	0.0	0.0	0.0	0.0	0.0	0.0	0.0	0.0	
8.9868  3000.0  3500.0  0.0	0.0	0.0	0.0	2e-05	2e-05	0.0	2e-05	0.0	0.0	2e-05	0.0	2e-05	0.0	2e-05	0.0	2e-05	0.0	0.0	0.0	4e-05	0.0	0.0	2e-05	2e-05	0.0	0.0	2e-05	2e-05	0.0	2e-05	4e-05	2e-05	6e-05	2e-05	4e-05	8e-05	4e-05	6e-05	6e-05	8e-05	0.0001	2e-05	4e-05	0.0001	0.0002	0.00014	0.00012	0.00012	8e-05	0.00022	0.00022	0.00012	0.00032	0.00016	0.00034	0.00034	0.00042	0.00044	0.0007	0.0006	0.00092	0.00142	0.00148	0.00342	0.02034	0.08494	0.07664	0.07	0.06196	0.05378	0.04502	0.0049	0.0	0.0	0.0	0.0	0.0	0.0	0.0	0.0	0.0	0.0	0.0	0.0	0.0	0.0	0.0	0.0	0.0	0.0	0.0	0.0	0.0	0.0	0.0	0.0	0.0	0.0	
4.5292  3500.0  4000.0  0.0	2e-05	0.0	2e-05	0.0	0.0	0.0	0.0	0.0	0.0	0.0	0.0	0.0	0.0	0.0	2e-05	0.0	0.0	0.0	0.0	6e-05	2e-05	0.0	2e-05	0.0	0.0	2e-05	2e-05	4e-05	2e-05	2e-05	6e-05	2e-05	2e-05	0.0	4e-05	6e-05	6e-05	2e-05	8e-05	4e-05	2e-05	0.0001	6e-05	0.0001	4e-05	0.00012	6e-05	0.0001	0.0001	0.0002	0.00016	0.00016	0.00014	0.00022	0.00016	0.00016	0.00022	0.0002	0.00032	0.00042	0.00044	0.00042	0.00054	0.00052	0.00072	0.00076	0.0009	0.00104	0.0016	0.0031	0.00816	0.08012	0.08308	0.0724	0.06512	0.05624	0.04806	0.01438	0.0	0.0	0.0	0.0	0.0	0.0	0.0	0.0	0.0	0.0	0.0	0.0	0.0	0.0	0.0	0.0	0.0	0.0	0.0	0.0	
4.1808  4000.0  15000.0  0.0	0.0	0.0	0.0	0.0	2e-05	0.0	0.0	2e-05	2e-05	2e-05	0.0	0.0	0.0	2e-05	2e-05	0.0	0.0	0.0	0.0	2e-05	0.0	0.0	0.0	0.0	0.0	2e-05	2e-05	0.0	6e-05	2e-05	2e-05	0.0	4e-05	0.0	8e-05	2e-05	0.0	6e-05	2e-05	0.00014	4e-05	4e-05	2e-05	6e-05	0.00016	6e-05	4e-05	0.00014	0.00012	4e-05	6e-05	6e-05	0.00016	0.00018	0.00012	6e-05	8e-05	8e-05	0.0001	0.00014	0.0002	0.0003	0.0002	0.0002	0.00016	0.00016	0.00042	0.00028	0.00024	0.00044	0.00042	0.00052	0.0005	0.00066	0.0009	0.00174	0.00382	0.04424	0.05444	0.04538	0.04042	0.03448	0.0314	0.02726	0.02272	0.01936	0.01656	0.01456	0.01248	0.01138	0.00898	0.00756	0.00648	0.00586	0.00462	0.0043	0.00346	0.00266	
