#===============
# Ref : 1903.06248
# Experiment : ATLAS
# ll~ : ee
# qq~ : sd~
# FF  : scalar
# XY  : LL LR RL RR
# coef : 00
# type : Reg*Reg
# Nevs : 50000
#===============
#
# XSEC	BIN_MIN	BIN_MAX 	 Kij 
# 225.0 232.51 240.271 248.291 256.579 265.143 273.994 283.139 292.59 302.357 312.449 322.878 333.656 344.793 356.302 368.195 380.485 393.185 406.309 419.872 433.887 448.369 463.336 478.801 494.783 511.299 528.365 546.002 564.227 583.06 602.522 622.634 643.417 664.894 687.087 710.022 733.722 758.213 783.521 809.674 836.7 864.629 893.489 923.313 954.133 985.981 1018.89 1052.9 1088.05 1124.36 1161.9 1200.68 1240.76 1282.17 1324.97 1369.2 1414.9 1462.13 1510.93 1561.36 1613.48 1667.34 1722.99 1780.5 1839.94 1901.35 1964.82 2030.4 2098.17 2168.21 2240.58 2315.37 2392.65 2472.52 2555.05 2640.34 2728.47 2819.54 2913.66 3010.91 3111.41 3215.27 3322.59 3433.5 3548.1 3666.54 3788.92 3915.39 4046.09 4181.14 4320.7 4464.92 4613.96 4767.97 4927.12 5091.58 5261.54 5437.16 5618.6 10000.0 
30.3974  200.0  300.0  0.03026	0.0296	0.03232	0.03312	0.03324	0.03324	0.03386	0.03348	0.02432	0.00022	0.0	0.0	0.0	0.0	0.0	0.0	0.0	0.0	0.0	0.0	0.0	0.0	0.0	0.0	0.0	0.0	0.0	0.0	0.0	0.0	0.0	0.0	0.0	0.0	0.0	0.0	0.0	0.0	0.0	0.0	0.0	0.0	0.0	0.0	0.0	0.0	0.0	0.0	0.0	0.0	0.0	0.0	0.0	0.0	0.0	0.0	0.0	0.0	0.0	0.0	0.0	0.0	0.0	0.0	0.0	0.0	0.0	0.0	0.0	0.0	0.0	0.0	0.0	0.0	0.0	0.0	0.0	0.0	0.0	0.0	0.0	0.0	0.0	0.0	0.0	0.0	0.0	0.0	0.0	0.0	0.0	0.0	0.0	0.0	0.0	0.0	0.0	0.0	0.0	
23.7952  300.0  400.0  0.00028	0.00036	0.00036	0.00042	0.00054	0.0007	0.00068	0.00174	0.01406	0.0479	0.047	0.04662	0.04804	0.04826	0.04856	0.0503	0.04768	0.02304	0.0	0.0	0.0	0.0	0.0	0.0	0.0	0.0	0.0	0.0	0.0	0.0	0.0	0.0	0.0	0.0	0.0	0.0	0.0	0.0	0.0	0.0	0.0	0.0	0.0	0.0	0.0	0.0	0.0	0.0	0.0	0.0	0.0	0.0	0.0	0.0	0.0	0.0	0.0	0.0	0.0	0.0	0.0	0.0	0.0	0.0	0.0	0.0	0.0	0.0	0.0	0.0	0.0	0.0	0.0	0.0	0.0	0.0	0.0	0.0	0.0	0.0	0.0	0.0	0.0	0.0	0.0	0.0	0.0	0.0	0.0	0.0	0.0	0.0	0.0	0.0	0.0	0.0	0.0	0.0	0.0	
18.7986  400.0  500.0  8e-05	0.00014	0.00012	0.0002	0.00014	0.00026	0.00018	0.00028	0.0005	0.00036	0.0003	0.00054	0.00062	0.0005	0.00104	0.00104	0.00338	0.03472	0.06432	0.06326	0.06384	0.06298	0.0651	0.061	0.01682	0.0	0.0	0.0	0.0	0.0	0.0	0.0	0.0	0.0	0.0	0.0	0.0	0.0	0.0	0.0	0.0	0.0	0.0	0.0	0.0	0.0	0.0	0.0	0.0	0.0	0.0	0.0	0.0	0.0	0.0	0.0	0.0	0.0	0.0	0.0	0.0	0.0	0.0	0.0	0.0	0.0	0.0	0.0	0.0	0.0	0.0	0.0	0.0	0.0	0.0	0.0	0.0	0.0	0.0	0.0	0.0	0.0	0.0	0.0	0.0	0.0	0.0	0.0	0.0	0.0	0.0	0.0	0.0	0.0	0.0	0.0	0.0	0.0	0.0	
14.9704  500.0  600.0  6e-05	6e-05	6e-05	0.00012	0.0001	0.00014	4e-05	6e-05	4e-05	0.0002	0.00014	0.00016	0.0003	0.00016	0.00028	0.00028	0.00044	0.00048	0.00044	0.00074	0.00064	0.0011	0.00128	0.0052	0.05728	0.08062	0.07912	0.0777	0.0765	0.06062	0.00046	0.0	0.0	0.0	0.0	0.0	0.0	0.0	0.0	0.0	0.0	0.0	0.0	0.0	0.0	0.0	0.0	0.0	0.0	0.0	0.0	0.0	0.0	0.0	0.0	0.0	0.0	0.0	0.0	0.0	0.0	0.0	0.0	0.0	0.0	0.0	0.0	0.0	0.0	0.0	0.0	0.0	0.0	0.0	0.0	0.0	0.0	0.0	0.0	0.0	0.0	0.0	0.0	0.0	0.0	0.0	0.0	0.0	0.0	0.0	0.0	0.0	0.0	0.0	0.0	0.0	0.0	0.0	0.0	
12.0532  600.0  700.0  2e-05	2e-05	8e-05	4e-05	4e-05	8e-05	0.00018	4e-05	6e-05	0.00012	6e-05	8e-05	0.00012	0.0001	0.00012	0.00016	0.00016	0.0002	0.0003	0.00022	0.00034	0.00042	0.00052	0.0005	0.00054	0.00084	0.00092	0.00144	0.00278	0.02286	0.0971	0.09358	0.09206	0.08786	0.0452	0.0	0.0	0.0	0.0	0.0	0.0	0.0	0.0	0.0	0.0	0.0	0.0	0.0	0.0	0.0	0.0	0.0	0.0	0.0	0.0	0.0	0.0	0.0	0.0	0.0	0.0	0.0	0.0	0.0	0.0	0.0	0.0	0.0	0.0	0.0	0.0	0.0	0.0	0.0	0.0	0.0	0.0	0.0	0.0	0.0	0.0	0.0	0.0	0.0	0.0	0.0	0.0	0.0	0.0	0.0	0.0	0.0	0.0	0.0	0.0	0.0	0.0	0.0	0.0	
9.7464  700.0  800.0  8e-05	2e-05	0.0001	4e-05	6e-05	2e-05	6e-05	4e-05	8e-05	4e-05	0.00014	8e-05	0.0001	2e-05	0.0001	0.00014	6e-05	0.0001	0.00016	0.00016	0.0002	0.00026	0.00022	0.0003	0.00038	0.00032	0.00028	0.00054	0.00072	0.00072	0.00072	0.00124	0.00172	0.00424	0.05714	0.1095	0.10658	0.10594	0.05918	0.0	0.0	0.0	0.0	0.0	0.0	0.0	0.0	0.0	0.0	0.0	0.0	0.0	0.0	0.0	0.0	0.0	0.0	0.0	0.0	0.0	0.0	0.0	0.0	0.0	0.0	0.0	0.0	0.0	0.0	0.0	0.0	0.0	0.0	0.0	0.0	0.0	0.0	0.0	0.0	0.0	0.0	0.0	0.0	0.0	0.0	0.0	0.0	0.0	0.0	0.0	0.0	0.0	0.0	0.0	0.0	0.0	0.0	0.0	0.0	
7.9228  800.0  900.0  2e-05	0.0	2e-05	0.0	4e-05	4e-05	6e-05	0.00012	2e-05	6e-05	4e-05	2e-05	2e-05	8e-05	0.0001	8e-05	0.00016	0.0001	8e-05	0.00014	6e-05	8e-05	0.0001	0.00022	0.00016	0.00024	0.0003	0.00034	0.00036	0.00042	0.00036	0.00046	0.0006	0.00054	0.00084	0.00122	0.00154	0.00448	0.0576	0.12514	0.11842	0.1122	0.0218	0.0	0.0	0.0	0.0	0.0	0.0	0.0	0.0	0.0	0.0	0.0	0.0	0.0	0.0	0.0	0.0	0.0	0.0	0.0	0.0	0.0	0.0	0.0	0.0	0.0	0.0	0.0	0.0	0.0	0.0	0.0	0.0	0.0	0.0	0.0	0.0	0.0	0.0	0.0	0.0	0.0	0.0	0.0	0.0	0.0	0.0	0.0	0.0	0.0	0.0	0.0	0.0	0.0	0.0	0.0	0.0	
6.4874  900.0  1000.0  0.0	4e-05	0.0	2e-05	6e-05	6e-05	2e-05	6e-05	0.0	6e-05	4e-05	0.0	8e-05	0.0	6e-05	8e-05	6e-05	4e-05	8e-05	8e-05	8e-05	4e-05	0.00012	8e-05	0.00018	0.00018	0.0002	0.00012	0.00026	0.00026	0.0004	0.00026	0.00038	0.00024	0.00032	0.00052	0.00076	0.00088	0.00098	0.00158	0.0027	0.00894	0.1117	0.13516	0.12694	0.04804	0.0	0.0	0.0	0.0	0.0	0.0	0.0	0.0	0.0	0.0	0.0	0.0	0.0	0.0	0.0	0.0	0.0	0.0	0.0	0.0	0.0	0.0	0.0	0.0	0.0	0.0	0.0	0.0	0.0	0.0	0.0	0.0	0.0	0.0	0.0	0.0	0.0	0.0	0.0	0.0	0.0	0.0	0.0	0.0	0.0	0.0	0.0	0.0	0.0	0.0	0.0	0.0	0.0	
9.7078  1000.0  1200.0  0.0	0.0	2e-05	0.0	4e-05	2e-05	2e-05	6e-05	0.0	4e-05	0.0	8e-05	6e-05	4e-05	2e-05	0.00014	0.0001	8e-05	6e-05	6e-05	0.0001	4e-05	8e-05	4e-05	0.0001	0.0001	0.00012	0.00018	6e-05	8e-05	0.00014	0.00024	0.00038	0.00024	0.00032	0.00034	0.00038	0.00028	0.00046	0.00034	0.00058	0.00102	0.00094	0.00142	0.00458	0.05438	0.0819	0.08006	0.0745	0.07184	0.0623	0.00124	0.0	0.0	0.0	0.0	0.0	0.0	0.0	0.0	0.0	0.0	0.0	0.0	0.0	0.0	0.0	0.0	0.0	0.0	0.0	0.0	0.0	0.0	0.0	0.0	0.0	0.0	0.0	0.0	0.0	0.0	0.0	0.0	0.0	0.0	0.0	0.0	0.0	0.0	0.0	0.0	0.0	0.0	0.0	0.0	0.0	0.0	0.0	
6.6228  1200.0  1400.0  2e-05	2e-05	4e-05	0.0	0.0	2e-05	0.0	0.0	4e-05	2e-05	4e-05	0.0001	2e-05	4e-05	0.0	8e-05	8e-05	2e-05	2e-05	6e-05	0.0	0.00012	0.0001	2e-05	0.0	4e-05	2e-05	8e-05	0.0001	0.00012	0.00012	0.00012	4e-05	0.0002	8e-05	8e-05	0.00018	0.00016	0.00022	0.0003	0.00026	0.00042	0.0003	0.0003	0.00056	0.00086	0.00078	0.00116	0.00118	0.0028	0.01308	0.09558	0.09206	0.09088	0.0842	0.04852	0.0	0.0	0.0	0.0	0.0	0.0	0.0	0.0	0.0	0.0	0.0	0.0	0.0	0.0	0.0	0.0	0.0	0.0	0.0	0.0	0.0	0.0	0.0	0.0	0.0	0.0	0.0	0.0	0.0	0.0	0.0	0.0	0.0	0.0	0.0	0.0	0.0	0.0	0.0	0.0	0.0	0.0	0.0	
4.5566  1400.0  1600.0  0.0	0.0	0.0	2e-05	2e-05	0.0	0.0	0.0	0.0	0.0	2e-05	6e-05	0.0	0.0	4e-05	2e-05	0.0	0.0	2e-05	4e-05	8e-05	2e-05	2e-05	4e-05	4e-05	6e-05	8e-05	0.00012	4e-05	8e-05	4e-05	6e-05	8e-05	2e-05	8e-05	4e-05	0.0001	0.00012	0.00012	8e-05	0.00012	6e-05	0.00018	0.00026	0.00042	0.0004	0.00032	0.00034	0.00054	0.00058	0.00062	0.00114	0.00094	0.00136	0.00372	0.0446	0.10988	0.10224	0.095	0.06272	0.0	0.0	0.0	0.0	0.0	0.0	0.0	0.0	0.0	0.0	0.0	0.0	0.0	0.0	0.0	0.0	0.0	0.0	0.0	0.0	0.0	0.0	0.0	0.0	0.0	0.0	0.0	0.0	0.0	0.0	0.0	0.0	0.0	0.0	0.0	0.0	0.0	0.0	0.0	
3.15204  1600.0  1800.0  0.0	0.0	2e-05	0.0	0.0	2e-05	0.0	0.0	0.0	2e-05	0.0	2e-05	4e-05	0.0	2e-05	8e-05	0.0	0.0	2e-05	0.0	0.0	6e-05	6e-05	4e-05	4e-05	0.0001	6e-05	6e-05	4e-05	8e-05	6e-05	6e-05	6e-05	6e-05	8e-05	8e-05	8e-05	0.0001	6e-05	0.00014	0.0001	0.00012	0.00016	0.00014	8e-05	0.00018	0.0002	0.00034	0.00022	0.00036	0.0003	0.0003	0.00034	0.00048	0.00078	0.00112	0.00108	0.00154	0.00412	0.04276	0.12256	0.11352	0.10042	0.02934	0.0	0.0	0.0	0.0	0.0	0.0	0.0	0.0	0.0	0.0	0.0	0.0	0.0	0.0	0.0	0.0	0.0	0.0	0.0	0.0	0.0	0.0	0.0	0.0	0.0	0.0	0.0	0.0	0.0	0.0	0.0	0.0	0.0	0.0	0.0	
2.19014  1800.0  2000.0  0.0	2e-05	2e-05	0.0	4e-05	0.0	0.0	0.0	2e-05	0.0	0.0	0.0	2e-05	2e-05	2e-05	0.0	4e-05	2e-05	4e-05	2e-05	0.0	0.0	2e-05	0.0	2e-05	8e-05	6e-05	0.0	0.0	4e-05	2e-05	4e-05	0.0001	6e-05	0.0001	4e-05	2e-05	8e-05	6e-05	4e-05	4e-05	6e-05	0.0001	0.00014	0.00018	0.00012	0.00018	0.00016	0.00022	0.00022	0.00016	0.0002	0.00024	0.00034	0.0004	0.00038	0.0006	0.00052	0.00062	0.0007	0.00144	0.00258	0.00698	0.10002	0.13232	0.11582	0.05472	0.0	0.0	0.0	0.0	0.0	0.0	0.0	0.0	0.0	0.0	0.0	0.0	0.0	0.0	0.0	0.0	0.0	0.0	0.0	0.0	0.0	0.0	0.0	0.0	0.0	0.0	0.0	0.0	0.0	0.0	0.0	0.0	
1.83014  2000.0  2250.0  0.0	0.0	0.0	0.0	0.0	0.0	2e-05	0.0	2e-05	0.0	0.0	2e-05	0.0	2e-05	2e-05	2e-05	2e-05	2e-05	4e-05	2e-05	2e-05	2e-05	0.0	2e-05	0.0	0.0	0.0	0.0	2e-05	0.0	6e-05	0.0	2e-05	8e-05	4e-05	0.0001	4e-05	4e-05	6e-05	2e-05	0.0001	8e-05	2e-05	0.0001	6e-05	0.0002	0.0001	0.00012	0.00014	0.0002	0.00016	0.00018	0.00032	0.00028	0.00034	0.0002	0.00022	0.00052	0.00044	0.0004	0.00058	0.00058	0.00088	0.00112	0.00168	0.00628	0.0689	0.1217	0.11024	0.09496	0.01044	0.0	0.0	0.0	0.0	0.0	0.0	0.0	0.0	0.0	0.0	0.0	0.0	0.0	0.0	0.0	0.0	0.0	0.0	0.0	0.0	0.0	0.0	0.0	0.0	0.0	0.0	0.0	0.0	
1.17014  2250.0  2500.0  0.0	0.0	0.0	0.0	2e-05	2e-05	0.0	0.0	0.0	2e-05	2e-05	0.0	0.0	0.0	0.0	0.0	0.0	0.0	0.0	0.0	0.0	0.0	0.0	0.0	2e-05	0.0	2e-05	2e-05	4e-05	0.0	2e-05	4e-05	4e-05	0.0	0.0	6e-05	4e-05	4e-05	2e-05	8e-05	0.0001	6e-05	4e-05	6e-05	8e-05	6e-05	0.00012	6e-05	0.00014	0.00012	0.00018	8e-05	8e-05	0.00026	0.00012	0.00026	0.00022	0.00026	0.00022	0.00028	0.00022	0.0004	0.00058	0.00058	0.0008	0.001	0.00112	0.00128	0.003	0.0109	0.12808	0.1271	0.11332	0.03218	0.0	0.0	0.0	0.0	0.0	0.0	0.0	0.0	0.0	0.0	0.0	0.0	0.0	0.0	0.0	0.0	0.0	0.0	0.0	0.0	0.0	0.0	0.0	0.0	0.0	
0.75068  2500.0  2750.0  0.0	2e-05	2e-05	0.0	0.0	0.0	0.0	0.0	0.0	0.0	0.0	2e-05	0.0	0.0	2e-05	0.0	0.0	2e-05	0.0	4e-05	4e-05	2e-05	0.0	2e-05	2e-05	4e-05	4e-05	2e-05	6e-05	2e-05	2e-05	8e-05	2e-05	0.00012	8e-05	0.0	8e-05	4e-05	2e-05	4e-05	4e-05	2e-05	2e-05	4e-05	4e-05	4e-05	8e-05	0.0001	0.00014	0.0001	6e-05	4e-05	0.00022	0.00014	0.00012	0.00022	6e-05	0.00018	0.00022	8e-05	0.0002	0.0002	0.00028	0.00036	0.0003	0.00032	0.0005	0.0005	0.00062	0.0008	0.00126	0.00246	0.00792	0.11338	0.14878	0.12264	0.02486	0.0	0.0	0.0	0.0	0.0	0.0	0.0	0.0	0.0	0.0	0.0	0.0	0.0	0.0	0.0	0.0	0.0	0.0	0.0	0.0	0.0	0.0	
0.48258  2750.0  3000.0  0.0	0.0	0.0	0.0	0.0	0.0	0.0	0.0	0.0	0.0	0.0	0.0	0.0	2e-05	0.0	0.0	0.0	2e-05	2e-05	2e-05	2e-05	2e-05	0.0	0.0	0.0	0.0	2e-05	2e-05	4e-05	2e-05	0.0	4e-05	0.0	4e-05	0.0	4e-05	0.0	2e-05	8e-05	0.0	6e-05	4e-05	8e-05	0.0001	2e-05	2e-05	2e-05	6e-05	2e-05	4e-05	4e-05	0.0	0.00018	0.00014	0.0001	0.00018	6e-05	0.00018	0.0001	0.00014	0.00018	0.00034	0.00018	0.00026	0.00026	0.00042	0.00042	0.00058	0.00056	0.00058	0.00066	0.00092	0.0013	0.0011	0.0028	0.01022	0.139	0.15534	0.11418	0.00012	0.0	0.0	0.0	0.0	0.0	0.0	0.0	0.0	0.0	0.0	0.0	0.0	0.0	0.0	0.0	0.0	0.0	0.0	0.0	
0.51264  3000.0  3500.0  0.0	2e-05	0.0	0.0	2e-05	0.0	0.0	0.0	0.0	0.0	0.0	0.0	0.0	0.0	0.0	0.0	0.0	0.0	0.0	2e-05	4e-05	4e-05	2e-05	2e-05	4e-05	2e-05	2e-05	8e-05	0.0	0.0	2e-05	4e-05	4e-05	4e-05	2e-05	2e-05	4e-05	2e-05	0.0001	4e-05	4e-05	0.0	8e-05	6e-05	8e-05	0.0	6e-05	4e-05	4e-05	2e-05	8e-05	8e-05	2e-05	0.0001	2e-05	0.0001	8e-05	8e-05	0.0001	6e-05	0.00016	6e-05	0.00012	0.00016	0.00016	0.00028	0.00018	0.00034	0.00022	0.00028	0.0003	0.00042	0.00048	0.00048	0.00096	0.00096	0.00126	0.00326	0.0241	0.11156	0.09498	0.0828	0.07052	0.03412	0.0	0.0	0.0	0.0	0.0	0.0	0.0	0.0	0.0	0.0	0.0	0.0	0.0	0.0	0.0	
0.214892  3500.0  4000.0  0.0	0.0	0.0	0.0	2e-05	0.0	0.0	0.0	0.0	0.0	0.0	4e-05	0.0	0.0	0.0	0.0	0.0	0.0	0.0	0.0	0.0	2e-05	2e-05	2e-05	4e-05	0.0	0.0	2e-05	2e-05	2e-05	0.0	0.0	4e-05	2e-05	0.0	0.0	4e-05	2e-05	8e-05	8e-05	2e-05	2e-05	4e-05	2e-05	2e-05	2e-05	0.0	2e-05	8e-05	4e-05	4e-05	8e-05	6e-05	8e-05	6e-05	8e-05	8e-05	0.00016	6e-05	8e-05	2e-05	6e-05	4e-05	0.0001	0.0002	0.0001	0.00014	0.00012	0.00016	0.0001	0.0002	0.00016	0.00042	0.0005	0.00038	0.00054	0.0006	0.00074	0.00078	0.00078	0.0011	0.00164	0.00512	0.065	0.12242	0.10192	0.08636	0.0448	0.0	0.0	0.0	0.0	0.0	0.0	0.0	0.0	0.0	0.0	0.0	
0.142504  4000.0  15000.0  0.0	2e-05	0.0	0.0	0.0	2e-05	0.0	0.0	0.0	0.0	0.0	2e-05	0.0	0.0	0.0	0.0	2e-05	0.0	0.0	4e-05	2e-05	0.0	0.0	0.0	0.0	4e-05	0.0	0.0	0.0	0.0	2e-05	0.0	0.0	0.0	4e-05	0.0	4e-05	2e-05	8e-05	0.0	2e-05	0.0	0.0	6e-05	2e-05	6e-05	8e-05	2e-05	0.0	2e-05	4e-05	2e-05	2e-05	4e-05	6e-05	0.0001	8e-05	8e-05	0.0001	6e-05	6e-05	8e-05	0.0	0.00018	8e-05	8e-05	4e-05	6e-05	0.00016	0.0001	8e-05	0.00036	0.00012	0.0003	0.0002	0.0001	0.0002	0.00026	0.0003	0.00044	0.0004	0.0003	0.00072	0.00074	0.00074	0.001	0.00338	0.03632	0.07636	0.06338	0.05282	0.04392	0.03244	0.02764	0.02204	0.01638	0.01308	0.00936	0.03002	
