#===============
# ll~ : ee
# qq~ : cc~
# FF  : scalar-tensor
# XY  : LL LR RL RR
# coef : 0 0
# type : Reg*Reg
# Nevs : 50000
#===============
#
# XSEC	BIN_MIN	BIN_MAX 	 Kij 
#
-0.12486  200.0  300.0  0.00026	0.00036	0.00038	0.00062	0.0046	0.07076	0.07162	0.06738	0.06632	0.059	0.00164	0.0	0.0	0.0	0.0	0.0	0.0	0.0	0.0	0.0	0.0	0.0	0.0	0.0	0.0	0.0	0.0	0.0	0.0	0.0	0.0	0.0	0.0	0.0	0.0	0.0	0.0	0.0	0.0	0.0	0.0	0.0	0.0	0.0	0.0	0.0	0.0	0.0	0.0	0.0	0.0	0.0	0.0	0.0	0.0	0.0	0.0	0.0	0.0	0.0	0.0	0.0	0.0	0.0	0.0	0.0	0.0	0.0	0.0	0.0	0.0	0.0	0.0	0.0	0.0	0.0	0.0	0.0	0.0	0.0	0.0	0.0	0.0	0.0	0.0	0.0	0.0	0.0	0.0	0.0	0.0	0.0	0.0	0.0	0.0	0.0	0.0	0.0	0.0	
0.02021  300.0  400.0  0.0	6e-05	0.00022	0.00018	0.00024	0.0005	0.00052	0.00086	0.00138	0.00836	0.08334	0.08028	0.077	0.0712	0.06176	0.0021	0.0	0.0	0.0	0.0	0.0	0.0	0.0	0.0	0.0	0.0	0.0	0.0	0.0	0.0	0.0	0.0	0.0	0.0	0.0	0.0	0.0	0.0	0.0	0.0	0.0	0.0	0.0	0.0	0.0	0.0	0.0	0.0	0.0	0.0	0.0	0.0	0.0	0.0	0.0	0.0	0.0	0.0	0.0	0.0	0.0	0.0	0.0	0.0	0.0	0.0	0.0	0.0	0.0	0.0	0.0	0.0	0.0	0.0	0.0	0.0	0.0	0.0	0.0	0.0	0.0	0.0	0.0	0.0	0.0	0.0	0.0	0.0	0.0	0.0	0.0	0.0	0.0	0.0	0.0	0.0	0.0	0.0	0.0	
-0.00819  400.0  500.0  6e-05	8e-05	6e-05	2e-05	8e-05	0.00012	0.00016	0.00028	0.00062	0.00058	0.00064	0.00076	0.00112	0.00152	0.00966	0.08146	0.08476	0.0772	0.0734	0.06208	0.0022	0.0	0.0	0.0	0.0	0.0	0.0	0.0	0.0	0.0	0.0	0.0	0.0	0.0	0.0	0.0	0.0	0.0	0.0	0.0	0.0	0.0	0.0	0.0	0.0	0.0	0.0	0.0	0.0	0.0	0.0	0.0	0.0	0.0	0.0	0.0	0.0	0.0	0.0	0.0	0.0	0.0	0.0	0.0	0.0	0.0	0.0	0.0	0.0	0.0	0.0	0.0	0.0	0.0	0.0	0.0	0.0	0.0	0.0	0.0	0.0	0.0	0.0	0.0	0.0	0.0	0.0	0.0	0.0	0.0	0.0	0.0	0.0	0.0	0.0	0.0	0.0	0.0	0.0	
-0.01472  500.0  600.0  4e-05	0.0	4e-05	4e-05	2e-05	0.0002	0.0002	0.00014	0.00012	0.00018	0.00024	0.0004	0.00032	0.0006	0.00044	0.00066	0.00092	0.00116	0.002	0.01132	0.08542	0.08486	0.07912	0.07334	0.0604	0.00206	0.0	0.0	0.0	0.0	0.0	0.0	0.0	0.0	0.0	0.0	0.0	0.0	0.0	0.0	0.0	0.0	0.0	0.0	0.0	0.0	0.0	0.0	0.0	0.0	0.0	0.0	0.0	0.0	0.0	0.0	0.0	0.0	0.0	0.0	0.0	0.0	0.0	0.0	0.0	0.0	0.0	0.0	0.0	0.0	0.0	0.0	0.0	0.0	0.0	0.0	0.0	0.0	0.0	0.0	0.0	0.0	0.0	0.0	0.0	0.0	0.0	0.0	0.0	0.0	0.0	0.0	0.0	0.0	0.0	0.0	0.0	0.0	0.0	
0.00795  600.0  700.0  0.0	2e-05	2e-05	0.0	2e-05	4e-05	0.00012	8e-05	0.0001	0.00018	0.00022	8e-05	0.00016	0.00016	0.00038	0.00028	0.00036	0.00046	0.0005	0.0005	0.0009	0.00098	0.00144	0.00244	0.01294	0.12806	0.12224	0.1072	0.03194	0.0	0.0	0.0	0.0	0.0	0.0	0.0	0.0	0.0	0.0	0.0	0.0	0.0	0.0	0.0	0.0	0.0	0.0	0.0	0.0	0.0	0.0	0.0	0.0	0.0	0.0	0.0	0.0	0.0	0.0	0.0	0.0	0.0	0.0	0.0	0.0	0.0	0.0	0.0	0.0	0.0	0.0	0.0	0.0	0.0	0.0	0.0	0.0	0.0	0.0	0.0	0.0	0.0	0.0	0.0	0.0	0.0	0.0	0.0	0.0	0.0	0.0	0.0	0.0	0.0	0.0	0.0	0.0	0.0	0.0	
0.04251  700.0  800.0  0.0	2e-05	2e-05	0.0	2e-05	4e-05	6e-05	6e-05	0.00018	0.0001	6e-05	0.00018	0.0001	0.00018	0.0002	0.00024	0.00024	0.00026	0.00028	0.00028	0.00036	0.0005	0.00048	0.00056	0.00074	0.00126	0.00194	0.00568	0.09242	0.12548	0.11188	0.06414	0.0	0.0	0.0	0.0	0.0	0.0	0.0	0.0	0.0	0.0	0.0	0.0	0.0	0.0	0.0	0.0	0.0	0.0	0.0	0.0	0.0	0.0	0.0	0.0	0.0	0.0	0.0	0.0	0.0	0.0	0.0	0.0	0.0	0.0	0.0	0.0	0.0	0.0	0.0	0.0	0.0	0.0	0.0	0.0	0.0	0.0	0.0	0.0	0.0	0.0	0.0	0.0	0.0	0.0	0.0	0.0	0.0	0.0	0.0	0.0	0.0	0.0	0.0	0.0	0.0	0.0	0.0	
-0.03527  800.0  900.0  0.0	0.0	2e-05	0.0	0.0	4e-05	0.0	4e-05	0.0	4e-05	0.00014	0.0001	8e-05	0.00016	0.00018	0.00014	0.00014	0.00022	0.0003	0.00024	0.0002	0.00022	0.00032	0.00026	0.00048	0.0008	0.00064	0.0009	0.00126	0.00164	0.00362	0.0533	0.12584	0.11478	0.09682	0.00332	0.0	0.0	0.0	0.0	0.0	0.0	0.0	0.0	0.0	0.0	0.0	0.0	0.0	0.0	0.0	0.0	0.0	0.0	0.0	0.0	0.0	0.0	0.0	0.0	0.0	0.0	0.0	0.0	0.0	0.0	0.0	0.0	0.0	0.0	0.0	0.0	0.0	0.0	0.0	0.0	0.0	0.0	0.0	0.0	0.0	0.0	0.0	0.0	0.0	0.0	0.0	0.0	0.0	0.0	0.0	0.0	0.0	0.0	0.0	0.0	0.0	0.0	0.0	
-0.009  900.0  1000.0  2e-05	0.0	0.0	0.0	0.0	6e-05	2e-05	0.0001	6e-05	8e-05	0.0001	8e-05	2e-05	0.0001	4e-05	8e-05	0.00014	8e-05	0.00012	0.00014	0.0002	0.00018	0.0001	0.00022	0.00032	0.00028	0.0004	0.00038	0.0006	0.00074	0.00092	0.0013	0.0016	0.00328	0.0156	0.20098	0.16938	0.0037	0.0	0.0	0.0	0.0	0.0	0.0	0.0	0.0	0.0	0.0	0.0	0.0	0.0	0.0	0.0	0.0	0.0	0.0	0.0	0.0	0.0	0.0	0.0	0.0	0.0	0.0	0.0	0.0	0.0	0.0	0.0	0.0	0.0	0.0	0.0	0.0	0.0	0.0	0.0	0.0	0.0	0.0	0.0	0.0	0.0	0.0	0.0	0.0	0.0	0.0	0.0	0.0	0.0	0.0	0.0	0.0	0.0	0.0	0.0	0.0	0.0	
-0.01753  1000.0  1200.0  2e-05	2e-05	0.0	0.0	0.0	2e-05	0.0	2e-05	4e-05	4e-05	4e-05	0.00012	0.00012	4e-05	8e-05	6e-05	8e-05	0.00012	0.00014	0.0002	8e-05	0.00018	4e-05	0.00012	4e-05	0.0003	0.00018	0.00032	0.0004	0.00038	0.00034	0.00058	0.00064	0.00072	0.00096	0.0023	0.01206	0.11394	0.10042	0.0903	0.07226	0.00186	0.0	0.0	0.0	0.0	0.0	0.0	0.0	0.0	0.0	0.0	0.0	0.0	0.0	0.0	0.0	0.0	0.0	0.0	0.0	0.0	0.0	0.0	0.0	0.0	0.0	0.0	0.0	0.0	0.0	0.0	0.0	0.0	0.0	0.0	0.0	0.0	0.0	0.0	0.0	0.0	0.0	0.0	0.0	0.0	0.0	0.0	0.0	0.0	0.0	0.0	0.0	0.0	0.0	0.0	0.0	0.0	0.0	
-0.00484  1200.0  1400.0  0.0	0.0	0.0	0.0	2e-05	2e-05	0.0	4e-05	2e-05	0.0	4e-05	8e-05	4e-05	4e-05	6e-05	0.0001	6e-05	0.0001	4e-05	6e-05	2e-05	0.00012	0.0001	0.0001	8e-05	0.00012	0.0002	0.0002	0.00012	0.0002	0.00022	0.00024	0.00022	0.00026	0.0003	0.00066	0.00068	0.00114	0.00146	0.00236	0.01382	0.10788	0.11686	0.10334	0.04242	0.0	0.0	0.0	0.0	0.0	0.0	0.0	0.0	0.0	0.0	0.0	0.0	0.0	0.0	0.0	0.0	0.0	0.0	0.0	0.0	0.0	0.0	0.0	0.0	0.0	0.0	0.0	0.0	0.0	0.0	0.0	0.0	0.0	0.0	0.0	0.0	0.0	0.0	0.0	0.0	0.0	0.0	0.0	0.0	0.0	0.0	0.0	0.0	0.0	0.0	0.0	0.0	0.0	0.0	
0.00559  1400.0  1600.0  0.0	0.0	2e-05	0.0	2e-05	2e-05	0.0	6e-05	4e-05	0.0	0.0	2e-05	2e-05	8e-05	0.0	8e-05	0.0001	4e-05	8e-05	2e-05	0.00014	4e-05	8e-05	0.0001	4e-05	8e-05	0.0001	0.00012	0.00014	0.00012	0.0002	8e-05	0.0001	0.00018	0.0002	0.00042	0.00048	0.00038	0.00056	0.0004	0.00082	0.00104	0.00156	0.0047	0.07544	0.1231	0.10394	0.07454	4e-05	0.0	0.0	0.0	0.0	0.0	0.0	0.0	0.0	0.0	0.0	0.0	0.0	0.0	0.0	0.0	0.0	0.0	0.0	0.0	0.0	0.0	0.0	0.0	0.0	0.0	0.0	0.0	0.0	0.0	0.0	0.0	0.0	0.0	0.0	0.0	0.0	0.0	0.0	0.0	0.0	0.0	0.0	0.0	0.0	0.0	0.0	0.0	0.0	0.0	0.0	
-0.00385  1600.0  1800.0  0.0	0.0	0.0	0.0	0.0	0.0	4e-05	2e-05	4e-05	0.0	0.0	4e-05	2e-05	6e-05	4e-05	6e-05	4e-05	2e-05	2e-05	0.0001	0.0	2e-05	6e-05	0.0	2e-05	8e-05	6e-05	8e-05	4e-05	4e-05	0.00018	0.0002	0.00014	0.00022	0.00012	0.00028	0.0003	0.00034	0.00036	0.00018	0.00036	0.00038	0.00066	0.00072	0.00128	0.00174	0.00334	0.03488	0.14976	0.12226	0.07208	0.0	0.0	0.0	0.0	0.0	0.0	0.0	0.0	0.0	0.0	0.0	0.0	0.0	0.0	0.0	0.0	0.0	0.0	0.0	0.0	0.0	0.0	0.0	0.0	0.0	0.0	0.0	0.0	0.0	0.0	0.0	0.0	0.0	0.0	0.0	0.0	0.0	0.0	0.0	0.0	0.0	0.0	0.0	0.0	0.0	0.0	0.0	0.0	
-0.00271  1800.0  2000.0  0.0	2e-05	0.0	0.0	0.0	0.0	0.0	2e-05	2e-05	0.0	2e-05	2e-05	0.0	2e-05	0.0	2e-05	2e-05	4e-05	6e-05	8e-05	0.0	4e-05	4e-05	8e-05	0.0	6e-05	6e-05	4e-05	0.00014	0.0001	4e-05	0.00012	0.0001	0.00016	0.00016	0.0003	0.00012	0.00018	0.00016	0.00036	0.00016	0.00036	0.00036	0.00028	0.00058	0.00056	0.00088	0.00088	0.00174	0.00406	0.05598	0.1424	0.13374	0.04124	0.0	0.0	0.0	0.0	0.0	0.0	0.0	0.0	0.0	0.0	0.0	0.0	0.0	0.0	0.0	0.0	0.0	0.0	0.0	0.0	0.0	0.0	0.0	0.0	0.0	0.0	0.0	0.0	0.0	0.0	0.0	0.0	0.0	0.0	0.0	0.0	0.0	0.0	0.0	0.0	0.0	0.0	0.0	0.0	0.0	
-0.00124  2000.0  2250.0  0.0	0.0	0.0	0.0	0.0	0.0	2e-05	0.0	0.0	0.0	4e-05	0.0	2e-05	2e-05	2e-05	4e-05	2e-05	0.0	6e-05	0.0	2e-05	0.0	2e-05	2e-05	2e-05	6e-05	0.0001	2e-05	0.0001	4e-05	2e-05	4e-05	6e-05	0.0001	6e-05	0.00012	2e-05	4e-05	0.00014	0.00018	0.00026	0.00022	0.00024	0.0005	0.00042	0.00036	0.00054	0.0006	0.00102	0.00108	0.0016	0.0014	0.0069	0.09698	0.12492	0.10756	0.0444	0.0	0.0	0.0	0.0	0.0	0.0	0.0	0.0	0.0	0.0	0.0	0.0	0.0	0.0	0.0	0.0	0.0	0.0	0.0	0.0	0.0	0.0	0.0	0.0	0.0	0.0	0.0	0.0	0.0	0.0	0.0	0.0	0.0	0.0	0.0	0.0	0.0	0.0	0.0	0.0	0.0	0.0	
0.00223  2250.0  2500.0  0.0	2e-05	0.0	0.0	0.0	0.0	0.0	0.0	0.0	4e-05	0.0	6e-05	0.0	0.0	2e-05	4e-05	0.0	4e-05	2e-05	2e-05	4e-05	2e-05	6e-05	2e-05	0.0	6e-05	4e-05	4e-05	8e-05	4e-05	8e-05	2e-05	2e-05	0.0001	4e-05	0.00012	8e-05	8e-05	0.0001	8e-05	0.00014	0.00014	0.0001	0.0004	0.0003	0.0003	0.00022	0.00028	0.00052	0.00034	0.00062	0.0008	0.00114	0.00156	0.00156	0.00586	0.08028	0.12904	0.10856	0.05518	0.0	0.0	0.0	0.0	0.0	0.0	0.0	0.0	0.0	0.0	0.0	0.0	0.0	0.0	0.0	0.0	0.0	0.0	0.0	0.0	0.0	0.0	0.0	0.0	0.0	0.0	0.0	0.0	0.0	0.0	0.0	0.0	0.0	0.0	0.0	0.0	0.0	0.0	0.0	
0.00282  2500.0  2750.0  0.0	0.0	0.0	0.0	0.0	2e-05	2e-05	0.0	2e-05	0.0	0.0	0.0	0.0	2e-05	2e-05	0.0	0.0	2e-05	0.0	0.0	2e-05	4e-05	2e-05	0.0	2e-05	6e-05	0.0	2e-05	4e-05	2e-05	4e-05	6e-05	2e-05	2e-05	4e-05	8e-05	0.0001	0.00012	4e-05	0.0001	0.00012	0.00012	0.00016	0.00018	0.00026	0.00018	0.00022	0.00018	0.00024	0.00028	0.00044	0.00036	0.00078	0.00058	0.00084	0.0009	0.00132	0.0019	0.00554	0.06504	0.13426	0.11052	0.06898	0.0	0.0	0.0	0.0	0.0	0.0	0.0	0.0	0.0	0.0	0.0	0.0	0.0	0.0	0.0	0.0	0.0	0.0	0.0	0.0	0.0	0.0	0.0	0.0	0.0	0.0	0.0	0.0	0.0	0.0	0.0	0.0	0.0	0.0	0.0	0.0	
-0.00019  2750.0  3000.0  0.0	0.0	0.0	0.0	2e-05	0.0	0.0	0.0	0.0	0.0	0.0	0.0	0.0	2e-05	0.0	0.0	0.0	4e-05	2e-05	2e-05	6e-05	0.0	2e-05	0.0	4e-05	4e-05	0.0	2e-05	0.0	2e-05	4e-05	6e-05	2e-05	4e-05	0.0	6e-05	0.00012	0.00012	0.0001	0.00012	2e-05	8e-05	0.0001	0.00016	0.0001	0.00024	8e-05	0.00014	0.00012	0.00022	0.00032	0.00018	0.00018	0.00042	0.00048	0.00044	0.00082	0.00076	0.00092	0.0011	0.00198	0.00538	0.04902	0.13818	0.11744	0.08034	0.00014	0.0	0.0	0.0	0.0	0.0	0.0	0.0	0.0	0.0	0.0	0.0	0.0	0.0	0.0	0.0	0.0	0.0	0.0	0.0	0.0	0.0	0.0	0.0	0.0	0.0	0.0	0.0	0.0	0.0	0.0	0.0	0.0	
-0.00048  3000.0  3500.0  0.0	0.0	0.0	2e-05	0.0	0.0	2e-05	0.0	0.0	0.0	0.0	0.0	0.0	0.0	0.0	0.0	0.0	2e-05	0.0	0.0	0.0	0.0	0.0	2e-05	0.0	4e-05	8e-05	2e-05	2e-05	2e-05	2e-05	2e-05	2e-05	0.0	8e-05	8e-05	6e-05	6e-05	2e-05	6e-05	6e-05	0.00012	8e-05	0.0001	0.00014	0.0001	2e-05	0.00014	0.00022	0.00018	0.00026	0.00014	0.00028	0.00012	0.00038	0.0004	0.00038	0.00062	0.00048	0.0007	0.0007	0.00088	0.00102	0.00122	0.00348	0.02078	0.08522	0.07196	0.0636	0.05526	0.04742	0.03836	0.00416	0.0	0.0	0.0	0.0	0.0	0.0	0.0	0.0	0.0	0.0	0.0	0.0	0.0	0.0	0.0	0.0	0.0	0.0	0.0	0.0	0.0	0.0	0.0	0.0	0.0	0.0	
-0.00043  3500.0  4000.0  0.0	2e-05	0.0	0.0	0.0	0.0	0.0	2e-05	0.0	2e-05	0.0	2e-05	0.0	0.0	0.0	0.0	0.0	2e-05	0.0	4e-05	2e-05	0.0	0.0	0.0	0.0	0.0	4e-05	0.0	0.0	0.0	8e-05	2e-05	2e-05	2e-05	6e-05	4e-05	8e-05	6e-05	6e-05	6e-05	2e-05	4e-05	6e-05	6e-05	8e-05	6e-05	0.00016	0.0001	0.00016	0.00018	4e-05	2e-05	6e-05	0.00014	0.00024	0.00014	0.00016	0.0003	0.0002	0.00022	0.00024	0.00044	0.00034	0.00024	0.00062	0.00056	0.0008	0.00102	0.00078	0.00126	0.00344	0.00864	0.07978	0.07522	0.068	0.05656	0.0483	0.04056	0.01268	0.0	0.0	0.0	0.0	0.0	0.0	0.0	0.0	0.0	0.0	0.0	0.0	0.0	0.0	0.0	0.0	0.0	0.0	0.0	0.0	
7e-05  4000.0  15000.0  0.0	0.0	0.0	0.0	0.0	0.0	0.0	0.0	0.0	0.0	0.0	0.0	0.0	0.0	0.0	0.0	0.0	4e-05	0.0	0.0	0.0	2e-05	2e-05	2e-05	0.0	4e-05	2e-05	0.0	2e-05	4e-05	0.0	6e-05	0.0	0.0	4e-05	0.0	4e-05	0.0001	2e-05	2e-05	6e-05	2e-05	6e-05	4e-05	4e-05	0.0001	2e-05	6e-05	2e-05	6e-05	0.00012	6e-05	0.00012	2e-05	0.00012	0.00018	6e-05	0.00028	0.00014	0.00012	0.00016	0.00024	0.00034	0.0002	0.00022	0.00014	0.00022	0.0003	0.00026	0.00048	0.00042	0.00044	0.00056	0.0009	0.00068	0.00108	0.00226	0.00432	0.04962	0.05584	0.04844	0.04146	0.0339	0.0272	0.0242	0.0179	0.01574	0.0137	0.01046	0.0088	0.00736	0.00596	0.0049	0.00414	0.00322	0.00258	0.00204	0.0022	0.00152	
