#===============
# Ref : 1903.06248
# Experiment : ATLAS
# ll~ : mumu
# qq~ : uc~
# FF  : scalar-tensor
# XY  : LL LR RL RR
# coef : 00
# type : Reg*Reg
# Nevs : 50000
#===============
#
# XSEC	BIN_MIN	BIN_MAX 	 Kij 
# 225.0 232.51 240.271 248.291 256.579 265.143 273.994 283.139 292.59 302.357 312.449 322.878 333.656 344.793 356.302 368.195 380.485 393.185 406.309 419.872 433.887 448.369 463.336 478.801 494.783 511.299 528.365 546.002 564.227 583.06 602.522 622.634 643.417 664.894 687.087 710.022 733.722 758.213 783.521 809.674 836.7 864.629 893.489 923.313 954.133 985.981 1018.89 1052.9 1088.05 1124.36 1161.9 1200.68 1240.76 1282.17 1324.97 1369.2 1414.9 1462.13 1510.93 1561.36 1613.48 1667.34 1722.99 1780.5 1839.94 1901.35 1964.82 2030.4 2098.17 2168.21 2240.58 2315.37 2392.65 2472.52 2555.05 2640.34 2728.47 2819.54 2913.66 3010.91 3111.41 3215.27 3322.59 3433.5 3548.1 3666.54 3788.92 3915.39 4046.09 4181.14 4320.7 4464.92 4613.96 4767.97 4927.12 5091.58 5261.54 5437.16 5618.6 10000.0 
-0.54546  200.0  300.0  0.01752	0.01852	0.02024	0.0201	0.02102	0.0215	0.0205	0.01956	0.01272	0.00298	0.0004	6e-05	0.0	0.0	0.0	0.0	0.0	0.0	0.0	0.0	0.0	0.0	0.0	0.0	0.0	0.0	0.0	0.0	0.0	0.0	0.0	0.0	0.0	0.0	0.0	0.0	0.0	0.0	0.0	0.0	0.0	0.0	0.0	0.0	0.0	0.0	0.0	0.0	0.0	0.0	0.0	0.0	0.0	0.0	0.0	0.0	0.0	0.0	0.0	0.0	0.0	0.0	0.0	0.0	0.0	0.0	0.0	0.0	0.0	0.0	0.0	0.0	0.0	0.0	0.0	0.0	0.0	0.0	0.0	0.0	0.0	0.0	0.0	0.0	0.0	0.0	0.0	0.0	0.0	0.0	0.0	0.0	0.0	0.0	0.0	0.0	0.0	0.0	0.0	
0.129108  300.0  400.0  0.00024	0.00024	0.00028	0.00034	0.00034	0.00068	0.0013	0.00372	0.0135	0.02478	0.02914	0.02944	0.03148	0.03264	0.03192	0.03228	0.02698	0.01404	0.00376	0.00058	6e-05	4e-05	0.0	0.0	0.0	0.0	0.0	0.0	0.0	0.0	0.0	0.0	0.0	0.0	0.0	0.0	0.0	0.0	0.0	0.0	0.0	0.0	0.0	0.0	0.0	0.0	0.0	0.0	0.0	0.0	0.0	0.0	0.0	0.0	0.0	0.0	0.0	0.0	0.0	0.0	0.0	0.0	0.0	0.0	0.0	0.0	0.0	0.0	0.0	0.0	0.0	0.0	0.0	0.0	0.0	0.0	0.0	0.0	0.0	0.0	0.0	0.0	0.0	0.0	0.0	0.0	0.0	0.0	0.0	0.0	0.0	0.0	0.0	0.0	0.0	0.0	0.0	0.0	0.0	
-0.185792  400.0  500.0  8e-05	8e-05	8e-05	6e-05	0.00016	0.00014	0.00012	0.00016	0.00022	0.00034	0.0003	0.00046	0.00054	0.00072	0.00114	0.0028	0.00874	0.02212	0.03752	0.04396	0.04346	0.04406	0.0421	0.03334	0.01732	0.00362	0.00094	0.0003	2e-05	2e-05	0.0	0.0	0.0	0.0	0.0	0.0	0.0	0.0	0.0	0.0	0.0	0.0	0.0	0.0	0.0	0.0	0.0	0.0	0.0	0.0	0.0	0.0	0.0	0.0	0.0	0.0	0.0	0.0	0.0	0.0	0.0	0.0	0.0	0.0	0.0	0.0	0.0	0.0	0.0	0.0	0.0	0.0	0.0	0.0	0.0	0.0	0.0	0.0	0.0	0.0	0.0	0.0	0.0	0.0	0.0	0.0	0.0	0.0	0.0	0.0	0.0	0.0	0.0	0.0	0.0	0.0	0.0	0.0	0.0	
-0.01832  500.0  600.0  8e-05	8e-05	0.00012	4e-05	6e-05	0.00014	0.00014	8e-05	0.00012	8e-05	0.0001	8e-05	6e-05	0.00014	0.00016	0.00026	0.00028	0.00026	0.00038	0.00054	0.00106	0.00246	0.00598	0.01684	0.03616	0.05338	0.05326	0.05316	0.04834	0.03192	0.0136	0.00358	0.00108	0.00034	8e-05	0.0	0.0	0.0	0.0	0.0	0.0	0.0	0.0	0.0	0.0	0.0	0.0	0.0	0.0	0.0	0.0	0.0	0.0	0.0	0.0	0.0	0.0	0.0	0.0	0.0	0.0	0.0	0.0	0.0	0.0	0.0	0.0	0.0	0.0	0.0	0.0	0.0	0.0	0.0	0.0	0.0	0.0	0.0	0.0	0.0	0.0	0.0	0.0	0.0	0.0	0.0	0.0	0.0	0.0	0.0	0.0	0.0	0.0	0.0	0.0	0.0	0.0	0.0	0.0	
0.0267  600.0  700.0  4e-05	4e-05	6e-05	2e-05	4e-05	0.0001	0.00012	0.00018	8e-05	0.00012	6e-05	6e-05	2e-05	0.0001	0.00016	0.00014	0.0001	0.00026	0.00014	0.00022	0.00018	0.00038	0.00048	0.0006	0.00058	0.00118	0.00256	0.0054	0.01332	0.03204	0.05466	0.06532	0.06416	0.0534	0.03346	0.01332	0.00406	0.00112	0.00032	6e-05	2e-05	2e-05	0.0	0.0	0.0	0.0	0.0	0.0	0.0	0.0	0.0	0.0	0.0	0.0	0.0	0.0	0.0	0.0	0.0	0.0	0.0	0.0	0.0	0.0	0.0	0.0	0.0	0.0	0.0	0.0	0.0	0.0	0.0	0.0	0.0	0.0	0.0	0.0	0.0	0.0	0.0	0.0	0.0	0.0	0.0	0.0	0.0	0.0	0.0	0.0	0.0	0.0	0.0	0.0	0.0	0.0	0.0	0.0	0.0	
0.142002  700.0  800.0  6e-05	0.0	4e-05	8e-05	4e-05	4e-05	8e-05	0.0	0.00012	2e-05	0.0001	6e-05	0.00018	4e-05	0.00012	0.0001	0.0001	8e-05	0.0001	8e-05	0.00014	0.00022	0.0002	0.00024	0.00024	0.0004	0.00048	0.00056	0.00058	0.00092	0.00176	0.00398	0.01022	0.02386	0.04672	0.0676	0.07222	0.06246	0.039	0.01848	0.0067	0.00216	0.00064	0.00026	6e-05	2e-05	0.0	0.0	0.0	0.0	0.0	0.0	0.0	0.0	0.0	0.0	0.0	0.0	0.0	0.0	0.0	0.0	0.0	0.0	0.0	0.0	0.0	0.0	0.0	0.0	0.0	0.0	0.0	0.0	0.0	0.0	0.0	0.0	0.0	0.0	0.0	0.0	0.0	0.0	0.0	0.0	0.0	0.0	0.0	0.0	0.0	0.0	0.0	0.0	0.0	0.0	0.0	0.0	0.0	
-0.057112  800.0  900.0  4e-05	0.0	2e-05	0.0	0.0	0.0001	8e-05	4e-05	2e-05	2e-05	4e-05	2e-05	4e-05	4e-05	4e-05	6e-05	6e-05	0.0001	6e-05	6e-05	0.00014	0.0002	0.00014	0.00018	0.00016	0.00016	0.00016	0.0003	0.0003	0.0004	0.0004	0.0004	0.00068	0.00136	0.00244	0.00514	0.01246	0.02722	0.0532	0.07194	0.07466	0.0597	0.03542	0.01518	0.00528	0.00212	0.00072	0.0002	2e-05	0.0	0.0	2e-05	0.0	0.0	0.0	0.0	0.0	0.0	0.0	0.0	0.0	0.0	0.0	0.0	0.0	0.0	0.0	0.0	0.0	0.0	0.0	0.0	0.0	0.0	0.0	0.0	0.0	0.0	0.0	0.0	0.0	0.0	0.0	0.0	0.0	0.0	0.0	0.0	0.0	0.0	0.0	0.0	0.0	0.0	0.0	0.0	0.0	0.0	0.0	
-0.122386  900.0  1000.0  0.0	0.0	0.0	6e-05	2e-05	0.0	6e-05	2e-05	4e-05	4e-05	4e-05	6e-05	6e-05	2e-05	2e-05	0.00014	6e-05	8e-05	4e-05	0.00012	6e-05	0.0001	0.00012	0.00016	0.00024	0.0001	0.00018	0.00014	0.0002	0.0002	0.00016	0.00028	0.00026	0.00038	0.0004	0.00076	0.00132	0.0023	0.00518	0.00972	0.02256	0.04306	0.06442	0.07998	0.06808	0.0432	0.02188	0.00938	0.00318	0.00124	0.00042	0.00012	0.00016	8e-05	0.0	0.0	2e-05	0.0	0.0	0.0	0.0	0.0	0.0	0.0	0.0	0.0	0.0	0.0	0.0	0.0	0.0	0.0	0.0	0.0	0.0	0.0	0.0	0.0	0.0	0.0	0.0	0.0	0.0	0.0	0.0	0.0	0.0	0.0	0.0	0.0	0.0	0.0	0.0	0.0	0.0	0.0	0.0	0.0	0.0	
-0.22064  1000.0  1200.0  0.0	2e-05	4e-05	2e-05	2e-05	0.0	4e-05	4e-05	2e-05	2e-05	0.0	6e-05	0.0	4e-05	6e-05	6e-05	6e-05	0.0	0.00012	2e-05	8e-05	6e-05	0.00014	0.00012	6e-05	0.0001	0.00018	0.00012	0.00014	0.00012	0.00024	0.00014	0.0002	0.00012	0.00012	0.00028	0.0004	0.00036	0.00054	0.00112	0.00178	0.00338	0.00708	0.01216	0.02604	0.04064	0.05354	0.0579	0.05842	0.04882	0.03574	0.02106	0.0115	0.00492	0.00208	0.0009	0.00034	0.00018	8e-05	0.0	0.0	0.0	2e-05	0.0	0.0	0.0	0.0	0.0	0.0	0.0	0.0	0.0	0.0	0.0	0.0	0.0	0.0	0.0	0.0	0.0	0.0	0.0	0.0	0.0	0.0	0.0	0.0	0.0	0.0	0.0	0.0	0.0	0.0	0.0	0.0	0.0	0.0	0.0	0.0	
0.019658  1200.0  1400.0  6e-05	0.0	0.0	0.0	4e-05	0.0	2e-05	0.0	0.0	0.0	0.0	4e-05	6e-05	0.0	2e-05	8e-05	2e-05	8e-05	0.0	4e-05	0.0	2e-05	2e-05	0.00012	6e-05	0.0001	8e-05	6e-05	0.00012	0.0001	0.00012	0.00018	0.0001	0.00028	0.0001	0.00014	0.00012	0.00026	0.00022	0.00036	0.00028	0.0003	0.00074	0.00088	0.0011	0.00178	0.00396	0.0073	0.01354	0.02484	0.03872	0.0552	0.06264	0.06054	0.04796	0.03708	0.02066	0.01176	0.00486	0.0024	0.00126	0.00044	0.00032	0.0001	6e-05	0.0	0.0	0.0	0.0	0.0	0.0	0.0	0.0	0.0	0.0	0.0	0.0	0.0	0.0	0.0	0.0	0.0	0.0	0.0	0.0	0.0	0.0	0.0	0.0	0.0	0.0	0.0	0.0	0.0	0.0	0.0	0.0	0.0	0.0	
0.071292  1400.0  1600.0  2e-05	0.0	2e-05	0.0	4e-05	2e-05	0.0	2e-05	0.0	0.0	0.0	2e-05	0.0	2e-05	2e-05	2e-05	4e-05	2e-05	4e-05	0.0	2e-05	4e-05	8e-05	2e-05	0.00014	4e-05	0.00012	4e-05	8e-05	8e-05	2e-05	8e-05	6e-05	4e-05	0.00014	8e-05	0.0001	8e-05	0.00014	0.00016	0.00014	0.0003	0.00012	0.00028	0.0003	0.00038	0.00064	0.00098	0.0014	0.00208	0.00336	0.00558	0.01172	0.0204	0.03336	0.04872	0.06092	0.06218	0.05378	0.04034	0.02666	0.01462	0.00752	0.00388	0.00194	0.00092	0.0004	0.00018	0.00012	0.0001	6e-05	2e-05	0.0	0.0	0.0	0.0	0.0	0.0	0.0	0.0	0.0	0.0	0.0	0.0	0.0	0.0	0.0	0.0	0.0	0.0	0.0	0.0	0.0	0.0	0.0	0.0	0.0	0.0	0.0	
-0.043184  1600.0  1800.0  0.0	0.0	0.0	0.0	0.0	0.0	0.0	2e-05	2e-05	2e-05	0.0	2e-05	2e-05	4e-05	2e-05	2e-05	4e-05	6e-05	4e-05	2e-05	6e-05	4e-05	6e-05	0.0	2e-05	2e-05	2e-05	6e-05	2e-05	2e-05	8e-05	8e-05	0.0	0.0	2e-05	0.00016	8e-05	0.00016	2e-05	6e-05	0.0001	0.0001	0.00014	0.00022	0.00016	0.00024	0.00024	0.00032	0.00034	0.00064	0.0008	0.00106	0.00184	0.00308	0.00474	0.00854	0.0139	0.0237	0.03728	0.05128	0.06004	0.06026	0.05068	0.0379	0.02428	0.01382	0.00712	0.00394	0.0018	0.001	0.0004	0.00032	8e-05	8e-05	4e-05	0.0	0.0	0.0	0.0	0.0	0.0	0.0	0.0	0.0	0.0	0.0	0.0	0.0	0.0	0.0	0.0	0.0	0.0	0.0	0.0	0.0	0.0	0.0	0.0	
-0.114382  1800.0  2000.0  0.0	0.0	0.0	0.0	0.0	0.0	0.0	2e-05	2e-05	4e-05	0.0	4e-05	0.0	0.0	0.0	2e-05	0.0	6e-05	6e-05	0.0	4e-05	2e-05	4e-05	6e-05	6e-05	2e-05	4e-05	4e-05	6e-05	4e-05	2e-05	0.0001	4e-05	6e-05	4e-05	4e-05	4e-05	6e-05	0.00014	4e-05	6e-05	8e-05	0.00018	0.00012	0.00018	0.00016	0.00014	0.00016	0.00032	0.00026	0.00044	0.00038	0.00048	0.00078	0.00106	0.00126	0.00278	0.00404	0.00814	0.01318	0.02148	0.03112	0.04402	0.05704	0.05674	0.05368	0.04196	0.02928	0.01808	0.0103	0.00558	0.00262	0.00146	0.00066	0.00032	0.00016	6e-05	6e-05	2e-05	0.0	0.0	2e-05	0.0	0.0	0.0	0.0	0.0	0.0	0.0	0.0	0.0	0.0	0.0	0.0	0.0	0.0	0.0	0.0	0.0	
0.008462  2000.0  2250.0  0.0	0.0	0.0	0.0	2e-05	0.0	0.0	0.0	0.0	0.0	0.0	0.0	2e-05	0.0	0.0	2e-05	0.0	4e-05	2e-05	8e-05	0.0	2e-05	0.0	2e-05	0.0	2e-05	2e-05	2e-05	2e-05	6e-05	8e-05	2e-05	2e-05	0.0	2e-05	6e-05	4e-05	4e-05	4e-05	8e-05	4e-05	4e-05	6e-05	0.00012	0.00014	0.00022	0.0001	8e-05	0.00026	0.0002	0.00014	0.0002	0.00022	0.00036	0.00048	0.00044	0.00072	0.00116	0.00174	0.00266	0.00468	0.00762	0.0124	0.01906	0.02934	0.03966	0.05148	0.05208	0.051	0.04216	0.03356	0.02252	0.01348	0.0081	0.00454	0.00226	0.00154	0.00098	0.00038	0.00012	8e-05	6e-05	2e-05	8e-05	2e-05	0.0	0.0	0.0	0.0	0.0	0.0	0.0	0.0	0.0	0.0	0.0	0.0	0.0	0.0	
-0.05379  2250.0  2500.0  0.0	0.0	2e-05	2e-05	2e-05	4e-05	2e-05	0.0	0.0	0.0	0.0	0.0	0.0	0.0	2e-05	2e-05	2e-05	4e-05	4e-05	4e-05	4e-05	6e-05	2e-05	4e-05	0.0	2e-05	2e-05	4e-05	8e-05	2e-05	0.0	4e-05	2e-05	6e-05	2e-05	6e-05	2e-05	2e-05	6e-05	4e-05	0.0	6e-05	8e-05	8e-05	6e-05	0.00012	0.00012	0.00012	4e-05	0.00012	6e-05	0.00026	4e-05	0.00028	0.00028	0.0003	0.00026	0.00038	0.00066	0.00068	0.00124	0.0015	0.00306	0.00398	0.00748	0.01136	0.01742	0.02524	0.03516	0.04372	0.0492	0.04962	0.04256	0.0348	0.02694	0.01888	0.01052	0.00682	0.00368	0.00172	0.0008	0.00044	0.00038	0.0002	0.00014	4e-05	2e-05	2e-05	2e-05	0.0	0.0	0.0	0.0	0.0	0.0	0.0	0.0	0.0	0.0	
0.14226  2500.0  2750.0  2e-05	0.0	0.0	0.0	0.0	0.0	0.0	0.0	0.0	2e-05	0.0	2e-05	0.0	0.0	0.0	0.0	0.0	2e-05	2e-05	2e-05	4e-05	0.0	0.0	0.0	0.0	4e-05	0.0	0.0	0.0	0.0	2e-05	2e-05	2e-05	4e-05	4e-05	2e-05	8e-05	0.0001	0.0	8e-05	8e-05	6e-05	0.00012	6e-05	4e-05	8e-05	8e-05	4e-05	2e-05	0.00014	6e-05	0.00018	0.00012	0.00022	0.0001	0.00016	0.0002	8e-05	0.00028	0.00036	0.00034	0.00072	0.0013	0.00156	0.00196	0.00302	0.00494	0.0073	0.01232	0.01792	0.02634	0.03442	0.04112	0.0449	0.0471	0.0438	0.03372	0.02762	0.0183	0.01254	0.00792	0.00444	0.00222	0.00148	0.0008	0.00044	0.00036	0.00018	0.00012	2e-05	0.0	0.0	0.0	2e-05	0.0	0.0	0.0	0.0	0.0	
-0.00591  2750.0  3000.0  0.0	0.0	2e-05	0.0	0.0	0.0	0.0	0.0	2e-05	0.0	0.0	0.0	0.0	0.0	0.0	0.0	0.0	0.0	0.0	0.0	2e-05	2e-05	2e-05	0.0	0.0	2e-05	0.0	2e-05	2e-05	2e-05	2e-05	0.0	4e-05	2e-05	2e-05	2e-05	4e-05	4e-05	2e-05	0.0	2e-05	4e-05	6e-05	2e-05	0.0	2e-05	0.0001	6e-05	2e-05	6e-05	0.00016	6e-05	0.00014	4e-05	0.00012	0.00016	4e-05	0.00016	0.00018	8e-05	0.0002	0.00024	0.00036	0.00036	0.00072	0.00104	0.00186	0.00224	0.0045	0.00646	0.00978	0.01554	0.02162	0.02724	0.0352	0.04078	0.04322	0.04256	0.03892	0.0328	0.02454	0.01746	0.01166	0.00698	0.00418	0.00308	0.00144	0.0006	0.00052	0.00028	0.00014	8e-05	6e-05	2e-05	6e-05	2e-05	0.0	0.0	0.0	
0.01423  3000.0  3500.0  0.0	2e-05	0.0	0.0	0.0	2e-05	0.0	0.0	0.0	0.0	0.0	0.0	0.0	0.0	0.0	4e-05	0.0	2e-05	0.0	0.0	2e-05	2e-05	0.0	0.0	2e-05	6e-05	2e-05	2e-05	2e-05	0.0	0.0	0.0	4e-05	4e-05	2e-05	8e-05	2e-05	4e-05	6e-05	4e-05	2e-05	6e-05	4e-05	2e-05	6e-05	2e-05	6e-05	0.0	2e-05	8e-05	4e-05	4e-05	6e-05	6e-05	6e-05	6e-05	8e-05	8e-05	0.0001	0.00012	0.00022	0.00032	0.0002	0.00024	0.00032	0.00058	0.0008	0.00062	0.0013	0.00212	0.00272	0.00416	0.00658	0.01012	0.01506	0.01966	0.02552	0.03058	0.03622	0.03828	0.03536	0.03398	0.03044	0.02492	0.0197	0.0145	0.01036	0.00684	0.0049	0.00276	0.00166	0.00098	0.00076	0.00042	0.00012	0.00012	6e-05	0.0	4e-05	
-0.015845  3500.0  4000.0  0.0	0.0	0.0	4e-05	0.0	0.0	0.0	0.0	0.0	0.0	0.0	0.0	0.0	2e-05	0.0	0.0	0.0	0.0	0.0	0.0	0.0	0.0	2e-05	0.0	0.0	0.0	0.0	2e-05	0.0	2e-05	0.0	2e-05	0.0	2e-05	4e-05	4e-05	0.0	0.0	0.0001	4e-05	0.0	4e-05	2e-05	2e-05	2e-05	6e-05	0.0	6e-05	4e-05	2e-05	4e-05	4e-05	6e-05	4e-05	8e-05	4e-05	8e-05	0.0001	0.00012	4e-05	0.00018	0.00012	6e-05	0.00028	0.00012	0.00024	0.00032	0.00028	0.00036	0.00052	0.00062	0.00142	0.00154	0.00254	0.00414	0.00524	0.00764	0.01034	0.0145	0.01878	0.02366	0.02738	0.03072	0.03274	0.03386	0.03224	0.02956	0.02528	0.02114	0.01638	0.01194	0.00856	0.0063	0.00424	0.00274	0.0019	0.00088	0.0005	0.00074	
-0.015551  4000.0  15000.0  0.0	0.0	0.0	0.0	0.0	0.0	0.0	2e-05	0.0	0.0	0.0	0.0	0.0	0.0	0.0	0.0	0.0	2e-05	0.0	0.0	0.0	0.0	0.0	0.0	0.0	0.0	2e-05	0.0	0.0	0.0	0.0	0.0	0.0	6e-05	0.0	2e-05	4e-05	2e-05	0.0	0.0	2e-05	4e-05	4e-05	0.0	4e-05	0.0	2e-05	2e-05	6e-05	4e-05	0.0	2e-05	6e-05	2e-05	4e-05	4e-05	2e-05	0.00012	4e-05	4e-05	6e-05	8e-05	0.00012	0.00014	6e-05	0.00012	0.00016	8e-05	0.0001	0.00018	0.00028	0.00038	0.00048	0.00088	0.00078	0.00094	0.00168	0.0023	0.00324	0.00444	0.00612	0.00886	0.0107	0.01368	0.01576	0.01732	0.02052	0.02266	0.02374	0.0244	0.02378	0.0222	0.02012	0.01886	0.01598	0.01242	0.01116	0.00936	0.03512	
