#===============
# ll~ : ee
# qq~ : cu~
# FF  : tensor
# XY  : LL LR RL RR
# coef : 0 0
# type : Reg*Reg
# Nevs : 50000
#===============
#
# XSEC	BIN_MIN	BIN_MAX 	 Kij 
#
109.252  200.0  300.0  0.00024	0.00036	0.0006	0.00092	0.00438	0.05934	0.05864	0.0589	0.05476	0.05194	0.00142	0.0	0.0	0.0	0.0	0.0	0.0	0.0	0.0	0.0	0.0	0.0	0.0	0.0	0.0	0.0	0.0	0.0	0.0	0.0	0.0	0.0	0.0	0.0	0.0	0.0	0.0	0.0	0.0	0.0	0.0	0.0	0.0	0.0	0.0	0.0	0.0	0.0	0.0	0.0	0.0	0.0	0.0	0.0	0.0	0.0	0.0	0.0	0.0	0.0	0.0	0.0	0.0	0.0	0.0	0.0	0.0	0.0	0.0	0.0	0.0	0.0	0.0	0.0	0.0	0.0	0.0	0.0	0.0	0.0	0.0	0.0	0.0	0.0	0.0	0.0	0.0	0.0	0.0	0.0	0.0	0.0	0.0	0.0	0.0	0.0	0.0	0.0	0.0	
83.004  300.0  400.0  0.00014	0.00012	8e-05	0.00018	0.00016	0.00028	0.00056	0.00082	0.0013	0.0069	0.07158	0.07018	0.0653	0.06384	0.05598	0.0018	0.0	0.0	0.0	0.0	0.0	0.0	0.0	0.0	0.0	0.0	0.0	0.0	0.0	0.0	0.0	0.0	0.0	0.0	0.0	0.0	0.0	0.0	0.0	0.0	0.0	0.0	0.0	0.0	0.0	0.0	0.0	0.0	0.0	0.0	0.0	0.0	0.0	0.0	0.0	0.0	0.0	0.0	0.0	0.0	0.0	0.0	0.0	0.0	0.0	0.0	0.0	0.0	0.0	0.0	0.0	0.0	0.0	0.0	0.0	0.0	0.0	0.0	0.0	0.0	0.0	0.0	0.0	0.0	0.0	0.0	0.0	0.0	0.0	0.0	0.0	0.0	0.0	0.0	0.0	0.0	0.0	0.0	0.0	
63.644  400.0  500.0  2e-05	8e-05	0.0001	8e-05	0.00014	0.0001	0.00034	0.0002	0.00028	0.00036	0.0005	0.00078	0.00096	0.00196	0.0093	0.07856	0.07356	0.07006	0.06476	0.05832	0.00232	0.0	0.0	0.0	0.0	0.0	0.0	0.0	0.0	0.0	0.0	0.0	0.0	0.0	0.0	0.0	0.0	0.0	0.0	0.0	0.0	0.0	0.0	0.0	0.0	0.0	0.0	0.0	0.0	0.0	0.0	0.0	0.0	0.0	0.0	0.0	0.0	0.0	0.0	0.0	0.0	0.0	0.0	0.0	0.0	0.0	0.0	0.0	0.0	0.0	0.0	0.0	0.0	0.0	0.0	0.0	0.0	0.0	0.0	0.0	0.0	0.0	0.0	0.0	0.0	0.0	0.0	0.0	0.0	0.0	0.0	0.0	0.0	0.0	0.0	0.0	0.0	0.0	0.0	
49.372  500.0  600.0  0.0	2e-05	2e-05	2e-05	8e-05	0.00012	0.00012	0.00026	0.00018	0.00024	0.00014	0.0003	0.00036	0.00052	0.00058	0.00084	0.00074	0.0012	0.002	0.0109	0.07706	0.07732	0.07326	0.06902	0.05598	0.00212	0.0	0.0	0.0	0.0	0.0	0.0	0.0	0.0	0.0	0.0	0.0	0.0	0.0	0.0	0.0	0.0	0.0	0.0	0.0	0.0	0.0	0.0	0.0	0.0	0.0	0.0	0.0	0.0	0.0	0.0	0.0	0.0	0.0	0.0	0.0	0.0	0.0	0.0	0.0	0.0	0.0	0.0	0.0	0.0	0.0	0.0	0.0	0.0	0.0	0.0	0.0	0.0	0.0	0.0	0.0	0.0	0.0	0.0	0.0	0.0	0.0	0.0	0.0	0.0	0.0	0.0	0.0	0.0	0.0	0.0	0.0	0.0	0.0	
38.6442  600.0  700.0  0.0	2e-05	0.0	6e-05	6e-05	6e-05	8e-05	0.0001	0.00016	0.00014	0.00012	0.00014	0.00034	0.00022	0.00026	0.00018	0.00022	0.00052	0.0007	0.00076	0.0008	0.00104	0.00148	0.00224	0.01188	0.11506	0.10948	0.09748	0.02844	0.0	0.0	0.0	0.0	0.0	0.0	0.0	0.0	0.0	0.0	0.0	0.0	0.0	0.0	0.0	0.0	0.0	0.0	0.0	0.0	0.0	0.0	0.0	0.0	0.0	0.0	0.0	0.0	0.0	0.0	0.0	0.0	0.0	0.0	0.0	0.0	0.0	0.0	0.0	0.0	0.0	0.0	0.0	0.0	0.0	0.0	0.0	0.0	0.0	0.0	0.0	0.0	0.0	0.0	0.0	0.0	0.0	0.0	0.0	0.0	0.0	0.0	0.0	0.0	0.0	0.0	0.0	0.0	0.0	0.0	
30.4914  700.0  800.0  2e-05	2e-05	2e-05	2e-05	0.0001	0.0001	6e-05	2e-05	6e-05	8e-05	6e-05	0.00016	6e-05	0.00012	6e-05	0.00012	0.00024	4e-05	0.00032	0.0004	0.00022	0.00058	0.00074	0.00044	0.00064	0.00116	0.00208	0.00598	0.08704	0.11226	0.10326	0.05984	0.0	0.0	0.0	0.0	0.0	0.0	0.0	0.0	0.0	0.0	0.0	0.0	0.0	0.0	0.0	0.0	0.0	0.0	0.0	0.0	0.0	0.0	0.0	0.0	0.0	0.0	0.0	0.0	0.0	0.0	0.0	0.0	0.0	0.0	0.0	0.0	0.0	0.0	0.0	0.0	0.0	0.0	0.0	0.0	0.0	0.0	0.0	0.0	0.0	0.0	0.0	0.0	0.0	0.0	0.0	0.0	0.0	0.0	0.0	0.0	0.0	0.0	0.0	0.0	0.0	0.0	0.0	
24.2748  800.0  900.0  0.0	2e-05	2e-05	2e-05	2e-05	6e-05	0.0	8e-05	0.00014	0.0	0.00014	0.0001	0.00012	6e-05	8e-05	0.00028	0.00012	0.00024	0.0002	6e-05	0.0003	0.0004	0.00032	0.00034	0.00024	0.00038	0.00064	0.00104	0.00104	0.00152	0.0045	0.04956	0.11478	0.10886	0.08934	0.00382	0.0	0.0	0.0	0.0	0.0	0.0	0.0	0.0	0.0	0.0	0.0	0.0	0.0	0.0	0.0	0.0	0.0	0.0	0.0	0.0	0.0	0.0	0.0	0.0	0.0	0.0	0.0	0.0	0.0	0.0	0.0	0.0	0.0	0.0	0.0	0.0	0.0	0.0	0.0	0.0	0.0	0.0	0.0	0.0	0.0	0.0	0.0	0.0	0.0	0.0	0.0	0.0	0.0	0.0	0.0	0.0	0.0	0.0	0.0	0.0	0.0	0.0	0.0	
19.4206  900.0  1000.0  0.0	2e-05	0.0	4e-05	4e-05	2e-05	8e-05	0.0001	0.00012	0.0001	4e-05	6e-05	2e-05	0.00012	8e-05	8e-05	0.00012	0.00016	6e-05	0.00016	0.00012	6e-05	0.00012	0.00022	0.00024	0.00038	0.00044	0.00046	0.0006	0.00072	0.00082	0.00104	0.00152	0.00276	0.0163	0.19096	0.15668	0.00376	0.0	0.0	0.0	0.0	0.0	0.0	0.0	0.0	0.0	0.0	0.0	0.0	0.0	0.0	0.0	0.0	0.0	0.0	0.0	0.0	0.0	0.0	0.0	0.0	0.0	0.0	0.0	0.0	0.0	0.0	0.0	0.0	0.0	0.0	0.0	0.0	0.0	0.0	0.0	0.0	0.0	0.0	0.0	0.0	0.0	0.0	0.0	0.0	0.0	0.0	0.0	0.0	0.0	0.0	0.0	0.0	0.0	0.0	0.0	0.0	0.0	
28.2368  1000.0  1200.0  0.0	0.0	0.0	0.0	2e-05	8e-05	2e-05	8e-05	6e-05	4e-05	0.0001	4e-05	6e-05	4e-05	8e-05	0.0001	2e-05	8e-05	0.0002	8e-05	8e-05	8e-05	0.00016	0.0002	2e-05	0.00022	0.0004	0.0003	0.00014	0.00042	0.00042	0.0005	0.00058	0.00054	0.00086	0.00236	0.01106	0.10528	0.09558	0.0873	0.0686	0.0019	0.0	0.0	0.0	0.0	0.0	0.0	0.0	0.0	0.0	0.0	0.0	0.0	0.0	0.0	0.0	0.0	0.0	0.0	0.0	0.0	0.0	0.0	0.0	0.0	0.0	0.0	0.0	0.0	0.0	0.0	0.0	0.0	0.0	0.0	0.0	0.0	0.0	0.0	0.0	0.0	0.0	0.0	0.0	0.0	0.0	0.0	0.0	0.0	0.0	0.0	0.0	0.0	0.0	0.0	0.0	0.0	0.0	
18.6222  1200.0  1400.0  0.0	2e-05	0.0	0.0	0.0	0.0	4e-05	2e-05	2e-05	2e-05	8e-05	0.0	0.0	2e-05	6e-05	8e-05	8e-05	2e-05	6e-05	6e-05	0.0001	2e-05	6e-05	8e-05	6e-05	0.0001	0.00018	0.0002	0.00016	0.00014	0.00028	0.00036	0.00022	0.00028	0.00044	0.00072	0.00086	0.00108	0.00148	0.0024	0.01164	0.10552	0.11008	0.09512	0.03948	0.0	0.0	0.0	0.0	0.0	0.0	0.0	0.0	0.0	0.0	0.0	0.0	0.0	0.0	0.0	0.0	0.0	0.0	0.0	0.0	0.0	0.0	0.0	0.0	0.0	0.0	0.0	0.0	0.0	0.0	0.0	0.0	0.0	0.0	0.0	0.0	0.0	0.0	0.0	0.0	0.0	0.0	0.0	0.0	0.0	0.0	0.0	0.0	0.0	0.0	0.0	0.0	0.0	0.0	
12.4494  1400.0  1600.0  2e-05	0.0	2e-05	2e-05	2e-05	0.0	4e-05	2e-05	2e-05	8e-05	2e-05	4e-05	4e-05	2e-05	4e-05	4e-05	2e-05	0.0	4e-05	0.0	0.0001	0.0001	6e-05	2e-05	8e-05	4e-05	0.00016	0.00016	0.00012	4e-05	0.00012	0.00014	0.00024	0.00012	0.00024	0.00034	0.00028	0.00048	0.00068	0.00078	0.00082	0.001	0.00172	0.00446	0.0693	0.11484	0.09764	0.06894	8e-05	0.0	0.0	0.0	0.0	0.0	0.0	0.0	0.0	0.0	0.0	0.0	0.0	0.0	0.0	0.0	0.0	0.0	0.0	0.0	0.0	0.0	0.0	0.0	0.0	0.0	0.0	0.0	0.0	0.0	0.0	0.0	0.0	0.0	0.0	0.0	0.0	0.0	0.0	0.0	0.0	0.0	0.0	0.0	0.0	0.0	0.0	0.0	0.0	0.0	0.0	
8.4202  1600.0  1800.0  0.0	0.0	0.0	0.0	0.0	0.0	2e-05	0.0	0.0	0.0	2e-05	0.0	2e-05	2e-05	2e-05	2e-05	6e-05	6e-05	2e-05	4e-05	2e-05	8e-05	8e-05	4e-05	4e-05	4e-05	0.00014	4e-05	0.00016	0.00012	0.00018	4e-05	8e-05	6e-05	8e-05	0.00014	0.00022	0.00034	0.00034	0.00022	0.00044	0.0004	0.00064	0.00062	0.0011	0.0017	0.00378	0.03252	0.13754	0.11684	0.06972	0.0	0.0	0.0	0.0	0.0	0.0	0.0	0.0	0.0	0.0	0.0	0.0	0.0	0.0	0.0	0.0	0.0	0.0	0.0	0.0	0.0	0.0	0.0	0.0	0.0	0.0	0.0	0.0	0.0	0.0	0.0	0.0	0.0	0.0	0.0	0.0	0.0	0.0	0.0	0.0	0.0	0.0	0.0	0.0	0.0	0.0	0.0	0.0	
5.748  1800.0  2000.0  0.0	0.0	0.0	0.0	0.0	0.0	2e-05	2e-05	2e-05	2e-05	2e-05	0.0	0.0	0.0	6e-05	2e-05	4e-05	0.0001	0.0	4e-05	0.0	4e-05	0.00012	4e-05	4e-05	0.0001	8e-05	0.00016	8e-05	0.00012	0.00018	6e-05	0.0001	6e-05	4e-05	0.0002	0.00016	0.00024	0.00032	0.00014	0.00018	0.00026	0.00048	0.00046	0.00064	0.0008	0.00092	0.00106	0.00192	0.00438	0.05186	0.13278	0.1276	0.03926	0.0	0.0	0.0	0.0	0.0	0.0	0.0	0.0	0.0	0.0	0.0	0.0	0.0	0.0	0.0	0.0	0.0	0.0	0.0	0.0	0.0	0.0	0.0	0.0	0.0	0.0	0.0	0.0	0.0	0.0	0.0	0.0	0.0	0.0	0.0	0.0	0.0	0.0	0.0	0.0	0.0	0.0	0.0	0.0	0.0	
4.7292  2000.0  2250.0  2e-05	2e-05	0.0	0.0	0.0	4e-05	2e-05	2e-05	0.0	0.0	4e-05	6e-05	0.0	2e-05	0.00012	4e-05	2e-05	0.0	0.0	0.0	4e-05	2e-05	0.0	2e-05	6e-05	0.0	2e-05	0.0001	8e-05	8e-05	6e-05	0.0001	0.00014	8e-05	0.00014	0.00012	8e-05	0.00016	0.00014	0.00018	0.00026	0.00026	0.00026	0.00034	0.0003	0.0003	0.00056	0.00048	0.00074	0.00078	0.00142	0.00148	0.0067	0.09164	0.1154	0.0987	0.04098	0.0	0.0	0.0	0.0	0.0	0.0	0.0	0.0	0.0	0.0	0.0	0.0	0.0	0.0	0.0	0.0	0.0	0.0	0.0	0.0	0.0	0.0	0.0	0.0	0.0	0.0	0.0	0.0	0.0	0.0	0.0	0.0	0.0	0.0	0.0	0.0	0.0	0.0	0.0	0.0	0.0	0.0	
2.98988  2250.0  2500.0  0.0	0.0	0.0	0.0	0.0	2e-05	0.0	0.0	0.0	0.0	0.0	0.0	0.0	0.0	2e-05	2e-05	2e-05	2e-05	0.0	4e-05	4e-05	2e-05	0.0	4e-05	0.0	4e-05	6e-05	8e-05	6e-05	6e-05	6e-05	4e-05	8e-05	8e-05	6e-05	0.0001	0.00016	0.00016	0.0001	0.0002	0.00026	0.00016	0.00026	0.00014	0.00016	0.0003	0.00018	0.00016	0.00048	0.00054	0.00078	0.00088	0.00118	0.00166	0.00188	0.00622	0.07612	0.11816	0.10046	0.05164	0.0	0.0	0.0	0.0	0.0	0.0	0.0	0.0	0.0	0.0	0.0	0.0	0.0	0.0	0.0	0.0	0.0	0.0	0.0	0.0	0.0	0.0	0.0	0.0	0.0	0.0	0.0	0.0	0.0	0.0	0.0	0.0	0.0	0.0	0.0	0.0	0.0	0.0	0.0	
1.90248  2500.0  2750.0  0.0	0.0	0.0	0.0	0.0	0.0	0.0	0.0	0.0	4e-05	0.0	0.0	4e-05	2e-05	0.0	4e-05	2e-05	2e-05	0.0	0.0	4e-05	2e-05	0.0	2e-05	2e-05	4e-05	6e-05	0.0	0.0	6e-05	2e-05	0.0	2e-05	0.0001	2e-05	0.0001	0.0001	0.00016	0.00012	6e-05	0.00014	0.00018	0.00014	0.00014	0.00012	0.00032	0.0002	0.00028	0.00024	0.0002	0.00036	0.00052	0.00036	0.0007	0.00086	0.00086	0.00108	0.0018	0.00548	0.06038	0.1223	0.10158	0.06476	0.0	0.0	0.0	0.0	0.0	0.0	0.0	0.0	0.0	0.0	0.0	0.0	0.0	0.0	0.0	0.0	0.0	0.0	0.0	0.0	0.0	0.0	0.0	0.0	0.0	0.0	0.0	0.0	0.0	0.0	0.0	0.0	0.0	0.0	0.0	0.0	
1.21532  2750.0  3000.0  0.0	0.0	0.0	0.0	0.0	0.0	0.0	0.0	0.0	0.0	0.0	0.0	0.0	0.0	0.0	4e-05	0.0	0.0	2e-05	2e-05	2e-05	0.0	4e-05	2e-05	0.0	2e-05	8e-05	0.0	2e-05	0.0	2e-05	4e-05	0.0	8e-05	0.0	2e-05	0.00014	0.0001	4e-05	0.0001	0.0001	0.00016	8e-05	0.0001	0.00014	0.0003	0.0002	0.00014	0.0003	0.00028	0.00024	0.00034	0.00038	0.00038	0.0005	0.00054	0.00058	0.00074	0.00092	0.00114	0.00216	0.00492	0.0462	0.1245	0.10776	0.07486	0.0002	0.0	0.0	0.0	0.0	0.0	0.0	0.0	0.0	0.0	0.0	0.0	0.0	0.0	0.0	0.0	0.0	0.0	0.0	0.0	0.0	0.0	0.0	0.0	0.0	0.0	0.0	0.0	0.0	0.0	0.0	0.0	0.0	
1.27948  3000.0  3500.0  0.0	0.0	0.0	0.0	0.0	0.0	2e-05	0.0	0.0	0.0	0.0	2e-05	0.0	2e-05	0.0	0.0	0.0	0.0	6e-05	2e-05	0.0	2e-05	2e-05	2e-05	2e-05	4e-05	2e-05	2e-05	4e-05	0.0	4e-05	4e-05	0.0	2e-05	4e-05	4e-05	6e-05	6e-05	0.00014	0.00018	8e-05	8e-05	8e-05	0.00018	0.00012	0.0001	0.00014	0.00018	0.00012	0.00014	0.00016	0.00022	0.00032	0.00028	0.00028	0.00024	0.00044	0.00024	0.00046	0.0005	0.0008	0.0009	0.00086	0.00128	0.0034	0.01924	0.07972	0.06688	0.05922	0.05168	0.04212	0.03522	0.0035	0.0	0.0	0.0	0.0	0.0	0.0	0.0	0.0	0.0	0.0	0.0	0.0	0.0	0.0	0.0	0.0	0.0	0.0	0.0	0.0	0.0	0.0	0.0	0.0	0.0	0.0	
0.52794  3500.0  4000.0  0.0	0.0	0.0	0.0	0.0	0.0	2e-05	0.0	2e-05	2e-05	0.0	0.0	2e-05	2e-05	2e-05	2e-05	0.0	0.0	2e-05	8e-05	2e-05	0.0	2e-05	4e-05	0.0	0.0	2e-05	2e-05	2e-05	0.0	4e-05	4e-05	2e-05	0.0	0.0	6e-05	4e-05	0.0	4e-05	8e-05	6e-05	6e-05	0.00012	4e-05	6e-05	6e-05	0.0001	6e-05	0.00014	0.00014	8e-05	8e-05	0.00014	0.0001	0.0001	0.00018	0.0002	0.00022	0.00042	0.00028	0.0004	0.00038	0.00026	0.00054	0.00064	0.0006	0.0006	0.0009	0.00112	0.00142	0.00372	0.00906	0.07172	0.07182	0.06196	0.05334	0.04536	0.03694	0.01074	0.0	0.0	0.0	0.0	0.0	0.0	0.0	0.0	0.0	0.0	0.0	0.0	0.0	0.0	0.0	0.0	0.0	0.0	0.0	0.0	
0.36641  4000.0  15000.0  0.0	0.0	0.0	0.0	0.0	0.0	0.0	0.0	0.0	0.0	0.0	0.0	0.0	0.0	0.0	2e-05	0.0	0.0	0.0	2e-05	0.0	2e-05	0.0	2e-05	6e-05	0.0	2e-05	2e-05	4e-05	0.0	0.0	2e-05	2e-05	2e-05	2e-05	4e-05	4e-05	2e-05	0.0001	4e-05	4e-05	2e-05	0.0	8e-05	4e-05	4e-05	0.00014	4e-05	6e-05	8e-05	8e-05	0.00012	8e-05	0.0001	4e-05	0.0001	8e-05	0.0002	0.00014	0.00026	0.0002	0.00018	0.00014	0.00028	0.00022	0.00032	0.00038	0.0003	0.00038	0.0003	0.00052	0.00044	0.00042	0.00058	0.00078	0.00094	0.0019	0.00388	0.04516	0.0532	0.04086	0.03766	0.031	0.02376	0.0206	0.01796	0.0154	0.01208	0.0093	0.0087	0.00762	0.00566	0.00492	0.00404	0.00426	0.00314	0.00268	0.00164	0.00184	
