#===============
# Ref : 1903.06248
# Experiment : ATLAS
# ll~ : ee
# qq~ : ss~
# FF  : vector
# XY  :  LL RR
# coef : 00
# type : Z*Z
# Nevs : 50000
#===============
#
# XSEC	BIN_MIN	BIN_MAX 	 Kij 
# 225.0 232.51 240.271 248.291 256.579 265.143 273.994 283.139 292.59 302.357 312.449 322.878 333.656 344.793 356.302 368.195 380.485 393.185 406.309 419.872 433.887 448.369 463.336 478.801 494.783 511.299 528.365 546.002 564.227 583.06 602.522 622.634 643.417 664.894 687.087 710.022 733.722 758.213 783.521 809.674 836.7 864.629 893.489 923.313 954.133 985.981 1018.89 1052.9 1088.05 1124.36 1161.9 1200.68 1240.76 1282.17 1324.97 1369.2 1414.9 1462.13 1510.93 1561.36 1613.48 1667.34 1722.99 1780.5 1839.94 1901.35 1964.82 2030.4 2098.17 2168.21 2240.58 2315.37 2392.65 2472.52 2555.05 2640.34 2728.47 2819.54 2913.66 3010.91 3111.41 3215.27 3322.59 3433.5 3548.1 3666.54 3788.92 3915.39 4046.09 4181.14 4320.7 4464.92 4613.96 4767.97 4927.12 5091.58 5261.54 5437.16 5618.6 10000.0 
0.43536  200.0  300.0  0.03386	0.02846	0.02474	0.02202	0.02068	0.01668	0.0152	0.01372	0.0075	6e-05	0.0	0.0	0.0	0.0	0.0	0.0	0.0	0.0	0.0	0.0	0.0	0.0	0.0	0.0	0.0	0.0	0.0	0.0	0.0	0.0	0.0	0.0	0.0	0.0	0.0	0.0	0.0	0.0	0.0	0.0	0.0	0.0	0.0	0.0	0.0	0.0	0.0	0.0	0.0	0.0	0.0	0.0	0.0	0.0	0.0	0.0	0.0	0.0	0.0	0.0	0.0	0.0	0.0	0.0	0.0	0.0	0.0	0.0	0.0	0.0	0.0	0.0	0.0	0.0	0.0	0.0	0.0	0.0	0.0	0.0	0.0	0.0	0.0	0.0	0.0	0.0	0.0	0.0	0.0	0.0	0.0	0.0	0.0	0.0	0.0	0.0	0.0	0.0	0.0	
0.064746  300.0  400.0  0.00026	0.00038	0.00044	0.00046	0.0004	0.00078	0.00092	0.00268	0.02534	0.06926	0.06138	0.05208	0.04482	0.04162	0.0346	0.03138	0.02584	0.01172	0.0	0.0	0.0	0.0	0.0	0.0	0.0	0.0	0.0	0.0	0.0	0.0	0.0	0.0	0.0	0.0	0.0	0.0	0.0	0.0	0.0	0.0	0.0	0.0	0.0	0.0	0.0	0.0	0.0	0.0	0.0	0.0	0.0	0.0	0.0	0.0	0.0	0.0	0.0	0.0	0.0	0.0	0.0	0.0	0.0	0.0	0.0	0.0	0.0	0.0	0.0	0.0	0.0	0.0	0.0	0.0	0.0	0.0	0.0	0.0	0.0	0.0	0.0	0.0	0.0	0.0	0.0	0.0	0.0	0.0	0.0	0.0	0.0	0.0	0.0	0.0	0.0	0.0	0.0	0.0	0.0	
0.016315  400.0  500.0  0.0001	0.00018	0.0001	0.00012	0.00022	4e-05	0.0002	0.00048	0.00034	0.00026	0.00036	0.0005	0.0007	0.00078	0.00108	0.00138	0.00398	0.04884	0.08028	0.0678	0.06122	0.05408	0.04658	0.03642	0.00982	0.0	0.0	0.0	0.0	0.0	0.0	0.0	0.0	0.0	0.0	0.0	0.0	0.0	0.0	0.0	0.0	0.0	0.0	0.0	0.0	0.0	0.0	0.0	0.0	0.0	0.0	0.0	0.0	0.0	0.0	0.0	0.0	0.0	0.0	0.0	0.0	0.0	0.0	0.0	0.0	0.0	0.0	0.0	0.0	0.0	0.0	0.0	0.0	0.0	0.0	0.0	0.0	0.0	0.0	0.0	0.0	0.0	0.0	0.0	0.0	0.0	0.0	0.0	0.0	0.0	0.0	0.0	0.0	0.0	0.0	0.0	0.0	0.0	0.0	
0.005373  500.0  600.0  8e-05	4e-05	0.0001	0.0001	0.00016	0.00012	0.00018	0.0002	0.0001	0.00014	0.00018	0.00018	0.00034	0.00026	0.0004	0.00024	0.0005	0.00058	0.00052	0.00076	0.00094	0.00096	0.00176	0.00592	0.07408	0.0917	0.0776	0.06832	0.0555	0.04122	0.00044	0.0	0.0	0.0	0.0	0.0	0.0	0.0	0.0	0.0	0.0	0.0	0.0	0.0	0.0	0.0	0.0	0.0	0.0	0.0	0.0	0.0	0.0	0.0	0.0	0.0	0.0	0.0	0.0	0.0	0.0	0.0	0.0	0.0	0.0	0.0	0.0	0.0	0.0	0.0	0.0	0.0	0.0	0.0	0.0	0.0	0.0	0.0	0.0	0.0	0.0	0.0	0.0	0.0	0.0	0.0	0.0	0.0	0.0	0.0	0.0	0.0	0.0	0.0	0.0	0.0	0.0	0.0	0.0	
0.002093  600.0  700.0  2e-05	6e-05	6e-05	2e-05	0.0	6e-05	2e-05	8e-05	6e-05	6e-05	0.0001	0.00018	0.0002	4e-05	0.00022	0.00018	0.00012	0.00032	0.0002	0.00038	0.00046	0.0003	0.00036	0.00048	0.0007	0.00058	0.00106	0.00114	0.00306	0.02784	0.10986	0.09524	0.08196	0.06748	0.03204	0.0	0.0	0.0	0.0	0.0	0.0	0.0	0.0	0.0	0.0	0.0	0.0	0.0	0.0	0.0	0.0	0.0	0.0	0.0	0.0	0.0	0.0	0.0	0.0	0.0	0.0	0.0	0.0	0.0	0.0	0.0	0.0	0.0	0.0	0.0	0.0	0.0	0.0	0.0	0.0	0.0	0.0	0.0	0.0	0.0	0.0	0.0	0.0	0.0	0.0	0.0	0.0	0.0	0.0	0.0	0.0	0.0	0.0	0.0	0.0	0.0	0.0	0.0	0.0	
0.000916  700.0  800.0  2e-05	2e-05	2e-05	0.0	4e-05	4e-05	8e-05	8e-05	2e-05	2e-05	0.0001	8e-05	6e-05	0.00012	6e-05	0.00016	8e-05	0.00012	0.0002	0.0002	0.00028	0.00018	0.00026	0.0004	0.0004	0.00038	0.0004	0.00042	0.00054	0.00054	0.0008	0.00112	0.00146	0.00572	0.06738	0.11742	0.10034	0.08306	0.04164	0.0	0.0	0.0	0.0	0.0	0.0	0.0	0.0	0.0	0.0	0.0	0.0	0.0	0.0	0.0	0.0	0.0	0.0	0.0	0.0	0.0	0.0	0.0	0.0	0.0	0.0	0.0	0.0	0.0	0.0	0.0	0.0	0.0	0.0	0.0	0.0	0.0	0.0	0.0	0.0	0.0	0.0	0.0	0.0	0.0	0.0	0.0	0.0	0.0	0.0	0.0	0.0	0.0	0.0	0.0	0.0	0.0	0.0	0.0	0.0	
0.000437  800.0  900.0  4e-05	0.0	0.0	6e-05	6e-05	4e-05	4e-05	0.00012	2e-05	6e-05	4e-05	4e-05	8e-05	0.0001	8e-05	0.00012	0.00012	6e-05	4e-05	0.00016	0.00012	0.00012	0.0002	0.0002	0.0002	0.00018	0.00028	0.00032	0.00032	0.00038	0.00032	0.00038	0.0006	0.00078	0.00078	0.00122	0.002	0.005	0.06408	0.13164	0.10752	0.0872	0.01752	0.0	0.0	0.0	0.0	0.0	0.0	0.0	0.0	0.0	0.0	0.0	0.0	0.0	0.0	0.0	0.0	0.0	0.0	0.0	0.0	0.0	0.0	0.0	0.0	0.0	0.0	0.0	0.0	0.0	0.0	0.0	0.0	0.0	0.0	0.0	0.0	0.0	0.0	0.0	0.0	0.0	0.0	0.0	0.0	0.0	0.0	0.0	0.0	0.0	0.0	0.0	0.0	0.0	0.0	0.0	0.0	
0.000223  900.0  1000.0  2e-05	0.0	4e-05	4e-05	2e-05	2e-05	2e-05	2e-05	2e-05	8e-05	2e-05	2e-05	2e-05	6e-05	2e-05	8e-05	0.0001	0.0	6e-05	8e-05	2e-05	0.00018	8e-05	0.00014	8e-05	0.00012	8e-05	0.00012	0.00034	0.00024	0.00014	0.00018	0.00022	0.00034	0.00066	0.00086	0.0006	0.00062	0.00128	0.00174	0.0026	0.00968	0.1216	0.13348	0.1045	0.03812	0.0	0.0	0.0	0.0	0.0	0.0	0.0	0.0	0.0	0.0	0.0	0.0	0.0	0.0	0.0	0.0	0.0	0.0	0.0	0.0	0.0	0.0	0.0	0.0	0.0	0.0	0.0	0.0	0.0	0.0	0.0	0.0	0.0	0.0	0.0	0.0	0.0	0.0	0.0	0.0	0.0	0.0	0.0	0.0	0.0	0.0	0.0	0.0	0.0	0.0	0.0	0.0	0.0	
0.000188  1000.0  1200.0  0.0	4e-05	0.0	4e-05	0.0	4e-05	0.0	0.0	6e-05	4e-05	4e-05	6e-05	4e-05	4e-05	2e-05	2e-05	4e-05	8e-05	2e-05	8e-05	0.00014	4e-05	0.0001	0.00012	8e-05	0.00018	0.0001	8e-05	0.00016	0.00014	0.0001	0.00012	0.00014	0.00028	0.00024	0.0002	0.00034	0.0005	0.00034	0.00048	0.00054	0.00086	0.00106	0.00148	0.00526	0.06824	0.09656	0.07778	0.06618	0.05422	0.04022	0.00104	0.0	0.0	0.0	0.0	0.0	0.0	0.0	0.0	0.0	0.0	0.0	0.0	0.0	0.0	0.0	0.0	0.0	0.0	0.0	0.0	0.0	0.0	0.0	0.0	0.0	0.0	0.0	0.0	0.0	0.0	0.0	0.0	0.0	0.0	0.0	0.0	0.0	0.0	0.0	0.0	0.0	0.0	0.0	0.0	0.0	0.0	0.0	
6.3e-05  1200.0  1400.0  2e-05	2e-05	0.0	0.0	2e-05	0.0	4e-05	2e-05	0.0	0.0001	0.0	0.0	0.0	4e-05	0.0	2e-05	4e-05	4e-05	4e-05	4e-05	0.0001	4e-05	4e-05	2e-05	8e-05	6e-05	8e-05	6e-05	0.00012	4e-05	0.00014	0.00012	0.00012	0.00024	0.00016	0.00012	0.0003	0.00012	0.00026	0.00022	0.00036	0.00026	0.00038	0.00044	0.00054	0.00072	0.00062	0.00088	0.00128	0.00294	0.01574	0.11126	0.09586	0.07762	0.065	0.03482	0.0	0.0	0.0	0.0	0.0	0.0	0.0	0.0	0.0	0.0	0.0	0.0	0.0	0.0	0.0	0.0	0.0	0.0	0.0	0.0	0.0	0.0	0.0	0.0	0.0	0.0	0.0	0.0	0.0	0.0	0.0	0.0	0.0	0.0	0.0	0.0	0.0	0.0	0.0	0.0	0.0	0.0	0.0	
2.4e-05  1400.0  1600.0  0.0	0.0	0.0	0.0	0.0	2e-05	0.0	0.0	4e-05	0.0	0.0	2e-05	0.0	2e-05	0.0	2e-05	2e-05	6e-05	0.0	2e-05	0.0001	0.0	0.0001	6e-05	4e-05	0.0001	0.00012	8e-05	4e-05	0.0001	8e-05	4e-05	8e-05	8e-05	4e-05	8e-05	0.00012	0.0001	0.00012	0.00018	0.00026	0.00012	0.0002	0.00026	0.00022	0.00032	0.00034	0.0003	0.0005	0.00068	0.00092	0.00104	0.00142	0.00182	0.0042	0.05212	0.11766	0.0975	0.07714	0.04428	0.0	0.0	0.0	0.0	0.0	0.0	0.0	0.0	0.0	0.0	0.0	0.0	0.0	0.0	0.0	0.0	0.0	0.0	0.0	0.0	0.0	0.0	0.0	0.0	0.0	0.0	0.0	0.0	0.0	0.0	0.0	0.0	0.0	0.0	0.0	0.0	0.0	0.0	0.0	
1e-05  1600.0  1800.0  0.0	4e-05	0.0	0.0	0.0	2e-05	4e-05	2e-05	2e-05	0.0	0.0	4e-05	2e-05	4e-05	0.0	0.0	2e-05	4e-05	4e-05	0.0	2e-05	4e-05	2e-05	4e-05	4e-05	4e-05	6e-05	8e-05	4e-05	0.0001	0.00014	4e-05	6e-05	8e-05	0.00012	4e-05	2e-05	8e-05	0.0001	0.00012	0.00012	0.0002	0.00016	0.00014	0.00026	0.00014	0.00016	0.00024	0.00038	0.00042	0.00038	0.00034	0.00062	0.00056	0.0007	0.00078	0.00108	0.00164	0.0048	0.04666	0.13022	0.1081	0.08278	0.02206	0.0	0.0	0.0	0.0	0.0	0.0	0.0	0.0	0.0	0.0	0.0	0.0	0.0	0.0	0.0	0.0	0.0	0.0	0.0	0.0	0.0	0.0	0.0	0.0	0.0	0.0	0.0	0.0	0.0	0.0	0.0	0.0	0.0	0.0	0.0	
4e-06  1800.0  2000.0  0.0	0.0	0.0	2e-05	2e-05	0.0	2e-05	2e-05	0.0	2e-05	0.0	0.0	0.0	4e-05	0.0	0.0	0.0	2e-05	4e-05	2e-05	0.0	0.0	2e-05	8e-05	4e-05	6e-05	2e-05	2e-05	2e-05	4e-05	0.0001	4e-05	8e-05	6e-05	0.0001	6e-05	0.00016	0.0001	8e-05	6e-05	8e-05	0.0001	2e-05	0.0001	0.0001	0.00014	0.0002	0.00022	0.0002	0.00022	0.00018	0.00032	0.00026	0.00026	0.0002	0.00054	0.00046	0.00052	0.00084	0.0009	0.00114	0.00192	0.00826	0.11044	0.1318	0.10114	0.04206	0.0	0.0	0.0	0.0	0.0	0.0	0.0	0.0	0.0	0.0	0.0	0.0	0.0	0.0	0.0	0.0	0.0	0.0	0.0	0.0	0.0	0.0	0.0	0.0	0.0	0.0	0.0	0.0	0.0	0.0	0.0	0.0	
2e-06  2000.0  2250.0  0.0	0.0	0.0	0.0	0.0	0.0	0.0	0.0	0.0	0.0	2e-05	2e-05	2e-05	0.0	0.0	0.0	0.0	0.0	2e-05	2e-05	2e-05	2e-05	2e-05	2e-05	0.0	2e-05	0.0	2e-05	2e-05	4e-05	6e-05	2e-05	8e-05	0.00012	6e-05	4e-05	4e-05	6e-05	4e-05	4e-05	2e-05	0.0001	0.0001	0.0001	8e-05	8e-05	8e-05	0.00014	0.00014	8e-05	0.00018	0.00014	0.0003	0.00022	0.00032	0.00016	0.00024	0.00038	0.00054	0.00074	0.00064	0.00078	0.00092	0.0012	0.00206	0.0055	0.0785	0.12266	0.10112	0.07684	0.00782	0.0	0.0	0.0	0.0	0.0	0.0	0.0	0.0	0.0	0.0	0.0	0.0	0.0	0.0	0.0	0.0	0.0	0.0	0.0	0.0	0.0	0.0	0.0	0.0	0.0	0.0	0.0	0.0	
1e-06  2250.0  2500.0  0.0	2e-05	0.0	0.0	0.0	2e-05	0.0	0.0	0.0	0.0	0.0	0.0	2e-05	0.0	0.0	0.0	0.0	2e-05	2e-05	2e-05	4e-05	0.0	0.0	0.0	6e-05	4e-05	0.0	0.0	2e-05	0.0	4e-05	4e-05	4e-05	6e-05	4e-05	2e-05	0.00014	2e-05	4e-05	2e-05	4e-05	8e-05	0.0001	0.00012	6e-05	6e-05	0.0001	4e-05	6e-05	0.0001	0.0001	0.0001	0.00018	6e-05	0.00016	0.0002	0.00024	0.00014	0.0003	0.0003	0.00032	0.00044	0.00046	0.00048	0.0005	0.001	0.00102	0.00138	0.00312	0.01144	0.13764	0.12018	0.09666	0.02432	0.0	0.0	0.0	0.0	0.0	0.0	0.0	0.0	0.0	0.0	0.0	0.0	0.0	0.0	0.0	0.0	0.0	0.0	0.0	0.0	0.0	0.0	0.0	0.0	0.0	
0.0  2500.0  2750.0  0.0	0.0	0.0	0.0	0.0	0.0	2e-05	0.0	0.0	0.0	2e-05	0.0	0.0	2e-05	2e-05	0.0	4e-05	0.0	0.0	2e-05	0.0	2e-05	4e-05	0.0	2e-05	0.0	6e-05	0.0	0.0	6e-05	4e-05	0.0	2e-05	2e-05	6e-05	0.0	6e-05	6e-05	0.0	0.0	8e-05	4e-05	2e-05	8e-05	8e-05	0.0001	8e-05	6e-05	8e-05	8e-05	0.00012	6e-05	8e-05	0.00016	0.0001	0.0001	0.00014	0.00034	0.00012	0.00012	0.00024	0.00024	0.00028	0.00032	0.00038	0.00054	0.0006	0.00072	0.00078	0.00088	0.00154	0.00262	0.00908	0.12266	0.13904	0.10594	0.01898	0.0	0.0	0.0	0.0	0.0	0.0	0.0	0.0	0.0	0.0	0.0	0.0	0.0	0.0	0.0	0.0	0.0	0.0	0.0	0.0	0.0	0.0	
0.0  2750.0  3000.0  2e-05	2e-05	2e-05	0.0	0.0	0.0	0.0	0.0	0.0	0.0	0.0	2e-05	0.0	0.0	0.0	0.0	2e-05	2e-05	2e-05	0.0	2e-05	0.0	0.0	2e-05	0.0	4e-05	2e-05	4e-05	4e-05	4e-05	6e-05	2e-05	2e-05	6e-05	8e-05	2e-05	6e-05	2e-05	2e-05	2e-05	4e-05	4e-05	2e-05	4e-05	0.0	8e-05	0.0001	0.0	0.0	0.0001	0.00012	4e-05	2e-05	0.00018	0.0001	8e-05	0.00024	0.00012	0.00014	0.0001	0.00022	0.00022	0.00014	0.00036	0.00032	0.00024	0.0005	0.00054	0.00038	0.00048	0.00066	0.00106	0.00116	0.00122	0.00274	0.01058	0.14618	0.1425	0.09562	0.00012	0.0	0.0	0.0	0.0	0.0	0.0	0.0	0.0	0.0	0.0	0.0	0.0	0.0	0.0	0.0	0.0	0.0	0.0	0.0	
0.0  3000.0  3500.0  0.0	0.0	0.0	0.0	2e-05	0.0	0.0	0.0	2e-05	0.0	0.0	0.0	2e-05	0.0	0.0	0.0	0.0	0.0	0.0	2e-05	2e-05	0.0	0.0	0.0	0.0	2e-05	4e-05	0.0	2e-05	0.0	0.0	2e-05	0.0	6e-05	4e-05	2e-05	6e-05	4e-05	0.0	4e-05	0.0001	0.0001	6e-05	6e-05	0.0	8e-05	8e-05	6e-05	8e-05	4e-05	6e-05	0.0001	0.0001	0.00012	0.0001	8e-05	0.00012	0.00012	0.00012	8e-05	0.00014	0.0002	0.00014	0.0002	0.00014	0.00022	0.00028	0.00018	0.00018	0.00036	0.00026	0.00046	0.0008	0.00064	0.00086	0.00088	0.00104	0.00342	0.02794	0.12722	0.0957	0.07516	0.05348	0.02332	0.0	0.0	0.0	0.0	0.0	0.0	0.0	0.0	0.0	0.0	0.0	0.0	0.0	0.0	0.0	
0.0  3500.0  4000.0  0.0	0.0	2e-05	0.0	0.0	0.0	0.0	0.0	0.0	0.0	0.0	0.0	0.0	2e-05	0.0	4e-05	0.0	0.0	0.0	0.0	0.0	0.0	0.0	2e-05	0.0	2e-05	0.0	0.0	0.0	2e-05	2e-05	0.0	4e-05	0.0	6e-05	0.0	0.0	4e-05	2e-05	0.0	4e-05	8e-05	2e-05	2e-05	2e-05	4e-05	2e-05	4e-05	4e-05	0.0	6e-05	8e-05	2e-05	4e-05	0.0	2e-05	6e-05	4e-05	0.0001	0.00012	6e-05	6e-05	8e-05	0.0001	0.00014	0.00018	0.00012	8e-05	0.00012	0.00026	0.00018	0.00024	0.00028	0.00038	0.0004	0.0003	0.00054	0.00062	0.00064	0.00092	0.00108	0.00176	0.00546	0.07408	0.12778	0.09442	0.06848	0.03256	0.0	0.0	0.0	0.0	0.0	0.0	0.0	0.0	0.0	0.0	0.0	
0.0  4000.0  15000.0  0.0	0.0	0.0	0.0	0.0	4e-05	0.0	0.0	0.0	0.0	0.0	0.0	0.0	0.0	0.0	0.0	0.0	0.0	0.0	0.0	0.0	0.0	2e-05	0.0	0.0	4e-05	0.0	8e-05	0.0	0.0	0.0	0.0	2e-05	4e-05	2e-05	2e-05	8e-05	4e-05	2e-05	2e-05	6e-05	4e-05	2e-05	0.0	8e-05	6e-05	4e-05	0.0	4e-05	2e-05	2e-05	2e-05	8e-05	4e-05	2e-05	0.0001	8e-05	0.00012	8e-05	4e-05	0.0001	4e-05	0.00012	8e-05	4e-05	2e-05	4e-05	6e-05	2e-05	0.0001	0.00018	0.00012	0.00012	0.00014	0.00018	0.00012	0.00026	0.00028	0.00036	0.0004	0.00054	0.0004	0.00072	0.00078	0.001	0.00124	0.0043	0.05086	0.09962	0.07284	0.05238	0.03744	0.02778	0.01908	0.01448	0.00968	0.0068	0.00452	0.00864	
