#===============
# ll~ : ee
# qq~ : dd~
# FF  : vector
# XY  : LL RR  
# coef : 0 0
# type : Z*Reg
# Nevs : 50000
#===============
#
# XSEC	BIN_MIN	BIN_MAX 	 Kij 
#
129.44  200.0  300.0  0.00028	0.00034	0.00044	0.00072	0.00502	0.08036	0.06656	0.055	0.04846	0.03624	0.00086	0.0	0.0	0.0	0.0	0.0	0.0	0.0	0.0	0.0	0.0	0.0	0.0	0.0	0.0	0.0	0.0	0.0	0.0	0.0	0.0	0.0	0.0	0.0	0.0	0.0	0.0	0.0	0.0	0.0	0.0	0.0	0.0	0.0	0.0	0.0	0.0	0.0	0.0	0.0	0.0	0.0	0.0	0.0	0.0	0.0	0.0	0.0	0.0	0.0	0.0	0.0	0.0	0.0	0.0	0.0	0.0	0.0	0.0	0.0	0.0	0.0	0.0	0.0	0.0	0.0	0.0	0.0	0.0	0.0	0.0	0.0	0.0	0.0	0.0	0.0	0.0	0.0	0.0	0.0	0.0	0.0	0.0	0.0	0.0	0.0	0.0	0.0	0.0	
53.555  300.0  400.0  0.0	6e-05	6e-05	0.00012	0.0002	0.00046	0.00048	0.0009	0.00122	0.00922	0.08472	0.07664	0.06896	0.0594	0.04566	0.00174	0.0	0.0	0.0	0.0	0.0	0.0	0.0	0.0	0.0	0.0	0.0	0.0	0.0	0.0	0.0	0.0	0.0	0.0	0.0	0.0	0.0	0.0	0.0	0.0	0.0	0.0	0.0	0.0	0.0	0.0	0.0	0.0	0.0	0.0	0.0	0.0	0.0	0.0	0.0	0.0	0.0	0.0	0.0	0.0	0.0	0.0	0.0	0.0	0.0	0.0	0.0	0.0	0.0	0.0	0.0	0.0	0.0	0.0	0.0	0.0	0.0	0.0	0.0	0.0	0.0	0.0	0.0	0.0	0.0	0.0	0.0	0.0	0.0	0.0	0.0	0.0	0.0	0.0	0.0	0.0	0.0	0.0	0.0	
27.865  400.0  500.0  4e-05	8e-05	4e-05	0.00014	0.00014	0.0002	0.00018	0.00034	0.00038	0.00068	0.00052	0.00098	0.0012	0.0014	0.01028	0.08712	0.0775	0.0734	0.06586	0.0529	0.00186	0.0	0.0	0.0	0.0	0.0	0.0	0.0	0.0	0.0	0.0	0.0	0.0	0.0	0.0	0.0	0.0	0.0	0.0	0.0	0.0	0.0	0.0	0.0	0.0	0.0	0.0	0.0	0.0	0.0	0.0	0.0	0.0	0.0	0.0	0.0	0.0	0.0	0.0	0.0	0.0	0.0	0.0	0.0	0.0	0.0	0.0	0.0	0.0	0.0	0.0	0.0	0.0	0.0	0.0	0.0	0.0	0.0	0.0	0.0	0.0	0.0	0.0	0.0	0.0	0.0	0.0	0.0	0.0	0.0	0.0	0.0	0.0	0.0	0.0	0.0	0.0	0.0	0.0	
16.333  500.0  600.0  0.0	6e-05	2e-05	0.0001	2e-05	0.00016	0.0002	0.00016	0.00026	0.0001	0.00042	0.00026	0.00024	0.00036	0.00058	0.0007	0.00088	0.00088	0.0013	0.01166	0.08548	0.08366	0.0768	0.06664	0.05712	0.00228	0.0	0.0	0.0	0.0	0.0	0.0	0.0	0.0	0.0	0.0	0.0	0.0	0.0	0.0	0.0	0.0	0.0	0.0	0.0	0.0	0.0	0.0	0.0	0.0	0.0	0.0	0.0	0.0	0.0	0.0	0.0	0.0	0.0	0.0	0.0	0.0	0.0	0.0	0.0	0.0	0.0	0.0	0.0	0.0	0.0	0.0	0.0	0.0	0.0	0.0	0.0	0.0	0.0	0.0	0.0	0.0	0.0	0.0	0.0	0.0	0.0	0.0	0.0	0.0	0.0	0.0	0.0	0.0	0.0	0.0	0.0	0.0	0.0	
10.315  600.0  700.0  0.0	4e-05	8e-05	4e-05	2e-05	0.00012	0.0001	0.0001	4e-05	8e-05	4e-05	0.00016	0.00022	0.00018	0.0002	0.00034	0.00038	0.00042	0.00076	0.0007	0.00068	0.00108	0.00156	0.0026	0.01296	0.12724	0.11662	0.10136	0.0282	0.0	0.0	0.0	0.0	0.0	0.0	0.0	0.0	0.0	0.0	0.0	0.0	0.0	0.0	0.0	0.0	0.0	0.0	0.0	0.0	0.0	0.0	0.0	0.0	0.0	0.0	0.0	0.0	0.0	0.0	0.0	0.0	0.0	0.0	0.0	0.0	0.0	0.0	0.0	0.0	0.0	0.0	0.0	0.0	0.0	0.0	0.0	0.0	0.0	0.0	0.0	0.0	0.0	0.0	0.0	0.0	0.0	0.0	0.0	0.0	0.0	0.0	0.0	0.0	0.0	0.0	0.0	0.0	0.0	0.0	
6.8579  700.0  800.0  2e-05	0.0	0.0	0.0	0.0	6e-05	2e-05	4e-05	0.0001	0.00022	0.0001	0.00022	6e-05	0.00012	0.00022	0.0002	0.00026	0.00024	0.00022	0.00028	0.00028	0.00048	0.00038	0.00062	0.00048	0.0014	0.00188	0.0059	0.09686	0.12368	0.10764	0.06062	0.0	0.0	0.0	0.0	0.0	0.0	0.0	0.0	0.0	0.0	0.0	0.0	0.0	0.0	0.0	0.0	0.0	0.0	0.0	0.0	0.0	0.0	0.0	0.0	0.0	0.0	0.0	0.0	0.0	0.0	0.0	0.0	0.0	0.0	0.0	0.0	0.0	0.0	0.0	0.0	0.0	0.0	0.0	0.0	0.0	0.0	0.0	0.0	0.0	0.0	0.0	0.0	0.0	0.0	0.0	0.0	0.0	0.0	0.0	0.0	0.0	0.0	0.0	0.0	0.0	0.0	0.0	
4.7325  800.0  900.0  4e-05	0.0	0.0	0.0	0.0	0.0001	4e-05	2e-05	6e-05	0.00016	6e-05	0.0001	4e-05	0.0001	0.0001	0.00024	0.00022	2e-05	0.00016	0.0002	0.00022	0.00026	0.00026	0.00026	0.00026	0.00058	0.00082	0.00092	0.00108	0.0019	0.0042	0.0552	0.12626	0.11418	0.09294	0.00352	0.0	0.0	0.0	0.0	0.0	0.0	0.0	0.0	0.0	0.0	0.0	0.0	0.0	0.0	0.0	0.0	0.0	0.0	0.0	0.0	0.0	0.0	0.0	0.0	0.0	0.0	0.0	0.0	0.0	0.0	0.0	0.0	0.0	0.0	0.0	0.0	0.0	0.0	0.0	0.0	0.0	0.0	0.0	0.0	0.0	0.0	0.0	0.0	0.0	0.0	0.0	0.0	0.0	0.0	0.0	0.0	0.0	0.0	0.0	0.0	0.0	0.0	0.0	
3.361  900.0  1000.0  0.0	2e-05	0.0	0.0	2e-05	2e-05	6e-05	2e-05	8e-05	4e-05	0.0001	4e-05	6e-05	0.0001	0.00012	6e-05	8e-05	0.0001	0.00018	0.00014	0.00016	0.00016	0.0002	0.00014	0.0002	0.00032	0.00056	0.00048	0.00046	0.00074	0.00098	0.00124	0.00138	0.00322	0.01658	0.2099	0.16836	0.00314	0.0	0.0	0.0	0.0	0.0	0.0	0.0	0.0	0.0	0.0	0.0	0.0	0.0	0.0	0.0	0.0	0.0	0.0	0.0	0.0	0.0	0.0	0.0	0.0	0.0	0.0	0.0	0.0	0.0	0.0	0.0	0.0	0.0	0.0	0.0	0.0	0.0	0.0	0.0	0.0	0.0	0.0	0.0	0.0	0.0	0.0	0.0	0.0	0.0	0.0	0.0	0.0	0.0	0.0	0.0	0.0	0.0	0.0	0.0	0.0	0.0	
4.2412  1000.0  1200.0  4e-05	0.0	0.0	0.0	2e-05	2e-05	0.0	0.0	4e-05	0.0	6e-05	6e-05	0.0001	2e-05	0.0001	4e-05	0.0001	0.00016	0.00012	0.00014	8e-05	0.00018	0.0001	0.0003	0.00016	0.00018	0.00018	0.0003	0.0003	0.00034	0.00026	0.00042	0.00064	0.00084	0.00092	0.00202	0.01226	0.11814	0.105	0.08932	0.07024	0.00148	0.0	0.0	0.0	0.0	0.0	0.0	0.0	0.0	0.0	0.0	0.0	0.0	0.0	0.0	0.0	0.0	0.0	0.0	0.0	0.0	0.0	0.0	0.0	0.0	0.0	0.0	0.0	0.0	0.0	0.0	0.0	0.0	0.0	0.0	0.0	0.0	0.0	0.0	0.0	0.0	0.0	0.0	0.0	0.0	0.0	0.0	0.0	0.0	0.0	0.0	0.0	0.0	0.0	0.0	0.0	0.0	0.0	
2.3756  1200.0  1400.0  2e-05	0.0	0.0	0.0	0.0	2e-05	0.0	0.0	6e-05	2e-05	0.0	6e-05	6e-05	0.0	8e-05	4e-05	6e-05	0.0	8e-05	8e-05	8e-05	4e-05	0.00012	0.0001	0.00012	0.00012	0.00018	0.00022	0.0002	0.00016	0.00024	0.00024	0.00036	0.00042	0.00028	0.00056	0.00104	0.00112	0.00152	0.00226	0.0141	0.11516	0.12312	0.10152	0.04224	0.0	0.0	0.0	0.0	0.0	0.0	0.0	0.0	0.0	0.0	0.0	0.0	0.0	0.0	0.0	0.0	0.0	0.0	0.0	0.0	0.0	0.0	0.0	0.0	0.0	0.0	0.0	0.0	0.0	0.0	0.0	0.0	0.0	0.0	0.0	0.0	0.0	0.0	0.0	0.0	0.0	0.0	0.0	0.0	0.0	0.0	0.0	0.0	0.0	0.0	0.0	0.0	0.0	0.0	
1.3916  1400.0  1600.0  0.0	0.0	0.0	0.0	2e-05	2e-05	2e-05	2e-05	0.0	0.0	2e-05	2e-05	0.0	2e-05	4e-05	4e-05	2e-05	4e-05	2e-05	6e-05	0.0001	8e-05	4e-05	4e-05	0.00014	0.00014	6e-05	0.0001	8e-05	0.0002	0.00014	8e-05	0.00012	0.00018	0.00012	0.00058	0.00044	0.00058	0.0006	0.00074	0.00094	0.001	0.00168	0.00538	0.0822	0.12802	0.10848	0.0744	0.0	0.0	0.0	0.0	0.0	0.0	0.0	0.0	0.0	0.0	0.0	0.0	0.0	0.0	0.0	0.0	0.0	0.0	0.0	0.0	0.0	0.0	0.0	0.0	0.0	0.0	0.0	0.0	0.0	0.0	0.0	0.0	0.0	0.0	0.0	0.0	0.0	0.0	0.0	0.0	0.0	0.0	0.0	0.0	0.0	0.0	0.0	0.0	0.0	0.0	0.0	
0.83964  1600.0  1800.0  0.0	0.0	0.0	2e-05	0.0	0.0	0.0	0.0	0.0	0.0	2e-05	2e-05	0.0	0.0	2e-05	2e-05	2e-05	2e-05	4e-05	2e-05	2e-05	4e-05	4e-05	6e-05	4e-05	6e-05	0.00012	0.00016	0.00012	0.00014	0.00022	4e-05	6e-05	6e-05	0.00026	8e-05	0.00024	0.00032	0.00036	0.0004	0.00052	0.00062	0.00062	0.00088	0.00136	0.00174	0.00372	0.03616	0.15574	0.12966	0.07346	0.0	0.0	0.0	0.0	0.0	0.0	0.0	0.0	0.0	0.0	0.0	0.0	0.0	0.0	0.0	0.0	0.0	0.0	0.0	0.0	0.0	0.0	0.0	0.0	0.0	0.0	0.0	0.0	0.0	0.0	0.0	0.0	0.0	0.0	0.0	0.0	0.0	0.0	0.0	0.0	0.0	0.0	0.0	0.0	0.0	0.0	0.0	0.0	
0.51748  1800.0  2000.0  0.0	0.0	2e-05	0.0	0.0	2e-05	0.0	0.0	4e-05	2e-05	2e-05	0.0	4e-05	0.0	2e-05	4e-05	0.0	0.0	2e-05	2e-05	2e-05	4e-05	4e-05	2e-05	2e-05	4e-05	4e-05	0.0	0.00012	8e-05	6e-05	0.0001	4e-05	0.00018	0.00012	0.0001	0.00012	0.00016	0.0002	0.00016	0.00036	0.00032	0.00054	0.00046	0.00058	0.00062	0.00068	0.00118	0.00186	0.00442	0.05936	0.1481	0.13936	0.04128	0.0	0.0	0.0	0.0	0.0	0.0	0.0	0.0	0.0	0.0	0.0	0.0	0.0	0.0	0.0	0.0	0.0	0.0	0.0	0.0	0.0	0.0	0.0	0.0	0.0	0.0	0.0	0.0	0.0	0.0	0.0	0.0	0.0	0.0	0.0	0.0	0.0	0.0	0.0	0.0	0.0	0.0	0.0	0.0	0.0	
0.38379  2000.0  2250.0  0.0	0.0	0.0	0.0	0.0	0.0	0.0	0.0	0.0	0.0	4e-05	2e-05	0.0	2e-05	0.0	2e-05	0.0	4e-05	2e-05	4e-05	0.0	2e-05	4e-05	2e-05	0.0001	2e-05	4e-05	2e-05	8e-05	6e-05	2e-05	4e-05	8e-05	0.00012	6e-05	0.0002	4e-05	0.00028	0.00016	0.00014	0.0002	0.00018	0.00038	0.00052	0.00036	0.00036	0.00046	0.00052	0.00066	0.00092	0.00128	0.00166	0.00676	0.10462	0.1335	0.10768	0.04338	0.0	0.0	0.0	0.0	0.0	0.0	0.0	0.0	0.0	0.0	0.0	0.0	0.0	0.0	0.0	0.0	0.0	0.0	0.0	0.0	0.0	0.0	0.0	0.0	0.0	0.0	0.0	0.0	0.0	0.0	0.0	0.0	0.0	0.0	0.0	0.0	0.0	0.0	0.0	0.0	0.0	0.0	
0.21644  2250.0  2500.0  0.0	0.0	0.0	2e-05	2e-05	0.0	0.0	0.0	0.0	0.0	0.0	0.0	0.0	8e-05	2e-05	2e-05	0.0	4e-05	0.0	2e-05	0.0	0.0001	2e-05	4e-05	0.0	0.0001	6e-05	2e-05	6e-05	6e-05	6e-05	8e-05	4e-05	6e-05	8e-05	0.00016	8e-05	0.0001	0.00022	6e-05	0.00012	0.00012	0.00022	0.00036	0.0003	0.00044	0.00034	0.0003	0.0004	0.00058	0.00066	0.00054	0.0009	0.00122	0.00192	0.00606	0.08714	0.13772	0.1117	0.05724	0.0	0.0	0.0	0.0	0.0	0.0	0.0	0.0	0.0	0.0	0.0	0.0	0.0	0.0	0.0	0.0	0.0	0.0	0.0	0.0	0.0	0.0	0.0	0.0	0.0	0.0	0.0	0.0	0.0	0.0	0.0	0.0	0.0	0.0	0.0	0.0	0.0	0.0	0.0	
0.1233  2500.0  2750.0  0.0	0.0	0.0	0.0	0.0	0.0	0.0	2e-05	0.0	0.0	2e-05	0.0	2e-05	0.0	0.0	2e-05	0.0	0.0	4e-05	4e-05	0.0	2e-05	2e-05	0.0	0.0	4e-05	2e-05	2e-05	4e-05	8e-05	0.0	0.0	4e-05	2e-05	6e-05	0.0002	0.00014	4e-05	0.0	0.00012	6e-05	8e-05	0.0001	0.00024	6e-05	0.0002	0.00016	0.00014	0.00038	0.00016	0.00038	0.00056	0.00062	0.0007	0.00084	0.00108	0.00106	0.00208	0.00602	0.07032	0.14136	0.11524	0.0705	0.0	0.0	0.0	0.0	0.0	0.0	0.0	0.0	0.0	0.0	0.0	0.0	0.0	0.0	0.0	0.0	0.0	0.0	0.0	0.0	0.0	0.0	0.0	0.0	0.0	0.0	0.0	0.0	0.0	0.0	0.0	0.0	0.0	0.0	0.0	0.0	
0.07028  2750.0  3000.0  0.0	0.0	0.0	0.0	0.0	4e-05	0.0	0.0	2e-05	0.0	4e-05	2e-05	2e-05	0.0	0.0	2e-05	2e-05	2e-05	2e-05	0.0	4e-05	4e-05	0.0	0.0	2e-05	0.0	4e-05	2e-05	2e-05	2e-05	4e-05	6e-05	4e-05	2e-05	0.0	4e-05	4e-05	4e-05	0.0001	0.0001	0.00012	0.00018	0.0001	0.00014	0.00014	0.00014	0.00022	8e-05	0.0002	0.00024	0.00028	0.00026	0.00052	0.00042	0.00054	0.00028	0.00068	0.00064	0.00122	0.00144	0.00208	0.00536	0.05346	0.14494	0.11672	0.08254	0.00024	0.0	0.0	0.0	0.0	0.0	0.0	0.0	0.0	0.0	0.0	0.0	0.0	0.0	0.0	0.0	0.0	0.0	0.0	0.0	0.0	0.0	0.0	0.0	0.0	0.0	0.0	0.0	0.0	0.0	0.0	0.0	0.0	
0.06286  3000.0  3500.0  0.0	0.0	0.0	0.0	0.0	0.0	0.0	0.0	0.0	0.0	0.0	0.0	2e-05	2e-05	2e-05	4e-05	0.0	2e-05	0.0	0.0	0.0	2e-05	0.0	0.0	6e-05	6e-05	2e-05	2e-05	0.0001	2e-05	4e-05	2e-05	2e-05	2e-05	6e-05	6e-05	2e-05	4e-05	0.0001	0.00016	0.0001	6e-05	0.0001	0.00014	0.0001	0.0001	0.0001	0.00016	0.00022	0.00016	0.00022	0.0002	0.0002	0.00018	0.00044	0.00026	0.00032	0.00046	0.00062	0.0007	0.0008	0.00102	0.00122	0.00128	0.00412	0.02236	0.0943	0.07948	0.06684	0.05548	0.045	0.03724	0.00342	0.0	0.0	0.0	0.0	0.0	0.0	0.0	0.0	0.0	0.0	0.0	0.0	0.0	0.0	0.0	0.0	0.0	0.0	0.0	0.0	0.0	0.0	0.0	0.0	0.0	0.0	
0.01995  3500.0  4000.0  2e-05	0.0	0.0	0.0	2e-05	0.0	0.0	0.0	0.0	0.0	0.0	2e-05	0.0	0.0	2e-05	0.0	0.0	0.0	0.0	0.0	0.0	0.0	0.0	0.0	0.0	0.0	2e-05	4e-05	6e-05	0.0	2e-05	4e-05	6e-05	2e-05	2e-05	0.0001	6e-05	6e-05	2e-05	0.00012	4e-05	4e-05	0.00018	0.00014	0.00012	8e-05	6e-05	0.0001	0.00012	0.00018	0.0001	0.00014	0.00016	0.00032	0.00018	0.00012	0.00016	0.00016	0.0003	0.00038	0.00026	0.00036	0.00034	0.00052	0.00056	0.00064	0.00078	0.00084	0.00102	0.00148	0.00342	0.00894	0.08898	0.08108	0.06944	0.059	0.04946	0.03862	0.01094	0.0	0.0	0.0	0.0	0.0	0.0	0.0	0.0	0.0	0.0	0.0	0.0	0.0	0.0	0.0	0.0	0.0	0.0	0.0	0.0	
0.00795  4000.0  15000.0  0.0	0.0	2e-05	0.0	0.0	0.0	0.0	0.0	2e-05	0.0	4e-05	2e-05	0.0	0.0	0.0	0.0	0.0	0.0	0.0	0.0	0.0	2e-05	2e-05	2e-05	2e-05	0.0	2e-05	4e-05	0.0	0.0	2e-05	0.0	0.0	6e-05	2e-05	8e-05	4e-05	4e-05	4e-05	0.0	6e-05	8e-05	2e-05	0.0001	4e-05	2e-05	4e-05	6e-05	8e-05	4e-05	0.0001	8e-05	0.00018	0.0002	6e-05	8e-05	0.00012	8e-05	4e-05	0.00024	0.00014	0.00022	0.00024	0.00018	0.00024	0.0002	0.00026	0.00026	0.00032	0.00028	0.0005	0.00054	0.00062	0.0009	0.0006	0.00128	0.00288	0.00514	0.06396	0.0688	0.05316	0.04444	0.03404	0.02716	0.02268	0.01812	0.0147	0.01104	0.00962	0.00704	0.00588	0.00438	0.00362	0.003	0.00234	0.00174	0.00204	0.00134	0.00138	
