#===============
# ll~ : ee
# qq~ : cc~
# FF  : vector
# XY  : LL RR  
# coef : 0 0
# type : A*Z
# Nevs : 50000
#===============
#
# XSEC	BIN_MIN	BIN_MAX 	 Kij 
#
4.5616  200.0  300.0  0.00036	0.00044	0.00084	0.00118	0.00926	0.13422	0.0909	0.0607	0.04238	0.02686	0.00056	0.0	0.0	0.0	0.0	0.0	0.0	0.0	0.0	0.0	0.0	0.0	0.0	0.0	0.0	0.0	0.0	0.0	0.0	0.0	0.0	0.0	0.0	0.0	0.0	0.0	0.0	0.0	0.0	0.0	0.0	0.0	0.0	0.0	0.0	0.0	0.0	0.0	0.0	0.0	0.0	0.0	0.0	0.0	0.0	0.0	0.0	0.0	0.0	0.0	0.0	0.0	0.0	0.0	0.0	0.0	0.0	0.0	0.0	0.0	0.0	0.0	0.0	0.0	0.0	0.0	0.0	0.0	0.0	0.0	0.0	0.0	0.0	0.0	0.0	0.0	0.0	0.0	0.0	0.0	0.0	0.0	0.0	0.0	0.0	0.0	0.0	0.0	0.0	
0.73162  300.0  400.0  0.0001	6e-05	0.00014	0.00016	0.00014	0.00062	0.00068	0.00092	0.0017	0.01428	0.12718	0.09616	0.07386	0.0546	0.03818	0.00114	0.0	0.0	0.0	0.0	0.0	0.0	0.0	0.0	0.0	0.0	0.0	0.0	0.0	0.0	0.0	0.0	0.0	0.0	0.0	0.0	0.0	0.0	0.0	0.0	0.0	0.0	0.0	0.0	0.0	0.0	0.0	0.0	0.0	0.0	0.0	0.0	0.0	0.0	0.0	0.0	0.0	0.0	0.0	0.0	0.0	0.0	0.0	0.0	0.0	0.0	0.0	0.0	0.0	0.0	0.0	0.0	0.0	0.0	0.0	0.0	0.0	0.0	0.0	0.0	0.0	0.0	0.0	0.0	0.0	0.0	0.0	0.0	0.0	0.0	0.0	0.0	0.0	0.0	0.0	0.0	0.0	0.0	0.0	
0.18677  400.0  500.0  6e-05	2e-05	2e-05	8e-05	8e-05	0.00016	0.00028	0.00022	0.0006	0.00034	0.00062	0.00114	0.0012	0.00216	0.0146	0.1228	0.09876	0.07728	0.0608	0.04512	0.00186	0.0	0.0	0.0	0.0	0.0	0.0	0.0	0.0	0.0	0.0	0.0	0.0	0.0	0.0	0.0	0.0	0.0	0.0	0.0	0.0	0.0	0.0	0.0	0.0	0.0	0.0	0.0	0.0	0.0	0.0	0.0	0.0	0.0	0.0	0.0	0.0	0.0	0.0	0.0	0.0	0.0	0.0	0.0	0.0	0.0	0.0	0.0	0.0	0.0	0.0	0.0	0.0	0.0	0.0	0.0	0.0	0.0	0.0	0.0	0.0	0.0	0.0	0.0	0.0	0.0	0.0	0.0	0.0	0.0	0.0	0.0	0.0	0.0	0.0	0.0	0.0	0.0	0.0	
0.06142  500.0  600.0  2e-05	8e-05	0.0	0.0	8e-05	0.00012	0.00014	0.00016	0.0002	0.00018	0.00028	0.00034	0.00048	0.0005	0.00064	0.00076	0.00084	0.00154	0.0022	0.01592	0.11652	0.09572	0.0789	0.06396	0.04734	0.00188	0.0	0.0	0.0	0.0	0.0	0.0	0.0	0.0	0.0	0.0	0.0	0.0	0.0	0.0	0.0	0.0	0.0	0.0	0.0	0.0	0.0	0.0	0.0	0.0	0.0	0.0	0.0	0.0	0.0	0.0	0.0	0.0	0.0	0.0	0.0	0.0	0.0	0.0	0.0	0.0	0.0	0.0	0.0	0.0	0.0	0.0	0.0	0.0	0.0	0.0	0.0	0.0	0.0	0.0	0.0	0.0	0.0	0.0	0.0	0.0	0.0	0.0	0.0	0.0	0.0	0.0	0.0	0.0	0.0	0.0	0.0	0.0	0.0	
0.024  600.0  700.0  2e-05	6e-05	0.0	4e-05	6e-05	8e-05	0.00012	2e-05	0.00026	0.0001	0.00022	0.00018	0.00014	0.0003	0.00024	0.0003	0.00038	0.00018	0.00056	0.0008	0.00096	0.00124	0.0017	0.00252	0.01634	0.16256	0.1255	0.0935	0.02454	0.0	0.0	0.0	0.0	0.0	0.0	0.0	0.0	0.0	0.0	0.0	0.0	0.0	0.0	0.0	0.0	0.0	0.0	0.0	0.0	0.0	0.0	0.0	0.0	0.0	0.0	0.0	0.0	0.0	0.0	0.0	0.0	0.0	0.0	0.0	0.0	0.0	0.0	0.0	0.0	0.0	0.0	0.0	0.0	0.0	0.0	0.0	0.0	0.0	0.0	0.0	0.0	0.0	0.0	0.0	0.0	0.0	0.0	0.0	0.0	0.0	0.0	0.0	0.0	0.0	0.0	0.0	0.0	0.0	0.0	
0.00997  700.0  800.0  2e-05	2e-05	2e-05	0.0	0.0	2e-05	2e-05	6e-05	0.0001	0.00016	6e-05	0.0001	0.00016	0.00032	0.0001	0.00026	0.0002	0.00018	0.00026	0.00026	0.00048	0.00044	0.0005	0.00074	0.00046	0.00138	0.00184	0.00646	0.12052	0.1394	0.10472	0.0525	0.0	0.0	0.0	0.0	0.0	0.0	0.0	0.0	0.0	0.0	0.0	0.0	0.0	0.0	0.0	0.0	0.0	0.0	0.0	0.0	0.0	0.0	0.0	0.0	0.0	0.0	0.0	0.0	0.0	0.0	0.0	0.0	0.0	0.0	0.0	0.0	0.0	0.0	0.0	0.0	0.0	0.0	0.0	0.0	0.0	0.0	0.0	0.0	0.0	0.0	0.0	0.0	0.0	0.0	0.0	0.0	0.0	0.0	0.0	0.0	0.0	0.0	0.0	0.0	0.0	0.0	0.0	
0.00463  800.0  900.0  0.0	0.0	2e-05	4e-05	2e-05	0.0	0.0001	6e-05	8e-05	6e-05	0.00012	0.00012	8e-05	0.00016	0.00012	0.00014	0.0001	0.0002	0.00014	0.00024	0.0004	0.00036	0.00022	0.00046	0.00056	0.00066	0.0006	0.00112	0.00144	0.00182	0.00526	0.0666	0.1432	0.11498	0.08442	0.00334	0.0	0.0	0.0	0.0	0.0	0.0	0.0	0.0	0.0	0.0	0.0	0.0	0.0	0.0	0.0	0.0	0.0	0.0	0.0	0.0	0.0	0.0	0.0	0.0	0.0	0.0	0.0	0.0	0.0	0.0	0.0	0.0	0.0	0.0	0.0	0.0	0.0	0.0	0.0	0.0	0.0	0.0	0.0	0.0	0.0	0.0	0.0	0.0	0.0	0.0	0.0	0.0	0.0	0.0	0.0	0.0	0.0	0.0	0.0	0.0	0.0	0.0	0.0	
0.00236  900.0  1000.0  0.0	0.0	2e-05	0.0	0.0	0.0	2e-05	6e-05	8e-05	0.0	8e-05	8e-05	0.00014	8e-05	0.00014	0.0001	0.00016	8e-05	8e-05	0.00018	0.00034	0.00012	0.00018	0.00024	0.00026	0.00042	0.0004	0.00054	0.0006	0.001	0.00088	0.00102	0.00156	0.00386	0.01918	0.2311	0.15944	0.00306	0.0	0.0	0.0	0.0	0.0	0.0	0.0	0.0	0.0	0.0	0.0	0.0	0.0	0.0	0.0	0.0	0.0	0.0	0.0	0.0	0.0	0.0	0.0	0.0	0.0	0.0	0.0	0.0	0.0	0.0	0.0	0.0	0.0	0.0	0.0	0.0	0.0	0.0	0.0	0.0	0.0	0.0	0.0	0.0	0.0	0.0	0.0	0.0	0.0	0.0	0.0	0.0	0.0	0.0	0.0	0.0	0.0	0.0	0.0	0.0	0.0	
0.0019  1000.0  1200.0  0.0	0.0	0.0	0.0	0.0	0.0	0.0	2e-05	4e-05	0.0	6e-05	4e-05	8e-05	0.00012	4e-05	0.00012	0.0001	8e-05	8e-05	6e-05	0.00024	0.00016	8e-05	0.00014	0.00014	0.0002	0.0003	0.00032	0.00046	0.00026	0.00052	0.00042	0.00062	0.00088	0.00086	0.00252	0.0165	0.14856	0.11168	0.0805	0.05584	0.00112	0.0	0.0	0.0	0.0	0.0	0.0	0.0	0.0	0.0	0.0	0.0	0.0	0.0	0.0	0.0	0.0	0.0	0.0	0.0	0.0	0.0	0.0	0.0	0.0	0.0	0.0	0.0	0.0	0.0	0.0	0.0	0.0	0.0	0.0	0.0	0.0	0.0	0.0	0.0	0.0	0.0	0.0	0.0	0.0	0.0	0.0	0.0	0.0	0.0	0.0	0.0	0.0	0.0	0.0	0.0	0.0	0.0	
0.00061  1200.0  1400.0  0.0	0.0	0.0	0.0	0.0	0.0	0.0	0.0	2e-05	2e-05	2e-05	4e-05	2e-05	6e-05	2e-05	8e-05	4e-05	0.0001	8e-05	4e-05	0.0001	4e-05	0.00014	6e-05	0.00012	0.00026	0.00016	0.00022	0.00022	0.0002	0.00024	0.00018	0.00034	0.00028	0.00032	0.00068	0.0007	0.00088	0.00158	0.0024	0.01612	0.1365	0.12676	0.08976	0.03224	0.0	0.0	0.0	0.0	0.0	0.0	0.0	0.0	0.0	0.0	0.0	0.0	0.0	0.0	0.0	0.0	0.0	0.0	0.0	0.0	0.0	0.0	0.0	0.0	0.0	0.0	0.0	0.0	0.0	0.0	0.0	0.0	0.0	0.0	0.0	0.0	0.0	0.0	0.0	0.0	0.0	0.0	0.0	0.0	0.0	0.0	0.0	0.0	0.0	0.0	0.0	0.0	0.0	0.0	
0.00022  1400.0  1600.0  0.0	0.0	2e-05	2e-05	0.0	0.0	0.0	2e-05	0.0	2e-05	2e-05	6e-05	6e-05	4e-05	6e-05	0.0001	4e-05	2e-05	0.00012	0.0	4e-05	6e-05	4e-05	6e-05	6e-05	0.00014	0.00018	8e-05	0.00024	8e-05	0.00012	0.00026	8e-05	0.0002	0.00022	0.0003	0.00036	0.00044	0.00066	0.00072	0.00104	0.00124	0.0017	0.00564	0.09492	0.13698	0.10206	0.06076	0.0	0.0	0.0	0.0	0.0	0.0	0.0	0.0	0.0	0.0	0.0	0.0	0.0	0.0	0.0	0.0	0.0	0.0	0.0	0.0	0.0	0.0	0.0	0.0	0.0	0.0	0.0	0.0	0.0	0.0	0.0	0.0	0.0	0.0	0.0	0.0	0.0	0.0	0.0	0.0	0.0	0.0	0.0	0.0	0.0	0.0	0.0	0.0	0.0	0.0	0.0	
9e-05  1600.0  1800.0  0.0	4e-05	0.0	0.0	2e-05	2e-05	0.0	0.0	0.0	0.0	0.0	0.0	0.0	2e-05	2e-05	2e-05	2e-05	4e-05	0.0001	2e-05	8e-05	6e-05	0.0001	4e-05	8e-05	8e-05	8e-05	0.00012	8e-05	6e-05	6e-05	4e-05	0.00016	0.0001	0.00012	0.00016	0.00016	0.00022	0.00034	0.00034	0.0005	0.00054	0.00076	0.0008	0.00122	0.00146	0.00364	0.04196	0.16962	0.12242	0.06378	0.0	0.0	0.0	0.0	0.0	0.0	0.0	0.0	0.0	0.0	0.0	0.0	0.0	0.0	0.0	0.0	0.0	0.0	0.0	0.0	0.0	0.0	0.0	0.0	0.0	0.0	0.0	0.0	0.0	0.0	0.0	0.0	0.0	0.0	0.0	0.0	0.0	0.0	0.0	0.0	0.0	0.0	0.0	0.0	0.0	0.0	0.0	0.0	
4e-05  1800.0  2000.0  0.0	0.0	0.0	2e-05	0.0	0.0	2e-05	2e-05	0.0	2e-05	0.0	4e-05	2e-05	2e-05	0.0	2e-05	0.0	4e-05	4e-05	2e-05	6e-05	6e-05	0.0	4e-05	2e-05	6e-05	2e-05	0.0	6e-05	0.0001	8e-05	8e-05	6e-05	0.00016	2e-05	0.00014	0.00022	0.00014	0.00036	0.00026	0.00044	0.00036	0.00046	0.00046	0.00042	0.00082	0.00098	0.00138	0.00158	0.00436	0.0703	0.1596	0.13168	0.0358	0.0	0.0	0.0	0.0	0.0	0.0	0.0	0.0	0.0	0.0	0.0	0.0	0.0	0.0	0.0	0.0	0.0	0.0	0.0	0.0	0.0	0.0	0.0	0.0	0.0	0.0	0.0	0.0	0.0	0.0	0.0	0.0	0.0	0.0	0.0	0.0	0.0	0.0	0.0	0.0	0.0	0.0	0.0	0.0	0.0	
2e-05  2000.0  2250.0  0.0	0.0	0.0	0.0	0.0	0.0	0.0	0.0	0.0	0.0	0.0	2e-05	2e-05	2e-05	0.0	2e-05	0.0	2e-05	4e-05	4e-05	0.0	8e-05	2e-05	4e-05	2e-05	6e-05	6e-05	2e-05	0.0001	6e-05	6e-05	0.0001	0.0001	4e-05	6e-05	0.0001	0.00012	0.0001	6e-05	8e-05	0.00026	0.00026	0.00034	0.00038	0.00042	0.00028	0.00062	0.00066	0.0008	0.001	0.00148	0.00202	0.00686	0.12026	0.13854	0.09824	0.03682	0.0	0.0	0.0	0.0	0.0	0.0	0.0	0.0	0.0	0.0	0.0	0.0	0.0	0.0	0.0	0.0	0.0	0.0	0.0	0.0	0.0	0.0	0.0	0.0	0.0	0.0	0.0	0.0	0.0	0.0	0.0	0.0	0.0	0.0	0.0	0.0	0.0	0.0	0.0	0.0	0.0	0.0	
1e-05  2250.0  2500.0  0.0	0.0	0.0	0.0	0.0	2e-05	2e-05	0.0	2e-05	0.0	2e-05	0.0	2e-05	2e-05	0.0	2e-05	2e-05	8e-05	4e-05	6e-05	2e-05	2e-05	2e-05	6e-05	4e-05	4e-05	6e-05	2e-05	4e-05	0.0001	8e-05	0.0001	4e-05	0.0001	8e-05	4e-05	0.0001	0.0001	0.00012	0.00024	0.00026	0.00012	0.00016	0.00018	0.00016	0.00034	0.0002	0.00034	0.00044	0.00056	0.00068	0.00086	0.00068	0.00134	0.00166	0.00678	0.09942	0.14302	0.1059	0.04794	0.0	0.0	0.0	0.0	0.0	0.0	0.0	0.0	0.0	0.0	0.0	0.0	0.0	0.0	0.0	0.0	0.0	0.0	0.0	0.0	0.0	0.0	0.0	0.0	0.0	0.0	0.0	0.0	0.0	0.0	0.0	0.0	0.0	0.0	0.0	0.0	0.0	0.0	0.0	
0.0  2500.0  2750.0  0.0	0.0	0.0	2e-05	0.0	2e-05	2e-05	0.0	0.0	4e-05	2e-05	0.0	2e-05	2e-05	0.0	0.0	4e-05	0.0	0.0	2e-05	2e-05	0.0	4e-05	0.0	0.0	2e-05	6e-05	8e-05	4e-05	2e-05	4e-05	4e-05	2e-05	6e-05	0.0	0.0001	6e-05	4e-05	0.00014	0.00016	0.0001	8e-05	0.00016	0.0002	0.00012	0.00016	0.00026	0.00036	0.00034	0.0004	0.00026	0.00028	0.00054	0.00064	0.00076	0.00074	0.00154	0.00224	0.00626	0.07856	0.1455	0.11276	0.06144	0.0	0.0	0.0	0.0	0.0	0.0	0.0	0.0	0.0	0.0	0.0	0.0	0.0	0.0	0.0	0.0	0.0	0.0	0.0	0.0	0.0	0.0	0.0	0.0	0.0	0.0	0.0	0.0	0.0	0.0	0.0	0.0	0.0	0.0	0.0	0.0	
0.0  2750.0  3000.0  2e-05	0.0	0.0	0.0	2e-05	0.0	0.0	0.0	4e-05	0.0	2e-05	2e-05	4e-05	2e-05	0.0	0.0	0.0	0.0	6e-05	0.0	8e-05	2e-05	2e-05	0.0	4e-05	4e-05	4e-05	6e-05	6e-05	2e-05	2e-05	6e-05	4e-05	8e-05	4e-05	6e-05	0.0001	4e-05	8e-05	2e-05	0.00012	0.00014	6e-05	0.00022	0.00024	0.00014	0.00016	0.0002	0.00014	0.00028	0.00046	0.00028	0.00026	0.0005	0.00036	0.00076	0.00062	0.00082	0.00088	0.00144	0.002	0.00638	0.05784	0.1524	0.11778	0.07404	0.00016	0.0	0.0	0.0	0.0	0.0	0.0	0.0	0.0	0.0	0.0	0.0	0.0	0.0	0.0	0.0	0.0	0.0	0.0	0.0	0.0	0.0	0.0	0.0	0.0	0.0	0.0	0.0	0.0	0.0	0.0	0.0	0.0	
0.0  3000.0  3500.0  0.0	0.0	0.0	0.0	0.0	0.0	2e-05	0.0	0.0	2e-05	0.0	0.0	2e-05	0.0	0.0	2e-05	0.0	2e-05	0.0	2e-05	0.0	0.0	4e-05	0.0	0.0	2e-05	2e-05	0.0	4e-05	4e-05	8e-05	2e-05	8e-05	4e-05	2e-05	2e-05	2e-05	2e-05	8e-05	0.0001	8e-05	2e-05	8e-05	6e-05	0.00012	0.0001	0.00012	0.00014	0.00012	0.00018	0.00014	0.00016	0.00014	0.00028	0.0004	0.0004	0.00032	0.00042	0.00048	0.00088	0.00078	0.0009	0.00088	0.0017	0.00426	0.02658	0.10958	0.08558	0.06484	0.05024	0.0406	0.02944	0.00256	0.0	0.0	0.0	0.0	0.0	0.0	0.0	0.0	0.0	0.0	0.0	0.0	0.0	0.0	0.0	0.0	0.0	0.0	0.0	0.0	0.0	0.0	0.0	0.0	0.0	0.0	
0.0  3500.0  4000.0  0.0	0.0	0.0	0.0	0.0	2e-05	0.0	0.0	0.0	0.0	0.0	2e-05	0.0	0.0	0.0	0.0	0.0	0.0	0.0	2e-05	0.0	6e-05	2e-05	2e-05	4e-05	0.0	2e-05	4e-05	0.0	2e-05	4e-05	2e-05	2e-05	2e-05	2e-05	6e-05	2e-05	6e-05	0.0001	0.0	6e-05	0.0	2e-05	0.00016	8e-05	4e-05	0.0001	4e-05	8e-05	0.0001	0.00012	0.00018	0.00014	0.00026	6e-05	0.00022	0.00026	0.0001	0.00042	0.00046	0.00032	0.00044	0.00048	0.00052	0.00046	0.00074	0.00064	0.00092	0.0013	0.00186	0.00374	0.01016	0.09926	0.08728	0.06976	0.05622	0.04538	0.03298	0.00946	0.0	0.0	0.0	0.0	0.0	0.0	0.0	0.0	0.0	0.0	0.0	0.0	0.0	0.0	0.0	0.0	0.0	0.0	0.0	0.0	
0.0  4000.0  15000.0  0.0	0.0	0.0	0.0	0.0	0.0	0.0	4e-05	2e-05	0.0	0.0	2e-05	0.0	0.0	0.0	0.0	0.0	0.0	0.0	4e-05	0.0	0.0	0.0	2e-05	0.0	4e-05	2e-05	2e-05	0.0	2e-05	0.0	2e-05	2e-05	2e-05	4e-05	4e-05	4e-05	6e-05	2e-05	2e-05	4e-05	4e-05	0.0	0.0001	4e-05	0.00012	2e-05	0.00012	8e-05	0.0001	0.00012	0.00016	6e-05	0.0001	0.00014	0.00016	0.00014	0.00016	0.00012	0.00014	0.00012	2e-05	0.00028	0.00018	0.0002	0.0002	0.00032	0.00022	0.00032	0.00038	0.00042	0.00038	0.0007	0.00078	0.00094	0.00158	0.00286	0.00586	0.07448	0.08024	0.06138	0.04772	0.03506	0.02584	0.02014	0.01534	0.0119	0.00874	0.00652	0.00498	0.00374	0.003	0.00268	0.00198	0.00124	0.00112	0.00084	0.00054	0.00042	
