#===============
# Ref : 1903.06248
# Experiment : ATLAS
# ll~ : ee
# qq~ : cc~
# FF  : vector
# XY  :  LL LR RL RR
# coef : 00
# type : A*A
# Nevs : 50000
#===============
#
# XSEC	BIN_MIN	BIN_MAX 	 Kij 
# 225.0 232.51 240.271 248.291 256.579 265.143 273.994 283.139 292.59 302.357 312.449 322.878 333.656 344.793 356.302 368.195 380.485 393.185 406.309 419.872 433.887 448.369 463.336 478.801 494.783 511.299 528.365 546.002 564.227 583.06 602.522 622.634 643.417 664.894 687.087 710.022 733.722 758.213 783.521 809.674 836.7 864.629 893.489 923.313 954.133 985.981 1018.89 1052.9 1088.05 1124.36 1161.9 1200.68 1240.76 1282.17 1324.97 1369.2 1414.9 1462.13 1510.93 1561.36 1613.48 1667.34 1722.99 1780.5 1839.94 1901.35 1964.82 2030.4 2098.17 2168.21 2240.58 2315.37 2392.65 2472.52 2555.05 2640.34 2728.47 2819.54 2913.66 3010.91 3111.41 3215.27 3322.59 3433.5 3548.1 3666.54 3788.92 3915.39 4046.09 4181.14 4320.7 4464.92 4613.96 4767.97 4927.12 5091.58 5261.54 5437.16 5618.6 10000.0 
78.282  200.0  300.0  0.03436	0.03102	0.0276	0.02472	0.02108	0.01888	0.0173	0.01484	0.01016	0.0001	0.0	0.0	0.0	0.0	0.0	0.0	0.0	0.0	0.0	0.0	0.0	0.0	0.0	0.0	0.0	0.0	0.0	0.0	0.0	0.0	0.0	0.0	0.0	0.0	0.0	0.0	0.0	0.0	0.0	0.0	0.0	0.0	0.0	0.0	0.0	0.0	0.0	0.0	0.0	0.0	0.0	0.0	0.0	0.0	0.0	0.0	0.0	0.0	0.0	0.0	0.0	0.0	0.0	0.0	0.0	0.0	0.0	0.0	0.0	0.0	0.0	0.0	0.0	0.0	0.0	0.0	0.0	0.0	0.0	0.0	0.0	0.0	0.0	0.0	0.0	0.0	0.0	0.0	0.0	0.0	0.0	0.0	0.0	0.0	0.0	0.0	0.0	0.0	0.0	
13.7488  300.0  400.0  0.0003	0.00032	0.0003	0.00044	0.00044	0.0009	0.0011	0.00252	0.0232	0.07024	0.06056	0.05242	0.04818	0.04276	0.03502	0.03162	0.02626	0.01138	0.0	0.0	0.0	0.0	0.0	0.0	0.0	0.0	0.0	0.0	0.0	0.0	0.0	0.0	0.0	0.0	0.0	0.0	0.0	0.0	0.0	0.0	0.0	0.0	0.0	0.0	0.0	0.0	0.0	0.0	0.0	0.0	0.0	0.0	0.0	0.0	0.0	0.0	0.0	0.0	0.0	0.0	0.0	0.0	0.0	0.0	0.0	0.0	0.0	0.0	0.0	0.0	0.0	0.0	0.0	0.0	0.0	0.0	0.0	0.0	0.0	0.0	0.0	0.0	0.0	0.0	0.0	0.0	0.0	0.0	0.0	0.0	0.0	0.0	0.0	0.0	0.0	0.0	0.0	0.0	0.0	
3.602  400.0  500.0  0.00018	0.00012	0.00018	0.00014	0.00014	0.00014	0.00018	0.00018	0.00042	0.00038	0.00036	0.00056	0.0007	0.00058	0.0008	0.00144	0.004	0.04844	0.08228	0.07234	0.06396	0.0526	0.0462	0.04068	0.00986	0.0	0.0	0.0	0.0	0.0	0.0	0.0	0.0	0.0	0.0	0.0	0.0	0.0	0.0	0.0	0.0	0.0	0.0	0.0	0.0	0.0	0.0	0.0	0.0	0.0	0.0	0.0	0.0	0.0	0.0	0.0	0.0	0.0	0.0	0.0	0.0	0.0	0.0	0.0	0.0	0.0	0.0	0.0	0.0	0.0	0.0	0.0	0.0	0.0	0.0	0.0	0.0	0.0	0.0	0.0	0.0	0.0	0.0	0.0	0.0	0.0	0.0	0.0	0.0	0.0	0.0	0.0	0.0	0.0	0.0	0.0	0.0	0.0	0.0	
1.1922  500.0  600.0  6e-05	6e-05	4e-05	4e-05	0.0001	0.0001	0.0001	4e-05	0.00018	0.00018	0.00018	0.00024	0.00024	0.00018	0.00028	0.0004	0.00054	0.00052	0.00064	0.00086	0.0007	0.0012	0.00174	0.00606	0.07496	0.09152	0.07834	0.06956	0.05902	0.0414	0.0004	0.0	0.0	0.0	0.0	0.0	0.0	0.0	0.0	0.0	0.0	0.0	0.0	0.0	0.0	0.0	0.0	0.0	0.0	0.0	0.0	0.0	0.0	0.0	0.0	0.0	0.0	0.0	0.0	0.0	0.0	0.0	0.0	0.0	0.0	0.0	0.0	0.0	0.0	0.0	0.0	0.0	0.0	0.0	0.0	0.0	0.0	0.0	0.0	0.0	0.0	0.0	0.0	0.0	0.0	0.0	0.0	0.0	0.0	0.0	0.0	0.0	0.0	0.0	0.0	0.0	0.0	0.0	0.0	
0.4613  600.0  700.0  2e-05	0.0	2e-05	4e-05	6e-05	0.0001	6e-05	6e-05	0.0001	6e-05	8e-05	0.0001	0.00026	0.00012	0.00012	0.00014	0.00018	0.00026	0.00014	0.0002	0.00036	0.00048	0.00044	0.00036	0.00072	0.00088	0.00086	0.00142	0.00372	0.02716	0.11646	0.0976	0.0836	0.06744	0.03084	0.0	0.0	0.0	0.0	0.0	0.0	0.0	0.0	0.0	0.0	0.0	0.0	0.0	0.0	0.0	0.0	0.0	0.0	0.0	0.0	0.0	0.0	0.0	0.0	0.0	0.0	0.0	0.0	0.0	0.0	0.0	0.0	0.0	0.0	0.0	0.0	0.0	0.0	0.0	0.0	0.0	0.0	0.0	0.0	0.0	0.0	0.0	0.0	0.0	0.0	0.0	0.0	0.0	0.0	0.0	0.0	0.0	0.0	0.0	0.0	0.0	0.0	0.0	0.0	
0.19914  700.0  800.0  4e-05	2e-05	6e-05	6e-05	8e-05	2e-05	6e-05	4e-05	0.0001	8e-05	4e-05	0.0001	0.0001	0.00012	0.00012	0.00012	8e-05	0.0001	0.00014	0.00018	0.00024	0.00016	0.00014	0.0002	0.0003	0.00046	0.00052	0.00054	0.00056	0.00078	0.00088	0.00136	0.00146	0.00472	0.06544	0.12002	0.10174	0.08302	0.04234	0.0	0.0	0.0	0.0	0.0	0.0	0.0	0.0	0.0	0.0	0.0	0.0	0.0	0.0	0.0	0.0	0.0	0.0	0.0	0.0	0.0	0.0	0.0	0.0	0.0	0.0	0.0	0.0	0.0	0.0	0.0	0.0	0.0	0.0	0.0	0.0	0.0	0.0	0.0	0.0	0.0	0.0	0.0	0.0	0.0	0.0	0.0	0.0	0.0	0.0	0.0	0.0	0.0	0.0	0.0	0.0	0.0	0.0	0.0	0.0	
0.093534  800.0  900.0  0.0	0.0	4e-05	4e-05	2e-05	6e-05	4e-05	4e-05	2e-05	4e-05	6e-05	6e-05	0.00012	6e-05	8e-05	4e-05	8e-05	0.0001	0.0001	0.00014	0.0001	0.00012	0.00014	0.00026	0.00026	0.0002	0.00034	0.00026	0.0004	0.00032	0.00046	0.00056	0.00044	0.00072	0.00074	0.00116	0.0017	0.00552	0.06564	0.13028	0.11028	0.09102	0.01556	0.0	2e-05	0.0	0.0	0.0	0.0	0.0	0.0	0.0	0.0	0.0	0.0	0.0	0.0	0.0	0.0	0.0	0.0	0.0	0.0	0.0	0.0	0.0	0.0	0.0	0.0	0.0	0.0	0.0	0.0	0.0	0.0	0.0	0.0	0.0	0.0	0.0	0.0	0.0	0.0	0.0	0.0	0.0	0.0	0.0	0.0	0.0	0.0	0.0	0.0	0.0	0.0	0.0	0.0	0.0	0.0	
0.04688  900.0  1000.0  0.0	0.0	0.0	2e-05	2e-05	0.0	2e-05	8e-05	2e-05	4e-05	6e-05	6e-05	6e-05	8e-05	4e-05	0.0	4e-05	0.00014	4e-05	8e-05	6e-05	0.0001	0.0001	0.0002	0.00014	0.00014	0.00012	0.0002	0.00026	0.00028	0.0003	0.00016	0.00026	0.00048	0.00052	0.00048	0.00064	0.00106	0.00096	0.0013	0.00268	0.00928	0.12598	0.13366	0.10688	0.03778	0.0	0.0	0.0	0.0	0.0	0.0	0.0	0.0	0.0	0.0	0.0	0.0	0.0	0.0	0.0	0.0	0.0	0.0	0.0	0.0	0.0	0.0	0.0	0.0	0.0	0.0	0.0	0.0	0.0	0.0	0.0	0.0	0.0	0.0	0.0	0.0	0.0	0.0	0.0	0.0	0.0	0.0	0.0	0.0	0.0	0.0	0.0	0.0	0.0	0.0	0.0	0.0	0.0	
0.038386  1000.0  1200.0  0.0	0.0	2e-05	6e-05	2e-05	2e-05	2e-05	2e-05	4e-05	4e-05	4e-05	2e-05	6e-05	4e-05	0.0	2e-05	4e-05	0.00012	0.0001	0.00012	8e-05	0.00014	8e-05	2e-05	8e-05	0.00012	8e-05	4e-05	0.00012	0.00018	0.0003	0.0001	0.00018	0.00024	0.00034	0.00042	0.0005	0.00042	0.0006	0.00056	0.00058	0.00092	0.00118	0.0017	0.0051	0.06822	0.09492	0.08022	0.06696	0.05388	0.03844	0.00088	0.0	0.0	0.0	0.0	0.0	0.0	0.0	0.0	0.0	0.0	0.0	0.0	0.0	0.0	0.0	0.0	0.0	0.0	0.0	0.0	0.0	0.0	0.0	0.0	0.0	0.0	0.0	0.0	0.0	0.0	0.0	0.0	0.0	0.0	0.0	0.0	0.0	0.0	0.0	0.0	0.0	0.0	0.0	0.0	0.0	0.0	0.0	
0.012438  1200.0  1400.0  4e-05	2e-05	0.0	0.0	0.0	0.0	0.0	2e-05	0.0	0.0	0.0	2e-05	6e-05	2e-05	2e-05	6e-05	4e-05	6e-05	0.0	4e-05	8e-05	6e-05	2e-05	0.00014	0.0001	6e-05	4e-05	0.0001	8e-05	0.00012	0.00012	0.0001	0.00018	0.00014	0.00012	0.0002	0.00018	0.0002	6e-05	0.00016	0.00022	0.00028	0.00036	0.00032	0.00054	0.00064	0.00072	0.00084	0.00138	0.0032	0.01602	0.1142	0.09662	0.07976	0.06534	0.0342	0.0	0.0	0.0	0.0	0.0	0.0	0.0	0.0	0.0	0.0	0.0	0.0	0.0	0.0	0.0	0.0	0.0	0.0	0.0	0.0	0.0	0.0	0.0	0.0	0.0	0.0	0.0	0.0	0.0	0.0	0.0	0.0	0.0	0.0	0.0	0.0	0.0	0.0	0.0	0.0	0.0	0.0	0.0	
0.004529  1400.0  1600.0  0.0	0.0	0.0	4e-05	4e-05	2e-05	2e-05	0.0	0.0	0.0	2e-05	0.0	6e-05	0.0	0.0	4e-05	2e-05	4e-05	8e-05	4e-05	6e-05	2e-05	0.0	4e-05	4e-05	6e-05	4e-05	6e-05	2e-05	4e-05	6e-05	8e-05	4e-05	6e-05	0.00014	8e-05	0.0002	4e-05	0.0001	0.00016	0.00014	0.0002	0.00022	0.00032	0.00024	0.00022	0.0003	0.00042	0.00048	0.0006	0.0006	0.00114	0.0014	0.00166	0.00452	0.05428	0.11954	0.0954	0.07898	0.0464	0.0	0.0	0.0	0.0	0.0	0.0	0.0	0.0	0.0	0.0	0.0	0.0	0.0	0.0	0.0	0.0	0.0	0.0	0.0	0.0	0.0	0.0	0.0	0.0	0.0	0.0	0.0	0.0	0.0	0.0	0.0	0.0	0.0	0.0	0.0	0.0	0.0	0.0	0.0	
0.001804  1600.0  1800.0  0.0	0.0	2e-05	4e-05	4e-05	2e-05	2e-05	0.0	0.0	4e-05	0.0	0.0	0.0	0.0	0.0	0.0	2e-05	2e-05	4e-05	4e-05	4e-05	6e-05	4e-05	2e-05	2e-05	6e-05	6e-05	6e-05	2e-05	0.0001	0.00014	4e-05	8e-05	8e-05	2e-05	8e-05	6e-05	0.0001	2e-05	0.0	0.00014	0.00012	0.00028	8e-05	0.00016	0.00018	0.00018	0.00036	0.00018	0.00032	0.00036	0.00044	0.00048	0.00052	0.00058	0.00058	0.0011	0.00184	0.0041	0.04922	0.13082	0.10616	0.08486	0.02214	0.0	0.0	0.0	0.0	0.0	0.0	0.0	0.0	0.0	0.0	0.0	0.0	0.0	0.0	0.0	0.0	0.0	0.0	0.0	0.0	0.0	0.0	0.0	0.0	0.0	0.0	0.0	0.0	0.0	0.0	0.0	0.0	0.0	0.0	0.0	
0.00077  1800.0  2000.0  0.0	2e-05	0.0	0.0	0.0	2e-05	0.0	0.0	0.0	2e-05	0.0	0.0	0.0	2e-05	0.0	0.0	0.0	4e-05	0.0	2e-05	0.0	2e-05	4e-05	0.0	8e-05	4e-05	2e-05	2e-05	6e-05	2e-05	4e-05	6e-05	6e-05	8e-05	8e-05	4e-05	0.0	4e-05	6e-05	8e-05	0.00012	2e-05	0.00014	6e-05	6e-05	0.00022	0.0001	0.00014	0.00016	0.00032	0.00016	0.00034	0.00028	0.00026	0.00028	0.00042	0.00036	0.00056	0.00124	0.00128	0.00106	0.00228	0.008	0.11354	0.12936	0.10122	0.04456	0.0	0.0	0.0	0.0	0.0	0.0	0.0	0.0	0.0	0.0	0.0	0.0	0.0	0.0	0.0	0.0	0.0	0.0	0.0	0.0	0.0	0.0	0.0	0.0	0.0	0.0	0.0	0.0	0.0	0.0	0.0	0.0	
0.000401  2000.0  2250.0  0.0	2e-05	0.0	0.0	0.0	0.0	0.0	0.0	0.0	2e-05	2e-05	0.0	0.0	0.0	4e-05	0.0	0.0	4e-05	2e-05	0.0	4e-05	0.0	4e-05	4e-05	2e-05	2e-05	4e-05	2e-05	2e-05	0.0	4e-05	0.0001	4e-05	2e-05	6e-05	4e-05	4e-05	4e-05	8e-05	4e-05	8e-05	0.0001	8e-05	0.0001	4e-05	4e-05	0.0001	4e-05	0.00012	0.00018	0.00018	0.00012	6e-05	0.00012	0.00024	0.00034	0.00034	0.00044	0.0005	0.00054	0.00068	0.0007	0.00108	0.00126	0.00178	0.00572	0.0801	0.12962	0.10062	0.07654	0.00756	0.0	0.0	0.0	0.0	0.0	0.0	0.0	0.0	0.0	0.0	0.0	0.0	0.0	0.0	0.0	0.0	0.0	0.0	0.0	0.0	0.0	0.0	0.0	0.0	0.0	0.0	0.0	0.0	
0.000159  2250.0  2500.0  0.0	0.0	0.0	0.0	0.0	2e-05	0.0	0.0	2e-05	2e-05	0.0	2e-05	0.0	0.0	2e-05	0.0	2e-05	0.0	2e-05	2e-05	4e-05	2e-05	4e-05	0.0	2e-05	2e-05	8e-05	8e-05	0.0	4e-05	4e-05	6e-05	0.0	4e-05	8e-05	4e-05	0.0	2e-05	0.0	6e-05	6e-05	8e-05	0.00012	0.00012	2e-05	0.0001	8e-05	6e-05	6e-05	0.00012	0.00012	0.00016	0.00018	0.00026	0.00014	0.00022	0.00016	0.00028	0.0003	0.00028	0.00032	0.00034	0.0006	0.00038	0.00072	0.00066	0.0011	0.00138	0.00302	0.01098	0.14204	0.12464	0.09672	0.02554	0.0	0.0	0.0	0.0	0.0	0.0	0.0	0.0	0.0	0.0	0.0	0.0	0.0	0.0	0.0	0.0	0.0	0.0	0.0	0.0	0.0	0.0	0.0	0.0	0.0	
6.6e-05  2500.0  2750.0  0.0	0.0	0.0	0.0	0.0	2e-05	0.0	0.0	0.0	0.0	0.0	0.0	0.0	0.0	2e-05	0.0	2e-05	0.0	4e-05	0.0	0.0	2e-05	4e-05	2e-05	4e-05	0.0	0.0	0.0	6e-05	6e-05	4e-05	6e-05	4e-05	4e-05	6e-05	2e-05	4e-05	0.0	4e-05	6e-05	4e-05	6e-05	2e-05	8e-05	8e-05	0.00014	6e-05	4e-05	0.00012	2e-05	4e-05	2e-05	0.0001	0.0001	0.00012	0.0001	0.0001	0.0002	0.0002	0.00014	0.00012	0.00036	0.00044	0.00034	0.00038	0.00044	0.00044	0.00068	0.00084	0.00096	0.0015	0.0023	0.00856	0.1266	0.14358	0.10836	0.0197	0.0	0.0	0.0	0.0	0.0	0.0	0.0	0.0	0.0	0.0	0.0	0.0	0.0	0.0	0.0	0.0	0.0	0.0	0.0	0.0	0.0	0.0	
2.9e-05  2750.0  3000.0  0.0	0.0	0.0	0.0	0.0	0.0	0.0	0.0	0.0	2e-05	0.0	2e-05	0.0	0.0	0.0	0.0	0.0	2e-05	0.0	0.0	0.0	2e-05	0.0	0.0	0.0	0.0	0.0	0.0	4e-05	0.0	2e-05	2e-05	4e-05	2e-05	2e-05	2e-05	0.0	2e-05	2e-05	4e-05	2e-05	4e-05	4e-05	2e-05	6e-05	2e-05	4e-05	2e-05	2e-05	8e-05	0.0001	0.0001	6e-05	6e-05	0.0001	0.00014	6e-05	0.00024	0.00014	4e-05	0.00016	0.00022	0.0002	0.00028	0.00024	0.00024	0.00032	0.00052	0.0005	0.0009	0.00056	0.00102	0.00118	0.00142	0.00304	0.0112	0.14756	0.14888	0.09522	4e-05	0.0	0.0	0.0	0.0	0.0	0.0	0.0	0.0	0.0	0.0	0.0	0.0	0.0	0.0	0.0	0.0	0.0	0.0	0.0	
1.9e-05  3000.0  3500.0  0.0	0.0	0.0	0.0	0.0	0.0	0.0	0.0	0.0	0.0	0.0	2e-05	0.0	0.0	0.0	4e-05	0.0	0.0	0.0	0.0	0.0	0.0	2e-05	6e-05	2e-05	2e-05	0.0	0.0	0.0	2e-05	2e-05	0.0	8e-05	4e-05	4e-05	4e-05	2e-05	4e-05	6e-05	2e-05	8e-05	4e-05	8e-05	4e-05	2e-05	2e-05	0.0	4e-05	6e-05	4e-05	0.0001	6e-05	6e-05	0.0001	0.0	0.0001	0.00012	6e-05	0.00024	0.00018	0.00012	8e-05	8e-05	0.00016	0.00024	0.00024	0.00012	0.00024	0.00028	0.00036	0.00054	0.00048	0.00062	0.00062	0.00084	0.0011	0.00144	0.00366	0.02964	0.13054	0.0984	0.0738	0.05506	0.02314	0.0	0.0	0.0	0.0	0.0	0.0	0.0	0.0	0.0	0.0	0.0	0.0	0.0	0.0	0.0	
4e-06  3500.0  4000.0  0.0	0.0	0.0	2e-05	0.0	0.0	0.0	0.0	0.0	0.0	0.0	0.0	0.0	2e-05	2e-05	0.0	0.0	0.0	0.0	0.0	0.0	0.0	0.0	0.0	0.0	2e-05	0.0	4e-05	2e-05	2e-05	2e-05	4e-05	0.0	2e-05	4e-05	2e-05	0.0	2e-05	4e-05	4e-05	0.0001	0.0	0.0	2e-05	4e-05	2e-05	4e-05	2e-05	6e-05	0.0	8e-05	4e-05	4e-05	8e-05	4e-05	8e-05	2e-05	6e-05	0.0001	8e-05	4e-05	8e-05	0.00014	0.0001	8e-05	0.0	0.0002	6e-05	0.00016	0.00018	0.00014	0.00014	0.00034	0.00038	0.00056	0.00036	0.00044	0.00084	0.0009	0.0008	0.00126	0.00194	0.0059	0.07918	0.13146	0.0961	0.0681	0.03088	0.0	0.0	0.0	0.0	0.0	0.0	0.0	0.0	0.0	0.0	0.0	
1e-06  4000.0  15000.0  0.0	0.0	0.0	0.0	0.0	0.0	0.0	0.0	0.0	0.0	0.0	0.0	0.0	2e-05	0.0	0.0	0.0	0.0	0.0	0.0	0.0	0.0	2e-05	2e-05	0.0	0.0	0.0	0.0	0.0	0.0	2e-05	0.0	4e-05	0.0	4e-05	2e-05	0.0	2e-05	2e-05	4e-05	2e-05	0.0	0.0	4e-05	0.0	8e-05	4e-05	2e-05	4e-05	6e-05	8e-05	4e-05	0.0	6e-05	4e-05	6e-05	0.0001	0.00012	2e-05	4e-05	0.0001	6e-05	6e-05	6e-05	4e-05	8e-05	0.0001	8e-05	0.00012	0.00014	8e-05	0.00014	0.00012	0.00016	0.00014	0.0002	0.00016	0.00022	0.00028	0.0004	0.00052	0.0005	0.0008	0.00066	0.00074	0.00172	0.00466	0.05868	0.10844	0.07598	0.0546	0.03858	0.02628	0.0179	0.0115	0.00772	0.00484	0.00314	0.00504	
