#===============
# Ref : 1903.06248
# Experiment : ATLAS
# ll~ : ee
# qq~ : cc~
# FF  : vector
# XY  :  LL RR
# coef : 00
# type : Z*Z
# Nevs : 50000
#===============
#
# XSEC	BIN_MIN	BIN_MAX 	 Kij 
# 225.0 232.51 240.271 248.291 256.579 265.143 273.994 283.139 292.59 302.357 312.449 322.878 333.656 344.793 356.302 368.195 380.485 393.185 406.309 419.872 433.887 448.369 463.336 478.801 494.783 511.299 528.365 546.002 564.227 583.06 602.522 622.634 643.417 664.894 687.087 710.022 733.722 758.213 783.521 809.674 836.7 864.629 893.489 923.313 954.133 985.981 1018.89 1052.9 1088.05 1124.36 1161.9 1200.68 1240.76 1282.17 1324.97 1369.2 1414.9 1462.13 1510.93 1561.36 1613.48 1667.34 1722.99 1780.5 1839.94 1901.35 1964.82 2030.4 2098.17 2168.21 2240.58 2315.37 2392.65 2472.52 2555.05 2640.34 2728.47 2819.54 2913.66 3010.91 3111.41 3215.27 3322.59 3433.5 3548.1 3666.54 3788.92 3915.39 4046.09 4181.14 4320.7 4464.92 4613.96 4767.97 4927.12 5091.58 5261.54 5437.16 5618.6 10000.0 
0.23994  200.0  300.0  0.03324	0.02882	0.02552	0.02314	0.02062	0.01736	0.01574	0.01352	0.00768	0.0001	0.0	0.0	0.0	0.0	0.0	0.0	0.0	0.0	0.0	0.0	0.0	0.0	0.0	0.0	0.0	0.0	0.0	0.0	0.0	0.0	0.0	0.0	0.0	0.0	0.0	0.0	0.0	0.0	0.0	0.0	0.0	0.0	0.0	0.0	0.0	0.0	0.0	0.0	0.0	0.0	0.0	0.0	0.0	0.0	0.0	0.0	0.0	0.0	0.0	0.0	0.0	0.0	0.0	0.0	0.0	0.0	0.0	0.0	0.0	0.0	0.0	0.0	0.0	0.0	0.0	0.0	0.0	0.0	0.0	0.0	0.0	0.0	0.0	0.0	0.0	0.0	0.0	0.0	0.0	0.0	0.0	0.0	0.0	0.0	0.0	0.0	0.0	0.0	0.0	
0.034802  300.0  400.0  0.0002	0.0003	0.00032	0.0005	0.00062	0.00092	0.00094	0.00292	0.02408	0.06928	0.06172	0.05342	0.04572	0.04146	0.03572	0.02906	0.02704	0.01152	0.0	0.0	0.0	0.0	0.0	0.0	0.0	0.0	0.0	0.0	0.0	0.0	0.0	0.0	0.0	0.0	0.0	0.0	0.0	0.0	0.0	0.0	0.0	0.0	0.0	0.0	0.0	0.0	0.0	0.0	0.0	0.0	0.0	0.0	0.0	0.0	0.0	0.0	0.0	0.0	0.0	0.0	0.0	0.0	0.0	0.0	0.0	0.0	0.0	0.0	0.0	0.0	0.0	0.0	0.0	0.0	0.0	0.0	0.0	0.0	0.0	0.0	0.0	0.0	0.0	0.0	0.0	0.0	0.0	0.0	0.0	0.0	0.0	0.0	0.0	0.0	0.0	0.0	0.0	0.0	0.0	
0.008545  400.0  500.0  0.00014	0.0001	4e-05	0.0002	0.0002	0.00024	0.00032	0.00018	0.00028	0.00038	0.00036	0.00046	0.00078	0.00074	0.00088	0.00162	0.0042	0.0492	0.0809	0.0723	0.06008	0.0533	0.04634	0.03858	0.01088	0.0	0.0	0.0	0.0	0.0	0.0	0.0	0.0	0.0	0.0	0.0	0.0	0.0	0.0	0.0	0.0	0.0	0.0	0.0	0.0	0.0	0.0	0.0	0.0	0.0	0.0	0.0	0.0	0.0	0.0	0.0	0.0	0.0	0.0	0.0	0.0	0.0	0.0	0.0	0.0	0.0	0.0	0.0	0.0	0.0	0.0	0.0	0.0	0.0	0.0	0.0	0.0	0.0	0.0	0.0	0.0	0.0	0.0	0.0	0.0	0.0	0.0	0.0	0.0	0.0	0.0	0.0	0.0	0.0	0.0	0.0	0.0	0.0	0.0	
0.002745  500.0  600.0  8e-05	4e-05	6e-05	4e-05	6e-05	4e-05	0.00014	0.00018	0.0002	0.00026	0.00024	4e-05	0.00026	0.0003	0.00028	0.00034	0.00046	0.00042	0.00064	0.0007	0.00074	0.00118	0.00192	0.00684	0.07614	0.09168	0.07794	0.06938	0.0574	0.04134	0.0004	0.0	0.0	0.0	0.0	0.0	0.0	0.0	0.0	0.0	0.0	0.0	0.0	0.0	0.0	0.0	0.0	0.0	0.0	0.0	0.0	0.0	0.0	0.0	0.0	0.0	0.0	0.0	0.0	0.0	0.0	0.0	0.0	0.0	0.0	0.0	0.0	0.0	0.0	0.0	0.0	0.0	0.0	0.0	0.0	0.0	0.0	0.0	0.0	0.0	0.0	0.0	0.0	0.0	0.0	0.0	0.0	0.0	0.0	0.0	0.0	0.0	0.0	0.0	0.0	0.0	0.0	0.0	0.0	
0.001043  600.0  700.0  2e-05	6e-05	4e-05	0.00016	4e-05	4e-05	2e-05	0.0001	0.00014	0.00012	8e-05	0.00018	0.00012	0.0001	0.00012	0.0001	0.00016	0.00024	0.00018	0.00048	0.0002	0.00044	0.00036	0.00044	0.00078	0.00086	0.00134	0.0013	0.00328	0.0273	0.11128	0.09658	0.0832	0.06778	0.03216	0.0	0.0	0.0	0.0	0.0	0.0	0.0	0.0	0.0	0.0	0.0	0.0	0.0	0.0	0.0	0.0	0.0	0.0	0.0	0.0	0.0	0.0	0.0	0.0	0.0	0.0	0.0	0.0	0.0	0.0	0.0	0.0	0.0	0.0	0.0	0.0	0.0	0.0	0.0	0.0	0.0	0.0	0.0	0.0	0.0	0.0	0.0	0.0	0.0	0.0	0.0	0.0	0.0	0.0	0.0	0.0	0.0	0.0	0.0	0.0	0.0	0.0	0.0	0.0	
0.000446  700.0  800.0  0.0	0.0	0.0001	0.0001	8e-05	0.0001	2e-05	8e-05	0.0001	2e-05	0.0001	6e-05	4e-05	0.0001	2e-05	0.00012	0.00012	0.00018	0.00014	0.00018	0.00024	0.00018	0.0003	0.0003	0.00036	0.00018	0.0004	0.0004	0.00066	0.00096	0.00114	0.00138	0.0019	0.00652	0.06562	0.11882	0.10486	0.08376	0.04302	0.0	0.0	0.0	0.0	0.0	0.0	0.0	0.0	0.0	0.0	0.0	0.0	2e-05	0.0	0.0	0.0	0.0	0.0	0.0	0.0	0.0	0.0	0.0	0.0	0.0	0.0	0.0	0.0	0.0	0.0	0.0	0.0	0.0	0.0	0.0	0.0	0.0	0.0	0.0	0.0	0.0	0.0	0.0	0.0	0.0	0.0	0.0	0.0	0.0	0.0	0.0	0.0	0.0	0.0	0.0	0.0	0.0	0.0	0.0	0.0	
0.000208  800.0  900.0  2e-05	2e-05	4e-05	2e-05	2e-05	4e-05	4e-05	8e-05	0.0	2e-05	0.00012	6e-05	0.0001	8e-05	0.00012	0.00012	0.00014	6e-05	8e-05	0.00014	0.0001	0.00016	6e-05	0.0002	0.00022	0.00016	0.00024	0.00026	0.00036	0.00024	0.00042	0.00046	0.00064	0.00072	0.00078	0.00134	0.00168	0.00544	0.06352	0.1325	0.11092	0.08836	0.01634	0.0	0.0	0.0	0.0	0.0	0.0	0.0	0.0	0.0	0.0	0.0	0.0	0.0	0.0	0.0	0.0	0.0	0.0	0.0	0.0	0.0	0.0	0.0	0.0	0.0	0.0	0.0	0.0	0.0	0.0	0.0	0.0	0.0	0.0	0.0	0.0	0.0	0.0	0.0	0.0	0.0	0.0	0.0	0.0	0.0	0.0	0.0	0.0	0.0	0.0	0.0	0.0	0.0	0.0	0.0	0.0	
0.000104  900.0  1000.0  0.0	0.0	0.0	0.0	2e-05	0.0	4e-05	6e-05	4e-05	0.0	6e-05	2e-05	2e-05	4e-05	6e-05	4e-05	2e-05	0.00012	0.00012	0.0001	6e-05	0.00012	0.00012	0.0001	0.00022	0.00012	0.00028	0.00026	0.00026	0.00024	0.00028	0.0002	0.00038	0.00044	0.00054	0.00074	0.00062	0.0008	0.001	0.00112	0.00228	0.01008	0.12582	0.13168	0.10834	0.03852	0.0	0.0	0.0	0.0	0.0	0.0	0.0	0.0	0.0	0.0	0.0	0.0	0.0	0.0	0.0	0.0	0.0	0.0	0.0	0.0	0.0	0.0	0.0	0.0	0.0	0.0	0.0	0.0	0.0	0.0	0.0	0.0	0.0	0.0	0.0	0.0	0.0	0.0	0.0	0.0	0.0	0.0	0.0	0.0	0.0	0.0	0.0	0.0	0.0	0.0	0.0	0.0	0.0	
8.5e-05  1000.0  1200.0  0.0	0.0	0.0	0.0	2e-05	2e-05	2e-05	0.0	6e-05	4e-05	0.0	0.0001	6e-05	8e-05	2e-05	2e-05	0.0001	6e-05	0.00012	4e-05	6e-05	6e-05	8e-05	4e-05	6e-05	0.0001	2e-05	0.0001	0.00016	0.00024	0.00014	0.0002	0.00024	0.00016	0.00032	0.00024	0.00022	0.00054	0.00044	0.00056	0.00062	0.00082	0.00104	0.00198	0.00514	0.0689	0.09638	0.07672	0.0655	0.054	0.04072	0.00092	0.0	0.0	0.0	0.0	0.0	0.0	0.0	0.0	0.0	0.0	0.0	0.0	0.0	0.0	0.0	0.0	0.0	0.0	0.0	0.0	0.0	0.0	0.0	0.0	0.0	0.0	0.0	0.0	0.0	0.0	0.0	0.0	0.0	0.0	0.0	0.0	0.0	0.0	0.0	0.0	0.0	0.0	0.0	0.0	0.0	0.0	0.0	
2.7e-05  1200.0  1400.0  0.0	4e-05	0.0	0.0	2e-05	4e-05	4e-05	4e-05	0.0	2e-05	0.0	4e-05	0.0	0.0	6e-05	2e-05	0.0	6e-05	2e-05	8e-05	4e-05	2e-05	0.0001	0.00012	8e-05	4e-05	4e-05	4e-05	6e-05	0.0002	0.0001	0.0001	0.00018	0.00012	0.00012	0.00014	0.0002	0.0001	0.0002	0.00036	0.00026	0.0004	0.00042	0.00048	0.00034	0.00058	0.00072	0.00106	0.0011	0.0028	0.01558	0.11518	0.09806	0.07934	0.0634	0.03302	0.0	0.0	0.0	0.0	0.0	0.0	0.0	0.0	0.0	0.0	0.0	0.0	0.0	0.0	0.0	0.0	0.0	0.0	0.0	0.0	0.0	0.0	0.0	0.0	0.0	0.0	0.0	0.0	0.0	0.0	0.0	0.0	0.0	0.0	0.0	0.0	0.0	0.0	0.0	0.0	0.0	0.0	0.0	
1e-05  1400.0  1600.0  4e-05	0.0	0.0	2e-05	0.0	0.0	2e-05	4e-05	0.0	2e-05	0.0	0.0	0.0	0.0	2e-05	4e-05	0.0	6e-05	4e-05	6e-05	0.0001	0.0	2e-05	2e-05	4e-05	4e-05	0.0001	0.0001	0.00016	4e-05	6e-05	6e-05	8e-05	0.0001	0.00016	6e-05	0.0001	0.00016	0.00014	0.00018	0.00012	0.00014	0.00018	0.00024	0.0003	0.00024	0.00036	0.00048	0.0005	0.00062	0.00082	0.00104	0.00114	0.00176	0.0048	0.05254	0.12174	0.09704	0.07694	0.04504	0.0	0.0	0.0	0.0	0.0	0.0	0.0	0.0	0.0	0.0	0.0	0.0	0.0	0.0	0.0	0.0	0.0	0.0	0.0	0.0	0.0	0.0	0.0	0.0	0.0	0.0	0.0	0.0	0.0	0.0	0.0	0.0	0.0	0.0	0.0	0.0	0.0	0.0	0.0	
4e-06  1600.0  1800.0  0.0	0.0	2e-05	2e-05	0.0	2e-05	0.0	2e-05	2e-05	2e-05	2e-05	2e-05	0.0	4e-05	8e-05	0.0	2e-05	8e-05	0.0	4e-05	2e-05	4e-05	0.0	6e-05	4e-05	4e-05	0.0001	8e-05	2e-05	8e-05	0.0001	4e-05	8e-05	2e-05	8e-05	8e-05	8e-05	6e-05	0.0001	0.00014	6e-05	0.0001	0.00014	0.00014	0.00012	0.0002	0.00012	0.0003	0.00046	0.0003	0.00024	0.00042	0.0005	0.0005	0.00066	0.00068	0.00128	0.00152	0.00436	0.04886	0.13344	0.10982	0.08388	0.02048	0.0	0.0	0.0	0.0	0.0	0.0	0.0	0.0	0.0	0.0	0.0	0.0	0.0	0.0	0.0	0.0	0.0	0.0	0.0	0.0	0.0	0.0	0.0	0.0	0.0	0.0	0.0	0.0	0.0	0.0	0.0	0.0	0.0	0.0	0.0	
2e-06  1800.0  2000.0  0.0	0.0	0.0	0.0	0.0	0.0	0.0	0.0	4e-05	0.0	0.0	2e-05	4e-05	0.0	0.0	2e-05	2e-05	0.0	0.0	4e-05	0.0	6e-05	2e-05	4e-05	4e-05	6e-05	6e-05	2e-05	6e-05	0.0	6e-05	4e-05	2e-05	0.0001	0.0001	0.00016	4e-05	8e-05	8e-05	6e-05	8e-05	8e-05	2e-05	0.00012	0.00014	0.00014	8e-05	0.00018	0.0002	0.00018	0.00024	0.00016	0.00032	0.00038	0.00034	0.00046	0.00052	0.0006	0.00072	0.00086	0.00126	0.0026	0.0083	0.11246	0.12934	0.10228	0.04182	0.0	0.0	0.0	0.0	0.0	0.0	0.0	0.0	0.0	0.0	0.0	0.0	0.0	0.0	0.0	0.0	0.0	0.0	0.0	0.0	0.0	0.0	0.0	0.0	0.0	0.0	0.0	0.0	0.0	0.0	0.0	0.0	
1e-06  2000.0  2250.0  2e-05	0.0	0.0	0.0	0.0	0.0	0.0	2e-05	4e-05	0.0	0.0	0.0	0.0	2e-05	0.0	2e-05	4e-05	0.0	0.0	0.0	6e-05	0.0	2e-05	0.0	0.0	2e-05	0.0	0.0	6e-05	2e-05	2e-05	0.0001	4e-05	0.0001	0.00012	2e-05	0.0	0.0001	8e-05	6e-05	8e-05	6e-05	0.0001	0.00012	0.0001	6e-05	8e-05	0.00016	0.0001	0.00022	0.0002	0.00026	0.00012	0.00036	0.00024	0.00028	0.00024	0.00032	0.00052	0.00052	0.00068	0.00122	0.00096	0.0013	0.00186	0.0062	0.07986	0.12936	0.10296	0.07452	0.00788	0.0	0.0	0.0	0.0	0.0	0.0	0.0	0.0	0.0	0.0	0.0	0.0	0.0	0.0	0.0	0.0	0.0	0.0	0.0	0.0	0.0	0.0	0.0	0.0	0.0	0.0	0.0	0.0	
0.0  2250.0  2500.0  0.0	0.0	0.0	0.0	2e-05	2e-05	0.0	0.0	2e-05	0.0	0.0	2e-05	0.0	4e-05	0.0	0.0	0.0	2e-05	0.0	2e-05	0.0	0.0	0.0	0.0	6e-05	4e-05	2e-05	2e-05	4e-05	4e-05	2e-05	6e-05	0.0	2e-05	0.0	0.0	8e-05	6e-05	2e-05	2e-05	0.0	0.0001	4e-05	4e-05	8e-05	0.00012	8e-05	0.0002	0.00012	0.00014	0.00012	6e-05	0.00012	0.00016	0.0001	0.00018	0.00018	0.00012	0.0003	0.00032	0.0003	0.0003	0.00034	0.00064	0.00062	0.00086	0.0009	0.00136	0.00266	0.01156	0.1432	0.12882	0.09538	0.0244	0.0	0.0	0.0	0.0	0.0	0.0	0.0	0.0	0.0	0.0	0.0	0.0	0.0	0.0	0.0	0.0	0.0	0.0	0.0	0.0	0.0	0.0	0.0	0.0	0.0	
0.0  2500.0  2750.0  0.0	0.0	0.0	0.0	0.0	0.0	0.0	0.0	0.0	0.0	0.0	0.0	2e-05	0.0	0.0	0.0	0.0	0.0	0.0	2e-05	2e-05	0.0	2e-05	8e-05	2e-05	2e-05	0.0	2e-05	2e-05	2e-05	0.0	2e-05	2e-05	2e-05	6e-05	6e-05	0.0	6e-05	6e-05	6e-05	2e-05	4e-05	6e-05	0.0001	4e-05	6e-05	2e-05	8e-05	0.0001	4e-05	0.00022	0.00012	0.00016	0.00012	0.00012	0.00024	0.00014	0.00014	0.00012	0.00024	0.00018	0.0003	0.00028	0.00036	0.00048	0.00058	0.0004	0.00056	0.00076	0.00106	0.00142	0.00236	0.00886	0.12476	0.14334	0.10578	0.01788	0.0	0.0	0.0	0.0	0.0	0.0	0.0	0.0	0.0	0.0	0.0	0.0	0.0	0.0	0.0	0.0	0.0	0.0	0.0	0.0	0.0	0.0	
0.0  2750.0  3000.0  2e-05	0.0	0.0	0.0	0.0	2e-05	0.0	0.0	0.0	0.0	0.0	0.0	0.0	0.0	0.0	0.0	2e-05	0.0	2e-05	0.0	0.0	0.0	2e-05	0.0	2e-05	0.0	2e-05	0.0	0.0	4e-05	2e-05	4e-05	4e-05	4e-05	0.0	6e-05	6e-05	6e-05	2e-05	2e-05	6e-05	6e-05	8e-05	4e-05	0.00014	4e-05	2e-05	2e-05	4e-05	0.0001	2e-05	6e-05	0.00014	0.00022	0.0002	0.00012	0.00016	8e-05	0.00014	6e-05	0.00016	0.00014	0.00012	0.00022	0.00022	0.00026	0.00046	0.00022	0.00044	0.00052	0.00064	0.00088	0.00112	0.00152	0.00296	0.01018	0.15078	0.15008	0.09436	0.00016	0.0	0.0	0.0	0.0	0.0	0.0	0.0	0.0	0.0	0.0	0.0	0.0	0.0	0.0	0.0	0.0	0.0	0.0	0.0	
0.0  3000.0  3500.0  0.0	2e-05	0.0	0.0	0.0	0.0	2e-05	2e-05	2e-05	0.0	0.0	0.0	2e-05	0.0	2e-05	4e-05	0.0	0.0	2e-05	0.0	2e-05	0.0	2e-05	2e-05	0.0	4e-05	0.0	0.0	6e-05	2e-05	2e-05	0.0	0.0	4e-05	0.0	4e-05	8e-05	2e-05	4e-05	0.0	4e-05	0.0001	6e-05	6e-05	6e-05	0.0	6e-05	8e-05	8e-05	6e-05	8e-05	0.00014	8e-05	6e-05	8e-05	0.0001	2e-05	0.00012	6e-05	0.0001	0.0001	8e-05	6e-05	0.00016	0.00024	0.0002	0.00016	0.00018	0.00034	0.00026	0.00038	0.00052	0.00056	0.00058	0.00096	0.0012	0.00144	0.00382	0.02802	0.13154	0.09878	0.07424	0.05288	0.02208	0.0	0.0	0.0	0.0	0.0	0.0	0.0	0.0	0.0	0.0	0.0	0.0	0.0	0.0	0.0	
0.0  3500.0  4000.0  2e-05	0.0	0.0	0.0	0.0	0.0	0.0	2e-05	2e-05	2e-05	0.0	0.0	2e-05	2e-05	0.0	0.0	2e-05	0.0	0.0	2e-05	0.0	2e-05	0.0	4e-05	0.0	2e-05	2e-05	2e-05	2e-05	2e-05	0.0	4e-05	2e-05	2e-05	0.0	4e-05	2e-05	2e-05	2e-05	4e-05	0.0	4e-05	0.0	2e-05	4e-05	4e-05	2e-05	0.0	0.0001	0.0	2e-05	4e-05	8e-05	4e-05	0.0001	6e-05	2e-05	8e-05	6e-05	4e-05	0.0001	4e-05	0.00014	0.00016	6e-05	0.00018	0.00016	0.00026	0.00032	0.00018	0.00028	0.00024	0.00026	0.00036	0.00038	0.00058	0.00056	0.00066	0.00044	0.0011	0.00128	0.00208	0.00514	0.077	0.133	0.09548	0.06842	0.03074	0.0	0.0	0.0	0.0	0.0	0.0	0.0	0.0	0.0	0.0	0.0	
0.0  4000.0  15000.0  0.0	0.0	2e-05	0.0	0.0	0.0	0.0	0.0	0.0	0.0	0.0	0.0	0.0	0.0	0.0	2e-05	2e-05	2e-05	0.0	0.0	2e-05	2e-05	6e-05	0.0	0.0	0.0	0.0	2e-05	0.0	2e-05	0.0	2e-05	2e-05	2e-05	0.0	4e-05	2e-05	4e-05	2e-05	2e-05	4e-05	0.0	2e-05	6e-05	4e-05	4e-05	2e-05	2e-05	2e-05	2e-05	2e-05	2e-05	4e-05	4e-05	8e-05	6e-05	6e-05	2e-05	0.00016	8e-05	0.0	4e-05	2e-05	0.0001	0.00012	6e-05	0.00018	0.00016	0.00014	0.00012	0.00012	0.00012	0.00018	0.00012	0.0002	0.0002	0.00024	0.0003	0.00024	0.00044	0.00028	0.0005	0.00084	0.00102	0.00104	0.00146	0.00456	0.05726	0.1114	0.07636	0.0525	0.03816	0.02472	0.01804	0.01164	0.00776	0.00446	0.0027	0.00452	
