#===============
# Ref : 1903.06248
# Experiment : ATLAS
# ll~ : ee
# qq~ : sd~
# FF  : vector
# XY  :  LL RR
# coef : 00
# type : Z*Z
# Nevs : 50000
#===============
#
# XSEC	BIN_MIN	BIN_MAX 	 Kij 
# 225.0 232.51 240.271 248.291 256.579 265.143 273.994 283.139 292.59 302.357 312.449 322.878 333.656 344.793 356.302 368.195 380.485 393.185 406.309 419.872 433.887 448.369 463.336 478.801 494.783 511.299 528.365 546.002 564.227 583.06 602.522 622.634 643.417 664.894 687.087 710.022 733.722 758.213 783.521 809.674 836.7 864.629 893.489 923.313 954.133 985.981 1018.89 1052.9 1088.05 1124.36 1161.9 1200.68 1240.76 1282.17 1324.97 1369.2 1414.9 1462.13 1510.93 1561.36 1613.48 1667.34 1722.99 1780.5 1839.94 1901.35 1964.82 2030.4 2098.17 2168.21 2240.58 2315.37 2392.65 2472.52 2555.05 2640.34 2728.47 2819.54 2913.66 3010.91 3111.41 3215.27 3322.59 3433.5 3548.1 3666.54 3788.92 3915.39 4046.09 4181.14 4320.7 4464.92 4613.96 4767.97 4927.12 5091.58 5261.54 5437.16 5618.6 10000.0 
0.60142  200.0  300.0  0.03254	0.02892	0.02638	0.0238	0.01962	0.01776	0.01564	0.01348	0.00834	0.00014	0.0	0.0	0.0	0.0	0.0	0.0	0.0	0.0	0.0	0.0	0.0	0.0	0.0	0.0	0.0	0.0	0.0	0.0	0.0	0.0	0.0	0.0	0.0	0.0	0.0	0.0	0.0	0.0	0.0	0.0	0.0	0.0	0.0	0.0	0.0	0.0	0.0	0.0	0.0	0.0	0.0	0.0	0.0	0.0	0.0	0.0	0.0	0.0	0.0	0.0	0.0	0.0	0.0	0.0	0.0	0.0	0.0	0.0	0.0	0.0	0.0	0.0	0.0	0.0	0.0	0.0	0.0	0.0	0.0	0.0	0.0	0.0	0.0	0.0	0.0	0.0	0.0	0.0	0.0	0.0	0.0	0.0	0.0	0.0	0.0	0.0	0.0	0.0	0.0	
0.09397  300.0  400.0  0.00026	0.00016	0.00052	0.00058	0.00066	0.00062	0.00102	0.00234	0.02318	0.069	0.06014	0.05066	0.04482	0.04124	0.03456	0.02998	0.02568	0.01082	0.0	0.0	0.0	0.0	0.0	0.0	0.0	0.0	0.0	0.0	0.0	0.0	0.0	0.0	0.0	0.0	0.0	0.0	0.0	0.0	0.0	0.0	0.0	0.0	0.0	0.0	0.0	0.0	0.0	0.0	0.0	0.0	0.0	0.0	0.0	0.0	0.0	0.0	0.0	0.0	0.0	0.0	0.0	0.0	0.0	0.0	0.0	0.0	0.0	0.0	0.0	0.0	0.0	0.0	0.0	0.0	0.0	0.0	0.0	0.0	0.0	0.0	0.0	0.0	0.0	0.0	0.0	0.0	0.0	0.0	0.0	0.0	0.0	0.0	0.0	0.0	0.0	0.0	0.0	0.0	0.0	
0.024596  400.0  500.0  0.0001	8e-05	0.00022	0.00016	0.00012	8e-05	0.0002	0.00012	0.0003	0.00024	0.00034	0.00042	0.00054	0.00064	0.00084	0.00102	0.00392	0.04848	0.07946	0.07084	0.06374	0.0512	0.04464	0.03924	0.01038	0.0	0.0	0.0	0.0	0.0	0.0	0.0	0.0	0.0	0.0	0.0	0.0	0.0	0.0	0.0	0.0	0.0	0.0	0.0	0.0	0.0	0.0	0.0	0.0	0.0	0.0	0.0	0.0	0.0	0.0	0.0	0.0	0.0	0.0	0.0	0.0	0.0	0.0	0.0	0.0	0.0	0.0	0.0	0.0	0.0	0.0	0.0	0.0	0.0	0.0	0.0	0.0	0.0	0.0	0.0	0.0	0.0	0.0	0.0	0.0	0.0	0.0	0.0	0.0	0.0	0.0	0.0	0.0	0.0	0.0	0.0	0.0	0.0	0.0	
0.008367  500.0  600.0  0.0001	4e-05	0.0001	0.00014	6e-05	6e-05	0.0	0.0001	0.0001	0.00012	0.00012	0.0002	0.00018	0.00026	0.0002	0.00034	0.0004	0.00054	0.00058	0.00074	0.00076	0.00098	0.00214	0.00574	0.07414	0.09088	0.0775	0.0673	0.05874	0.04058	0.00042	0.0	0.0	0.0	0.0	0.0	0.0	0.0	0.0	0.0	0.0	0.0	0.0	0.0	0.0	0.0	0.0	0.0	0.0	0.0	0.0	0.0	0.0	0.0	0.0	0.0	0.0	0.0	0.0	0.0	0.0	0.0	0.0	0.0	0.0	0.0	0.0	0.0	0.0	0.0	0.0	0.0	0.0	0.0	0.0	0.0	0.0	0.0	0.0	0.0	0.0	0.0	0.0	0.0	0.0	0.0	0.0	0.0	0.0	0.0	0.0	0.0	0.0	0.0	0.0	0.0	0.0	0.0	0.0	
0.003353  600.0  700.0  4e-05	0.0	4e-05	2e-05	8e-05	8e-05	4e-05	4e-05	0.0001	4e-05	0.00014	6e-05	4e-05	6e-05	0.00016	0.00024	0.00014	0.0002	0.00026	0.00032	0.00016	0.00048	0.00058	0.00042	0.00048	0.00072	0.00112	0.00104	0.0032	0.02644	0.10962	0.09748	0.0827	0.07246	0.03464	0.0	0.0	0.0	0.0	0.0	0.0	0.0	0.0	0.0	0.0	0.0	0.0	0.0	0.0	0.0	0.0	0.0	0.0	0.0	0.0	0.0	0.0	0.0	0.0	0.0	0.0	0.0	0.0	0.0	0.0	0.0	0.0	0.0	0.0	0.0	0.0	0.0	0.0	0.0	0.0	0.0	0.0	0.0	0.0	0.0	0.0	0.0	0.0	0.0	0.0	0.0	0.0	0.0	0.0	0.0	0.0	0.0	0.0	0.0	0.0	0.0	0.0	0.0	0.0	
0.001505  700.0  800.0  6e-05	2e-05	8e-05	2e-05	4e-05	2e-05	8e-05	4e-05	0.0	2e-05	2e-05	0.0001	8e-05	0.00014	4e-05	0.00012	0.00018	0.00012	6e-05	0.00028	0.00014	0.00018	0.00024	0.00024	0.00036	0.00044	0.0005	0.00044	0.00062	0.00066	0.00114	0.00126	0.0019	0.00548	0.06494	0.11822	0.1004	0.0851	0.04504	0.0	0.0	0.0	0.0	0.0	0.0	0.0	0.0	0.0	0.0	0.0	0.0	0.0	0.0	0.0	0.0	0.0	0.0	0.0	0.0	0.0	0.0	0.0	0.0	0.0	0.0	0.0	0.0	0.0	0.0	0.0	0.0	0.0	0.0	0.0	0.0	0.0	0.0	0.0	0.0	0.0	0.0	0.0	0.0	0.0	0.0	0.0	0.0	0.0	0.0	0.0	0.0	0.0	0.0	0.0	0.0	0.0	0.0	0.0	0.0	
0.000734  800.0  900.0  6e-05	0.0	2e-05	4e-05	0.0	6e-05	2e-05	4e-05	4e-05	6e-05	6e-05	6e-05	2e-05	0.0001	8e-05	4e-05	6e-05	8e-05	0.00012	8e-05	6e-05	8e-05	0.00014	0.00014	0.00018	0.0002	0.00038	0.0003	0.00028	0.00038	0.00032	0.00048	0.00042	0.00064	0.00092	0.00126	0.00196	0.00486	0.06428	0.13244	0.11316	0.09138	0.01582	0.0	0.0	0.0	0.0	0.0	0.0	0.0	0.0	0.0	0.0	0.0	0.0	0.0	0.0	0.0	0.0	0.0	0.0	0.0	0.0	0.0	0.0	0.0	0.0	0.0	0.0	0.0	0.0	0.0	0.0	0.0	0.0	0.0	0.0	0.0	0.0	0.0	0.0	0.0	0.0	0.0	0.0	0.0	0.0	0.0	0.0	0.0	0.0	0.0	0.0	0.0	0.0	0.0	0.0	0.0	0.0	
0.000381  900.0  1000.0  0.0	0.0	2e-05	2e-05	0.0	0.0	4e-05	2e-05	6e-05	6e-05	4e-05	6e-05	2e-05	4e-05	0.00014	6e-05	6e-05	0.00014	8e-05	6e-05	8e-05	0.0001	0.00022	6e-05	0.00018	8e-05	0.00012	0.00024	0.00016	0.00016	0.00024	0.00028	0.00038	0.00044	0.00046	0.00072	0.00056	0.0007	0.00092	0.0015	0.00306	0.00994	0.12598	0.13222	0.1095	0.03812	0.0	0.0	0.0	0.0	0.0	0.0	0.0	0.0	0.0	0.0	0.0	0.0	0.0	0.0	0.0	0.0	0.0	0.0	0.0	0.0	0.0	0.0	0.0	0.0	0.0	0.0	0.0	0.0	0.0	0.0	0.0	0.0	0.0	0.0	0.0	0.0	0.0	0.0	0.0	0.0	0.0	0.0	0.0	0.0	0.0	0.0	0.0	0.0	0.0	0.0	0.0	0.0	0.0	
0.000328  1000.0  1200.0  2e-05	2e-05	0.0	6e-05	0.0	2e-05	4e-05	2e-05	4e-05	2e-05	4e-05	2e-05	0.00016	0.0	4e-05	0.0	4e-05	4e-05	4e-05	6e-05	8e-05	4e-05	6e-05	6e-05	0.00016	0.00014	0.00014	0.00014	0.00018	0.00014	0.00014	0.00012	0.00022	0.0002	0.0003	0.00028	0.00042	0.00046	0.00034	0.00036	0.00064	0.00088	0.00116	0.00144	0.00568	0.06858	0.09478	0.0787	0.06688	0.05562	0.04242	0.00106	0.0	0.0	0.0	0.0	0.0	0.0	0.0	0.0	0.0	0.0	0.0	0.0	0.0	0.0	0.0	0.0	0.0	0.0	0.0	0.0	0.0	0.0	0.0	0.0	0.0	0.0	0.0	0.0	0.0	0.0	0.0	0.0	0.0	0.0	0.0	0.0	0.0	0.0	0.0	0.0	0.0	0.0	0.0	0.0	0.0	0.0	0.0	
0.000113  1200.0  1400.0  0.0	0.0	2e-05	0.0	0.0	0.0	2e-05	2e-05	6e-05	4e-05	0.0	4e-05	4e-05	8e-05	0.0	0.0	6e-05	4e-05	8e-05	8e-05	2e-05	8e-05	4e-05	8e-05	6e-05	8e-05	0.00012	0.00012	0.0001	0.00012	8e-05	0.00014	0.00014	0.0001	0.00012	0.0001	0.0002	0.00024	0.0002	0.0004	0.00024	0.00036	0.00038	0.00036	0.00046	0.00058	0.00072	0.00094	0.0013	0.0028	0.01636	0.11224	0.09874	0.0803	0.06504	0.03406	0.0	0.0	0.0	0.0	0.0	0.0	0.0	0.0	0.0	0.0	0.0	0.0	0.0	0.0	0.0	0.0	0.0	0.0	0.0	0.0	0.0	0.0	0.0	0.0	0.0	0.0	0.0	0.0	0.0	0.0	0.0	0.0	0.0	0.0	0.0	0.0	0.0	0.0	0.0	0.0	0.0	0.0	0.0	
4.3e-05  1400.0  1600.0  0.0	0.0	0.0	2e-05	0.0	0.0	2e-05	2e-05	2e-05	0.0	8e-05	0.0	2e-05	2e-05	2e-05	2e-05	0.0	0.0	4e-05	0.0001	2e-05	2e-05	4e-05	2e-05	2e-05	0.0001	0.0	4e-05	8e-05	0.0001	6e-05	0.0001	2e-05	8e-05	0.00014	0.00014	6e-05	6e-05	0.0001	0.00012	0.00018	0.00016	0.00012	0.00012	0.00014	0.00028	0.00026	0.00036	0.00054	0.00056	0.00068	0.00102	0.00102	0.00212	0.00512	0.0535	0.11854	0.09612	0.07852	0.04768	0.0	0.0	0.0	0.0	0.0	0.0	0.0	0.0	0.0	0.0	0.0	0.0	0.0	0.0	0.0	0.0	0.0	0.0	0.0	0.0	0.0	0.0	0.0	0.0	0.0	0.0	0.0	0.0	0.0	0.0	0.0	0.0	0.0	0.0	0.0	0.0	0.0	0.0	0.0	
1.8e-05  1600.0  1800.0  2e-05	0.0	0.0	2e-05	0.0	4e-05	0.0	0.0	0.0	2e-05	2e-05	0.0	2e-05	4e-05	0.0	2e-05	2e-05	4e-05	2e-05	0.0	4e-05	0.0	0.0001	2e-05	2e-05	6e-05	8e-05	6e-05	2e-05	2e-05	4e-05	4e-05	2e-05	0.0001	8e-05	0.0001	8e-05	0.00018	8e-05	0.0001	0.0001	8e-05	0.00014	0.0001	0.00026	0.00012	0.00024	0.00026	0.00034	0.0003	0.00038	0.0004	0.00054	0.00058	0.00068	0.00092	0.00102	0.00178	0.0046	0.0486	0.1304	0.10878	0.08554	0.02148	0.0	0.0	0.0	0.0	0.0	0.0	0.0	0.0	0.0	0.0	0.0	0.0	0.0	0.0	0.0	0.0	0.0	0.0	0.0	0.0	0.0	0.0	0.0	0.0	0.0	0.0	0.0	0.0	0.0	0.0	0.0	0.0	0.0	0.0	0.0	
8e-06  1800.0  2000.0  0.0	0.0	0.0	0.0	0.0	0.0	0.0	4e-05	4e-05	0.0	0.0	2e-05	0.0	4e-05	0.0	0.0	0.0	2e-05	2e-05	0.0	0.0	6e-05	2e-05	0.0	2e-05	4e-05	4e-05	6e-05	4e-05	6e-05	8e-05	4e-05	6e-05	2e-05	4e-05	4e-05	6e-05	0.00014	8e-05	8e-05	8e-05	6e-05	4e-05	0.0001	0.0001	0.00012	0.00016	0.00022	0.00012	0.00016	0.00032	0.00018	0.00028	0.00044	0.00034	0.00056	0.00064	0.00062	0.00086	0.00106	0.0013	0.00188	0.0083	0.10902	0.1328	0.10256	0.04258	0.0	0.0	0.0	0.0	0.0	0.0	0.0	0.0	0.0	0.0	0.0	0.0	0.0	0.0	0.0	0.0	0.0	0.0	0.0	0.0	0.0	0.0	0.0	0.0	0.0	0.0	0.0	0.0	0.0	0.0	0.0	0.0	
4e-06  2000.0  2250.0  2e-05	0.0	0.0	2e-05	0.0	0.0	0.0	0.0	2e-05	0.0	2e-05	0.0	2e-05	0.0	0.0	0.0	4e-05	2e-05	2e-05	2e-05	4e-05	4e-05	0.0	0.0	4e-05	4e-05	2e-05	0.0001	6e-05	2e-05	2e-05	2e-05	2e-05	2e-05	6e-05	4e-05	8e-05	0.0	2e-05	6e-05	0.00012	2e-05	6e-05	6e-05	0.00016	0.00016	0.00012	0.00012	0.00018	0.00012	0.00012	0.00022	0.00016	0.0002	0.0002	0.00024	0.00026	0.00054	0.00036	0.00032	0.00058	0.00058	0.00094	0.0012	0.00162	0.00588	0.07964	0.12484	0.10318	0.07866	0.0073	0.0	0.0	0.0	0.0	0.0	0.0	0.0	0.0	0.0	0.0	0.0	0.0	0.0	0.0	0.0	0.0	0.0	0.0	0.0	0.0	0.0	0.0	0.0	0.0	0.0	0.0	0.0	0.0	
2e-06  2250.0  2500.0  0.0	0.0	0.0	0.0	0.0	0.0	2e-05	0.0	0.0	0.0	0.0	0.0	2e-05	2e-05	0.0	0.0	0.0	0.0	2e-05	0.0	2e-05	0.0	0.0	6e-05	4e-05	4e-05	8e-05	2e-05	2e-05	2e-05	0.0	0.0	6e-05	4e-05	2e-05	6e-05	8e-05	6e-05	0.0	8e-05	8e-05	0.0001	4e-05	0.00012	6e-05	2e-05	4e-05	0.0001	0.0001	8e-05	0.0001	0.00014	0.00012	0.00016	0.00016	0.00012	0.00014	0.00036	0.00014	0.00032	0.00012	0.00048	0.00056	0.00046	0.00072	0.00092	0.00086	0.00132	0.0032	0.01204	0.13982	0.12588	0.09504	0.02364	0.0	0.0	0.0	0.0	0.0	0.0	0.0	0.0	0.0	0.0	0.0	0.0	0.0	0.0	0.0	0.0	0.0	0.0	0.0	0.0	0.0	0.0	0.0	0.0	0.0	
1e-06  2500.0  2750.0  0.0	0.0	0.0	0.0	0.0	0.0	0.0	2e-05	0.0	0.0	0.0	0.0	0.0	2e-05	0.0	0.0	0.0	0.0	0.0	0.0	2e-05	4e-05	4e-05	0.0	4e-05	0.0	0.0	4e-05	6e-05	2e-05	2e-05	6e-05	2e-05	2e-05	4e-05	2e-05	4e-05	8e-05	2e-05	4e-05	0.0	6e-05	0.0	6e-05	6e-05	6e-05	2e-05	0.00012	0.00012	2e-05	6e-05	8e-05	8e-05	0.00012	0.0001	0.0001	0.00016	0.00012	0.00016	0.00024	0.00016	0.00014	0.00028	0.00036	0.00046	0.00038	0.00054	0.00082	0.0007	0.0009	0.00146	0.00246	0.00914	0.1206	0.14426	0.10732	0.01936	0.0	0.0	0.0	0.0	0.0	0.0	0.0	0.0	0.0	0.0	0.0	0.0	0.0	0.0	0.0	0.0	0.0	0.0	0.0	0.0	0.0	0.0	
0.0  2750.0  3000.0  0.0	0.0	0.0	0.0	0.0	0.0	0.0	2e-05	0.0	0.0	0.0	0.0	2e-05	2e-05	0.0	0.0	0.0	0.0	0.0	4e-05	2e-05	4e-05	0.0	0.0	0.0	4e-05	0.0	0.0	0.0	2e-05	0.0	4e-05	2e-05	8e-05	2e-05	0.0	0.0	8e-05	6e-05	6e-05	2e-05	2e-05	6e-05	2e-05	2e-05	4e-05	6e-05	4e-05	0.00012	4e-05	0.0001	4e-05	0.00012	0.0001	0.00012	0.0001	8e-05	0.00012	0.00026	0.0002	0.00014	0.00022	8e-05	0.00016	0.00026	0.00036	0.0003	0.00038	0.00052	0.00066	0.00066	0.00092	0.00136	0.00142	0.00302	0.01014	0.14558	0.14824	0.09574	0.00016	0.0	0.0	0.0	0.0	0.0	0.0	0.0	0.0	0.0	0.0	0.0	0.0	0.0	0.0	0.0	0.0	0.0	0.0	0.0	
0.0  3000.0  3500.0  0.0	0.0	0.0	0.0	0.0	2e-05	0.0	0.0	2e-05	0.0	0.0	2e-05	0.0	2e-05	0.0	0.0	0.0	0.0	2e-05	0.0	2e-05	0.0	2e-05	0.0	0.0	4e-05	0.0	0.0	0.0	0.0	4e-05	2e-05	2e-05	2e-05	0.0	4e-05	2e-05	0.0	2e-05	2e-05	4e-05	4e-05	8e-05	2e-05	2e-05	4e-05	4e-05	6e-05	2e-05	4e-05	8e-05	8e-05	8e-05	2e-05	0.0	8e-05	6e-05	8e-05	4e-05	8e-05	4e-05	0.00014	0.00018	0.00014	0.0002	0.0002	0.00012	0.00026	0.0003	0.00034	0.00036	0.00038	0.00056	0.0006	0.00074	0.00098	0.00166	0.00338	0.02884	0.124	0.09746	0.07292	0.05384	0.02286	0.0	0.0	0.0	0.0	0.0	0.0	0.0	0.0	0.0	0.0	0.0	0.0	0.0	0.0	0.0	
0.0  3500.0  4000.0  0.0	0.0	0.0	0.0	0.0	0.0	0.0	0.0	0.0	0.0	0.0	0.0	0.0	0.0	0.0	0.0	0.0	2e-05	0.0	0.0	0.0	0.0	0.0	0.0	0.0	2e-05	2e-05	0.0	0.0	0.0	0.0	2e-05	2e-05	4e-05	2e-05	0.0	6e-05	0.0	0.0	2e-05	0.0	0.0	0.0	6e-05	8e-05	0.00012	2e-05	0.0	4e-05	4e-05	0.0	2e-05	2e-05	6e-05	8e-05	8e-05	8e-05	6e-05	4e-05	0.0001	0.00014	0.00012	6e-05	0.00014	0.0001	8e-05	0.0001	0.00026	0.00012	0.00014	0.00032	0.00018	0.00032	0.00048	0.00038	0.00042	0.00034	0.00056	0.00082	0.00066	0.00108	0.00194	0.00632	0.07562	0.12612	0.09652	0.06742	0.03322	0.0	0.0	0.0	0.0	0.0	0.0	0.0	0.0	0.0	0.0	0.0	
0.0  4000.0  15000.0  0.0	0.0	0.0	2e-05	0.0	0.0	0.0	0.0	0.0	0.0	0.0	0.0	2e-05	0.0	0.0	0.0	2e-05	0.0	0.0	0.0	0.0	0.0	4e-05	0.0	0.0	0.0	0.0	0.0	0.0	0.0	0.0	2e-05	4e-05	0.0	6e-05	2e-05	0.0	4e-05	2e-05	0.0	0.0	8e-05	4e-05	8e-05	2e-05	2e-05	2e-05	6e-05	6e-05	2e-05	0.0001	0.0	0.0	0.0	4e-05	0.0	6e-05	4e-05	8e-05	0.00014	0.00012	6e-05	6e-05	6e-05	8e-05	0.00012	0.0001	0.0001	0.00012	0.00018	0.00016	0.00018	0.00014	0.00026	0.00022	0.00022	0.00028	0.00026	0.0003	0.00042	0.00046	0.00052	0.00072	0.00094	0.00104	0.00126	0.00512	0.05132	0.10164	0.07302	0.05268	0.03886	0.02602	0.01864	0.0123	0.00838	0.00666	0.0034	0.00776	
