#===============
# Ref : 1903.06248
# Experiment : ATLAS
# ll~ : ee
# qq~ : ss~
# FF  : vector
# XY  :  LL RR
# coef : 00
# type : Reg*Reg
# Nevs : 50000
#===============
#
# XSEC	BIN_MIN	BIN_MAX 	 Kij 
# 225.0 232.51 240.271 248.291 256.579 265.143 273.994 283.139 292.59 302.357 312.449 322.878 333.656 344.793 356.302 368.195 380.485 393.185 406.309 419.872 433.887 448.369 463.336 478.801 494.783 511.299 528.365 546.002 564.227 583.06 602.522 622.634 643.417 664.894 687.087 710.022 733.722 758.213 783.521 809.674 836.7 864.629 893.489 923.313 954.133 985.981 1018.89 1052.9 1088.05 1124.36 1161.9 1200.68 1240.76 1282.17 1324.97 1369.2 1414.9 1462.13 1510.93 1561.36 1613.48 1667.34 1722.99 1780.5 1839.94 1901.35 1964.82 2030.4 2098.17 2168.21 2240.58 2315.37 2392.65 2472.52 2555.05 2640.34 2728.47 2819.54 2913.66 3010.91 3111.41 3215.27 3322.59 3433.5 3548.1 3666.54 3788.92 3915.39 4046.09 4181.14 4320.7 4464.92 4613.96 4767.97 4927.12 5091.58 5261.54 5437.16 5618.6 10000.0 
29.1338  200.0  300.0  0.02792	0.02934	0.0298	0.03062	0.03148	0.0324	0.03246	0.03124	0.0219	0.00014	0.0	0.0	0.0	0.0	0.0	0.0	0.0	0.0	0.0	0.0	0.0	0.0	0.0	0.0	0.0	0.0	0.0	0.0	0.0	0.0	0.0	0.0	0.0	0.0	0.0	0.0	0.0	0.0	0.0	0.0	0.0	0.0	0.0	0.0	0.0	0.0	0.0	0.0	0.0	0.0	0.0	0.0	0.0	0.0	0.0	0.0	0.0	0.0	0.0	0.0	0.0	0.0	0.0	0.0	0.0	0.0	0.0	0.0	0.0	0.0	0.0	0.0	0.0	0.0	0.0	0.0	0.0	0.0	0.0	0.0	0.0	0.0	0.0	0.0	0.0	0.0	0.0	0.0	0.0	0.0	0.0	0.0	0.0	0.0	0.0	0.0	0.0	0.0	0.0	
21.8066  300.0  400.0  0.00016	0.00026	0.00032	0.00038	0.00058	0.00068	0.00096	0.00156	0.0156	0.04426	0.04506	0.04482	0.04606	0.04588	0.0458	0.04364	0.04596	0.02114	0.0	0.0	0.0	0.0	0.0	0.0	0.0	0.0	0.0	0.0	0.0	0.0	0.0	0.0	0.0	0.0	0.0	0.0	0.0	0.0	0.0	0.0	0.0	0.0	0.0	0.0	0.0	0.0	0.0	0.0	0.0	0.0	0.0	0.0	0.0	0.0	0.0	0.0	0.0	0.0	0.0	0.0	0.0	0.0	0.0	0.0	0.0	0.0	0.0	0.0	0.0	0.0	0.0	0.0	0.0	0.0	0.0	0.0	0.0	0.0	0.0	0.0	0.0	0.0	0.0	0.0	0.0	0.0	0.0	0.0	0.0	0.0	0.0	0.0	0.0	0.0	0.0	0.0	0.0	0.0	0.0	
16.5894  400.0  500.0  0.00012	0.0001	0.00018	0.00016	0.0001	0.00016	0.0002	0.00016	0.00034	0.00036	0.00044	0.00056	0.00052	0.0006	0.00072	0.00128	0.00298	0.03296	0.06344	0.06048	0.06178	0.05932	0.05948	0.05836	0.0158	0.0	0.0	0.0	0.0	0.0	0.0	0.0	0.0	0.0	0.0	0.0	0.0	0.0	0.0	0.0	0.0	0.0	0.0	0.0	0.0	0.0	0.0	0.0	0.0	0.0	0.0	0.0	0.0	0.0	0.0	0.0	0.0	0.0	0.0	0.0	0.0	0.0	0.0	0.0	0.0	0.0	0.0	0.0	0.0	0.0	0.0	0.0	0.0	0.0	0.0	0.0	0.0	0.0	0.0	0.0	0.0	0.0	0.0	0.0	0.0	0.0	0.0	0.0	0.0	0.0	0.0	0.0	0.0	0.0	0.0	0.0	0.0	0.0	0.0	
12.8026  500.0  600.0  8e-05	4e-05	0.0001	8e-05	8e-05	0.0001	0.00014	8e-05	0.0001	0.00012	0.00012	0.00012	0.00022	0.00034	0.00018	0.00028	0.00042	0.00048	0.00044	0.00068	0.0007	0.001	0.00136	0.00512	0.05622	0.0771	0.07544	0.07634	0.07302	0.0547	0.0004	0.0	0.0	0.0	0.0	0.0	0.0	0.0	0.0	0.0	0.0	0.0	0.0	0.0	0.0	0.0	0.0	0.0	0.0	0.0	0.0	0.0	0.0	0.0	0.0	0.0	0.0	0.0	0.0	0.0	0.0	0.0	0.0	0.0	0.0	0.0	0.0	0.0	0.0	0.0	0.0	0.0	0.0	0.0	0.0	0.0	0.0	0.0	0.0	0.0	0.0	0.0	0.0	0.0	0.0	0.0	0.0	0.0	0.0	0.0	0.0	0.0	0.0	0.0	0.0	0.0	0.0	0.0	0.0	
10.001  600.0  700.0  6e-05	4e-05	4e-05	2e-05	2e-05	6e-05	4e-05	4e-05	8e-05	8e-05	0.00016	6e-05	0.0001	0.00016	0.00018	0.0001	0.00014	0.0003	0.0002	0.0002	0.00032	0.00032	0.00042	0.00042	0.00036	0.00074	0.00078	0.0014	0.00268	0.021	0.09102	0.09018	0.0866	0.08388	0.04334	0.0	0.0	0.0	0.0	0.0	0.0	0.0	0.0	0.0	0.0	0.0	0.0	0.0	0.0	0.0	0.0	0.0	0.0	0.0	0.0	0.0	0.0	0.0	0.0	0.0	0.0	0.0	0.0	0.0	0.0	0.0	0.0	0.0	0.0	0.0	0.0	0.0	0.0	0.0	0.0	0.0	0.0	0.0	0.0	0.0	0.0	0.0	0.0	0.0	0.0	0.0	0.0	0.0	0.0	0.0	0.0	0.0	0.0	0.0	0.0	0.0	0.0	0.0	0.0	
7.9008  700.0  800.0  6e-05	0.0	4e-05	0.0	2e-05	6e-05	8e-05	0.0001	6e-05	0.0001	8e-05	6e-05	0.0001	4e-05	8e-05	0.0001	0.00014	0.0001	0.00014	0.00016	0.00024	0.00032	0.00034	0.0002	0.00026	0.00036	0.00044	0.00042	0.00046	0.00066	0.00076	0.00116	0.00162	0.00492	0.05418	0.1042	0.10212	0.09564	0.0537	0.0	0.0	0.0	0.0	0.0	0.0	0.0	0.0	0.0	0.0	0.0	0.0	0.0	0.0	0.0	0.0	0.0	0.0	0.0	0.0	0.0	0.0	0.0	0.0	0.0	0.0	0.0	0.0	0.0	0.0	0.0	0.0	0.0	0.0	0.0	0.0	0.0	0.0	0.0	0.0	0.0	0.0	0.0	0.0	0.0	0.0	0.0	0.0	0.0	0.0	0.0	0.0	0.0	0.0	0.0	0.0	0.0	0.0	0.0	0.0	
6.296  800.0  900.0  0.0	0.0	6e-05	0.0	6e-05	2e-05	4e-05	2e-05	2e-05	6e-05	0.0	8e-05	8e-05	2e-05	4e-05	4e-05	8e-05	0.00016	8e-05	0.0001	0.00012	0.00016	0.00014	0.0002	0.0002	0.00018	0.00024	0.0002	0.00022	0.00052	0.0004	0.00048	0.0006	0.00068	0.00068	0.00144	0.0015	0.00436	0.05312	0.11908	0.11462	0.1073	0.01946	0.0	0.0	0.0	0.0	0.0	0.0	0.0	0.0	0.0	0.0	0.0	0.0	0.0	0.0	0.0	0.0	0.0	0.0	0.0	0.0	0.0	0.0	0.0	0.0	0.0	0.0	0.0	0.0	0.0	0.0	0.0	0.0	0.0	0.0	0.0	0.0	0.0	0.0	0.0	0.0	0.0	0.0	0.0	0.0	0.0	0.0	0.0	0.0	0.0	0.0	0.0	0.0	0.0	0.0	0.0	0.0	
5.0514  900.0  1000.0  2e-05	0.0	6e-05	0.0	2e-05	4e-05	6e-05	2e-05	6e-05	8e-05	6e-05	8e-05	8e-05	6e-05	4e-05	2e-05	0.00016	8e-05	2e-05	2e-05	0.00016	0.00014	0.0001	0.00018	0.00014	0.0002	0.00012	0.00012	0.00014	0.00036	0.00028	0.0003	0.00032	0.00046	0.00046	0.00058	0.00078	0.00076	0.00122	0.0015	0.00246	0.00886	0.10946	0.12752	0.11728	0.04408	0.0	0.0	0.0	0.0	0.0	0.0	0.0	0.0	0.0	0.0	0.0	0.0	0.0	0.0	0.0	0.0	0.0	0.0	0.0	0.0	0.0	0.0	0.0	0.0	0.0	0.0	0.0	0.0	0.0	0.0	0.0	0.0	0.0	0.0	0.0	0.0	0.0	0.0	0.0	0.0	0.0	0.0	0.0	0.0	0.0	0.0	0.0	0.0	0.0	0.0	0.0	0.0	0.0	
7.3978  1000.0  1200.0  0.0	2e-05	0.0	0.0	6e-05	6e-05	2e-05	6e-05	4e-05	0.0	2e-05	8e-05	0.0	2e-05	2e-05	4e-05	2e-05	0.00012	4e-05	4e-05	2e-05	6e-05	4e-05	0.0001	4e-05	0.00012	6e-05	8e-05	0.00018	0.00016	8e-05	0.00012	0.00018	0.00014	0.00046	0.00018	0.00036	0.0004	0.0005	0.00058	0.00054	0.00056	0.00098	0.00158	0.00412	0.05098	0.07708	0.0753	0.07252	0.06914	0.05832	0.00122	0.0	0.0	0.0	0.0	0.0	0.0	0.0	0.0	0.0	0.0	0.0	0.0	0.0	0.0	0.0	0.0	0.0	0.0	0.0	0.0	0.0	0.0	0.0	0.0	0.0	0.0	0.0	0.0	0.0	0.0	0.0	0.0	0.0	0.0	0.0	0.0	0.0	0.0	0.0	0.0	0.0	0.0	0.0	0.0	0.0	0.0	0.0	
4.9272  1200.0  1400.0  2e-05	0.0	2e-05	0.0	2e-05	2e-05	2e-05	4e-05	2e-05	2e-05	2e-05	4e-05	6e-05	2e-05	6e-05	2e-05	2e-05	4e-05	0.0	4e-05	2e-05	4e-05	4e-05	4e-05	4e-05	8e-05	8e-05	0.0	6e-05	6e-05	0.00014	0.00014	0.00012	0.00018	0.00016	8e-05	0.00032	0.00016	0.00028	0.00022	0.00028	0.00028	0.0003	0.00052	0.00054	0.0007	0.0006	0.00108	0.0014	0.00258	0.012	0.09142	0.09068	0.08334	0.07796	0.04442	0.0	0.0	0.0	0.0	0.0	0.0	0.0	0.0	0.0	0.0	0.0	0.0	0.0	0.0	0.0	0.0	0.0	0.0	0.0	0.0	0.0	0.0	0.0	0.0	0.0	0.0	0.0	0.0	0.0	0.0	0.0	0.0	0.0	0.0	0.0	0.0	0.0	0.0	0.0	0.0	0.0	0.0	0.0	
3.33486  1400.0  1600.0  0.0	0.0	0.0	0.0	0.0	0.0	0.0	0.0	0.0	4e-05	0.0	2e-05	2e-05	2e-05	6e-05	0.0001	6e-05	4e-05	4e-05	4e-05	6e-05	0.0	4e-05	4e-05	8e-05	0.00014	0.00012	2e-05	2e-05	6e-05	6e-05	8e-05	0.0001	2e-05	2e-05	0.00012	8e-05	0.00014	0.0002	0.00012	0.0001	0.00014	0.00018	0.00022	0.0004	0.0003	0.00044	0.0005	0.0005	0.00054	0.00068	0.00078	0.00118	0.00158	0.0038	0.04286	0.10462	0.0964	0.08986	0.05674	0.0	0.0	0.0	0.0	0.0	0.0	0.0	0.0	0.0	0.0	0.0	0.0	0.0	0.0	0.0	0.0	0.0	0.0	0.0	0.0	0.0	0.0	0.0	0.0	0.0	0.0	0.0	0.0	0.0	0.0	0.0	0.0	0.0	0.0	0.0	0.0	0.0	0.0	0.0	
2.28386  1600.0  1800.0  0.0	0.0	0.0	2e-05	0.0	2e-05	0.0	0.0	0.0	0.0	0.0	0.0	0.0	2e-05	2e-05	2e-05	4e-05	0.0	0.0	4e-05	2e-05	4e-05	6e-05	4e-05	0.0	4e-05	0.0001	0.0	2e-05	0.0	0.0	0.00012	0.0001	0.0001	6e-05	4e-05	2e-05	6e-05	0.0001	0.00012	0.00016	0.00014	0.0002	0.00012	0.00022	0.00016	0.00018	0.0002	0.00032	0.00028	0.00036	0.00046	0.00062	0.00056	0.00072	0.00082	0.0011	0.0017	0.00394	0.04166	0.11652	0.10916	0.09862	0.02748	0.0	0.0	0.0	0.0	0.0	0.0	0.0	0.0	0.0	0.0	0.0	0.0	0.0	0.0	0.0	0.0	0.0	0.0	0.0	0.0	0.0	0.0	0.0	0.0	0.0	0.0	0.0	0.0	0.0	0.0	0.0	0.0	0.0	0.0	0.0	
1.57886  1800.0  2000.0  2e-05	0.0	0.0	2e-05	0.0	0.0	2e-05	2e-05	0.0	2e-05	2e-05	0.0	0.0	0.0	0.0	0.0	2e-05	4e-05	2e-05	8e-05	2e-05	0.0	0.0	0.0	0.0	6e-05	0.0001	4e-05	4e-05	4e-05	4e-05	2e-05	6e-05	4e-05	4e-05	2e-05	4e-05	0.00012	4e-05	0.0001	0.00012	0.00018	8e-05	0.00022	8e-05	8e-05	0.00012	0.0001	0.0002	0.00022	0.00032	0.0002	0.0004	0.00042	0.00034	0.00036	0.00062	0.0006	0.0006	0.00098	0.00124	0.00206	0.00656	0.09492	0.1256	0.11432	0.0525	0.0	0.0	0.0	0.0	0.0	0.0	0.0	0.0	0.0	0.0	0.0	0.0	0.0	0.0	0.0	0.0	0.0	0.0	0.0	0.0	0.0	0.0	0.0	0.0	0.0	0.0	0.0	0.0	0.0	0.0	0.0	0.0	
1.32056  2000.0  2250.0  2e-05	0.0	0.0	0.0	2e-05	0.0	0.0	2e-05	0.0	0.0	2e-05	6e-05	0.0	2e-05	0.0	0.0	2e-05	4e-05	2e-05	2e-05	2e-05	0.0	0.0	2e-05	2e-05	2e-05	4e-05	6e-05	2e-05	4e-05	8e-05	8e-05	0.0	4e-05	8e-05	4e-05	8e-05	4e-05	0.0001	6e-05	6e-05	0.00014	6e-05	0.0001	8e-05	8e-05	0.00012	8e-05	0.0001	8e-05	0.00016	0.0001	0.0003	0.00014	0.00032	0.00022	0.00048	0.0004	0.00042	0.0006	0.00062	0.00062	0.00076	0.00106	0.0015	0.00478	0.06778	0.1182	0.1051	0.09202	0.00888	0.0	0.0	0.0	0.0	0.0	0.0	0.0	0.0	0.0	0.0	0.0	0.0	0.0	0.0	0.0	0.0	0.0	0.0	0.0	0.0	0.0	0.0	0.0	0.0	0.0	0.0	0.0	0.0	
0.8505  2250.0  2500.0  0.0	0.0	6e-05	0.0	0.0	0.0	2e-05	0.0	0.0	0.0	0.0	0.0	0.0	2e-05	0.0	2e-05	0.0	4e-05	4e-05	0.0	4e-05	4e-05	0.0	0.0	0.0	2e-05	2e-05	4e-05	2e-05	2e-05	4e-05	6e-05	8e-05	2e-05	4e-05	0.0	8e-05	8e-05	0.0	8e-05	4e-05	6e-05	8e-05	0.00012	0.0001	6e-05	0.00012	0.00014	0.0001	0.0002	0.0002	4e-05	0.00022	0.0001	0.0002	0.00022	0.00026	0.00016	0.0004	0.00028	0.00044	0.00014	0.00032	0.00068	0.00062	0.00094	0.00094	0.0016	0.0026	0.01128	0.1217	0.12268	0.10908	0.0314	0.0	0.0	0.0	0.0	0.0	0.0	0.0	0.0	0.0	0.0	0.0	0.0	0.0	0.0	0.0	0.0	0.0	0.0	0.0	0.0	0.0	0.0	0.0	0.0	0.0	
0.55248  2500.0  2750.0  0.0	0.0	0.0	0.0	0.0	0.0	0.0	2e-05	0.0	4e-05	2e-05	0.0	0.0	0.0	2e-05	4e-05	2e-05	4e-05	2e-05	0.0	2e-05	0.0	6e-05	0.0	0.0	2e-05	2e-05	4e-05	6e-05	0.0001	2e-05	6e-05	2e-05	0.0	0.0001	0.0	4e-05	6e-05	4e-05	2e-05	0.0	2e-05	6e-05	6e-05	0.0001	2e-05	8e-05	4e-05	8e-05	8e-05	8e-05	8e-05	0.00018	0.0	0.0001	0.00026	0.0002	0.00022	0.00016	0.0002	0.00024	0.00034	0.00038	0.0004	0.0005	0.00038	0.00048	0.0007	0.00066	0.0011	0.00138	0.00224	0.00764	0.10518	0.1386	0.11744	0.02444	0.0	0.0	0.0	0.0	0.0	0.0	0.0	0.0	0.0	0.0	0.0	0.0	0.0	0.0	0.0	0.0	0.0	0.0	0.0	0.0	0.0	0.0	
0.361876  2750.0  3000.0  2e-05	0.0	0.0	0.0	0.0	2e-05	2e-05	0.0	0.0	0.0	0.0	0.0	0.0	0.0	0.0	2e-05	4e-05	2e-05	0.0	0.0	4e-05	0.0	0.0	0.0	2e-05	2e-05	2e-05	4e-05	4e-05	6e-05	0.0	2e-05	2e-05	0.0	2e-05	0.0	2e-05	2e-05	2e-05	2e-05	4e-05	8e-05	4e-05	6e-05	4e-05	2e-05	0.0	4e-05	4e-05	6e-05	6e-05	6e-05	0.0001	6e-05	6e-05	6e-05	0.00014	0.00014	0.00024	0.00018	0.0001	0.00016	8e-05	0.00026	0.00028	0.00038	0.00042	0.00034	0.0004	0.00046	0.0005	0.00088	0.00124	0.00166	0.0026	0.01018	0.13256	0.14866	0.1099	8e-05	0.0	0.0	0.0	0.0	0.0	0.0	0.0	0.0	0.0	0.0	0.0	0.0	0.0	0.0	0.0	0.0	0.0	0.0	0.0	
0.397988  3000.0  3500.0  0.0	0.0	2e-05	0.0	0.0	2e-05	0.0	0.0	0.0	2e-05	0.0	0.0	0.0	2e-05	0.0	2e-05	0.0	0.0	0.0	2e-05	2e-05	6e-05	0.0	2e-05	0.0	0.0	4e-05	4e-05	0.0	2e-05	0.0	2e-05	2e-05	4e-05	0.0	2e-05	0.0	2e-05	2e-05	4e-05	4e-05	0.0	2e-05	0.0001	4e-05	6e-05	4e-05	6e-05	4e-05	6e-05	0.0001	0.0001	4e-05	8e-05	4e-05	4e-05	0.0001	4e-05	4e-05	0.0002	0.00018	8e-05	8e-05	0.00018	0.00032	0.00024	0.0001	0.00024	0.00016	0.00028	0.00026	0.0004	0.00038	0.0006	0.0008	0.0009	0.00166	0.00302	0.02264	0.10336	0.0893	0.0797	0.06778	0.03226	0.0	0.0	0.0	0.0	0.0	0.0	0.0	0.0	0.0	0.0	0.0	0.0	0.0	0.0	0.0	
0.178154  3500.0  4000.0  0.0	2e-05	0.0	0.0	0.0	4e-05	0.0	0.0	4e-05	2e-05	0.0	0.0	2e-05	0.0	0.0	0.0	2e-05	0.0	0.0	0.0	0.0	0.0	0.0	2e-05	6e-05	0.0	2e-05	0.0	0.0	0.0	4e-05	0.0	2e-05	4e-05	0.0	0.0	2e-05	0.0	4e-05	6e-05	2e-05	2e-05	0.0	2e-05	6e-05	8e-05	0.0	0.0	2e-05	4e-05	6e-05	0.0	6e-05	6e-05	2e-05	2e-05	6e-05	0.0001	0.00014	6e-05	0.00012	6e-05	6e-05	0.00012	6e-05	0.00016	0.0001	8e-05	8e-05	0.00014	0.00034	0.00022	0.00012	0.00032	0.00032	0.00036	0.0003	0.00068	0.00042	0.00106	0.00122	0.00164	0.0046	0.06118	0.11608	0.09998	0.08264	0.0425	0.0	0.0	0.0	0.0	0.0	0.0	0.0	0.0	0.0	0.0	0.0	
0.1511  4000.0  15000.0  0.0	0.0	0.0	0.0	0.0	2e-05	0.0	0.0	0.0	2e-05	0.0	0.0	0.0	0.0	0.0	2e-05	0.0	0.0	2e-05	2e-05	2e-05	0.0	0.0	2e-05	6e-05	0.0	0.0	2e-05	0.0	2e-05	0.0	0.0	0.0	0.0	2e-05	6e-05	4e-05	0.0	2e-05	0.0	4e-05	2e-05	2e-05	0.0	4e-05	0.0001	4e-05	2e-05	6e-05	0.0	6e-05	0.0	6e-05	4e-05	0.0	2e-05	4e-05	2e-05	6e-05	4e-05	6e-05	6e-05	6e-05	0.0001	6e-05	4e-05	0.0001	2e-05	0.00012	0.0001	0.0001	0.00014	8e-05	0.00022	0.00014	0.0001	0.00024	0.00016	0.00032	0.0002	0.00038	0.0004	0.00046	0.00074	0.00084	0.00118	0.00292	0.03288	0.07288	0.05856	0.0482	0.04128	0.03366	0.02762	0.02266	0.01652	0.01368	0.0112	0.032	
