#===============
# ll~ : ee
# qq~ : dd~
# FF  : vector
# XY  : LL RR  
# coef : 0 0
# type : Reg*Reg
# Nevs : 50000
#===============
#
# XSEC	BIN_MIN	BIN_MAX 	 Kij 
#
106.488  200.0  300.0  0.0002	0.00018	0.0006	0.0006	0.00366	0.0572	0.06056	0.06322	0.06312	0.05598	0.00108	0.0	0.0	0.0	0.0	0.0	0.0	0.0	0.0	0.0	0.0	0.0	0.0	0.0	0.0	0.0	0.0	0.0	0.0	0.0	0.0	0.0	0.0	0.0	0.0	0.0	0.0	0.0	0.0	0.0	0.0	0.0	0.0	0.0	0.0	0.0	0.0	0.0	0.0	0.0	0.0	0.0	0.0	0.0	0.0	0.0	0.0	0.0	0.0	0.0	0.0	0.0	0.0	0.0	0.0	0.0	0.0	0.0	0.0	0.0	0.0	0.0	0.0	0.0	0.0	0.0	0.0	0.0	0.0	0.0	0.0	0.0	0.0	0.0	0.0	0.0	0.0	0.0	0.0	0.0	0.0	0.0	0.0	0.0	0.0	0.0	0.0	0.0	0.0	
96.256  300.0  400.0  0.00012	0.00012	0.00018	0.00012	0.0001	0.0004	0.00034	0.00092	0.00106	0.00656	0.06936	0.06858	0.0707	0.06878	0.06276	0.00188	0.0	0.0	0.0	0.0	0.0	0.0	0.0	0.0	0.0	0.0	0.0	0.0	0.0	0.0	0.0	0.0	0.0	0.0	0.0	0.0	0.0	0.0	0.0	0.0	0.0	0.0	0.0	0.0	0.0	0.0	0.0	0.0	0.0	0.0	0.0	0.0	0.0	0.0	0.0	0.0	0.0	0.0	0.0	0.0	0.0	0.0	0.0	0.0	0.0	0.0	0.0	0.0	0.0	0.0	0.0	0.0	0.0	0.0	0.0	0.0	0.0	0.0	0.0	0.0	0.0	0.0	0.0	0.0	0.0	0.0	0.0	0.0	0.0	0.0	0.0	0.0	0.0	0.0	0.0	0.0	0.0	0.0	0.0	
86.312  400.0  500.0  0.0	4e-05	2e-05	4e-05	8e-05	0.00024	0.00026	0.00038	0.00038	0.00052	0.00048	0.0005	0.00094	0.00164	0.00802	0.07176	0.07274	0.07322	0.07316	0.06306	0.00228	0.0	0.0	0.0	0.0	0.0	0.0	0.0	0.0	0.0	0.0	0.0	0.0	0.0	0.0	0.0	0.0	0.0	0.0	0.0	0.0	0.0	0.0	0.0	0.0	0.0	0.0	0.0	0.0	0.0	0.0	0.0	0.0	0.0	0.0	0.0	0.0	0.0	0.0	0.0	0.0	0.0	0.0	0.0	0.0	0.0	0.0	0.0	0.0	0.0	0.0	0.0	0.0	0.0	0.0	0.0	0.0	0.0	0.0	0.0	0.0	0.0	0.0	0.0	0.0	0.0	0.0	0.0	0.0	0.0	0.0	0.0	0.0	0.0	0.0	0.0	0.0	0.0	0.0	
77.018  500.0  600.0  4e-05	0.0	4e-05	4e-05	6e-05	0.00012	8e-05	0.00012	0.00028	0.00016	0.0002	0.00024	0.00036	0.00042	0.00054	0.0003	0.00096	0.00114	0.0017	0.0097	0.07738	0.07814	0.07566	0.07334	0.06528	0.00286	0.0	0.0	0.0	0.0	0.0	0.0	0.0	0.0	0.0	0.0	0.0	0.0	0.0	0.0	0.0	0.0	0.0	0.0	0.0	0.0	0.0	0.0	0.0	0.0	0.0	0.0	0.0	0.0	0.0	0.0	0.0	0.0	0.0	0.0	0.0	0.0	0.0	0.0	0.0	0.0	0.0	0.0	0.0	0.0	0.0	0.0	0.0	0.0	0.0	0.0	0.0	0.0	0.0	0.0	0.0	0.0	0.0	0.0	0.0	0.0	0.0	0.0	0.0	0.0	0.0	0.0	0.0	0.0	0.0	0.0	0.0	0.0	0.0	
68.708  600.0  700.0  4e-05	0.0	4e-05	4e-05	8e-05	8e-05	2e-05	8e-05	0.00012	0.00012	0.0001	0.00024	0.00018	0.0002	0.00016	0.00032	0.00034	0.00034	0.00032	0.00054	0.0006	0.001	0.00134	0.00256	0.01186	0.11644	0.1196	0.10884	0.03266	0.0	0.0	0.0	0.0	0.0	0.0	0.0	0.0	0.0	0.0	0.0	0.0	0.0	0.0	0.0	0.0	0.0	0.0	0.0	0.0	0.0	0.0	0.0	0.0	0.0	0.0	0.0	0.0	0.0	0.0	0.0	0.0	0.0	0.0	0.0	0.0	0.0	0.0	0.0	0.0	0.0	0.0	0.0	0.0	0.0	0.0	0.0	0.0	0.0	0.0	0.0	0.0	0.0	0.0	0.0	0.0	0.0	0.0	0.0	0.0	0.0	0.0	0.0	0.0	0.0	0.0	0.0	0.0	0.0	0.0	
61.236  700.0  800.0  2e-05	0.0	0.0	2e-05	0.0	2e-05	6e-05	0.00012	0.00012	6e-05	8e-05	0.00014	0.00012	0.0002	0.00016	0.00018	0.00014	0.00026	0.00038	0.00036	0.00028	0.00028	0.00036	0.0004	0.00058	0.00134	0.002	0.0054	0.08836	0.12294	0.11132	0.0665	0.0	0.0	0.0	0.0	0.0	0.0	0.0	0.0	0.0	0.0	0.0	0.0	0.0	0.0	0.0	0.0	0.0	0.0	0.0	0.0	0.0	0.0	0.0	0.0	0.0	0.0	0.0	0.0	0.0	0.0	0.0	0.0	0.0	0.0	0.0	0.0	0.0	0.0	0.0	0.0	0.0	0.0	0.0	0.0	0.0	0.0	0.0	0.0	0.0	0.0	0.0	0.0	0.0	0.0	0.0	0.0	0.0	0.0	0.0	0.0	0.0	0.0	0.0	0.0	0.0	0.0	0.0	
54.488  800.0  900.0  0.0	0.0	0.0	0.0	0.0	4e-05	4e-05	6e-05	0.0	8e-05	0.0001	0.0001	8e-05	8e-05	0.00014	0.0002	0.0001	0.00016	0.00022	0.00012	0.00026	0.00024	0.00026	0.00018	0.0003	0.00056	0.00062	0.00096	0.00082	0.00128	0.00382	0.05224	0.12128	0.11856	0.0984	0.00356	0.0	0.0	0.0	0.0	0.0	0.0	0.0	0.0	0.0	0.0	0.0	0.0	0.0	0.0	0.0	0.0	0.0	0.0	0.0	0.0	0.0	0.0	0.0	0.0	0.0	0.0	0.0	0.0	0.0	0.0	0.0	0.0	0.0	0.0	0.0	0.0	0.0	0.0	0.0	0.0	0.0	0.0	0.0	0.0	0.0	0.0	0.0	0.0	0.0	0.0	0.0	0.0	0.0	0.0	0.0	0.0	0.0	0.0	0.0	0.0	0.0	0.0	0.0	
48.466  900.0  1000.0  4e-05	2e-05	4e-05	4e-05	0.0	0.0	6e-05	4e-05	4e-05	8e-05	2e-05	4e-05	0.00012	8e-05	0.0001	0.00016	0.00016	4e-05	0.00018	0.0002	0.00026	0.00014	0.00014	0.0002	0.00018	0.00048	0.00044	0.0005	0.00054	0.0008	0.00104	0.00122	0.00134	0.00332	0.01588	0.19798	0.17886	0.00326	0.0	0.0	0.0	0.0	0.0	0.0	0.0	0.0	0.0	0.0	0.0	0.0	0.0	0.0	0.0	0.0	0.0	0.0	0.0	0.0	0.0	0.0	0.0	0.0	0.0	0.0	0.0	0.0	0.0	0.0	0.0	0.0	0.0	0.0	0.0	0.0	0.0	0.0	0.0	0.0	0.0	0.0	0.0	0.0	0.0	0.0	0.0	0.0	0.0	0.0	0.0	0.0	0.0	0.0	0.0	0.0	0.0	0.0	0.0	0.0	0.0	
81.458  1000.0  1200.0  0.0	4e-05	4e-05	0.0	4e-05	2e-05	2e-05	2e-05	2e-05	4e-05	2e-05	6e-05	4e-05	8e-05	0.0	0.0001	0.0001	6e-05	6e-05	0.00014	4e-05	0.00024	0.00018	0.0002	0.00014	0.00026	0.00034	0.00022	0.00028	0.00036	0.0004	0.00034	0.0005	0.00072	0.00088	0.00224	0.01112	0.10698	0.10122	0.09526	0.08	0.0021	0.0	0.0	0.0	0.0	0.0	0.0	0.0	0.0	0.0	0.0	0.0	0.0	0.0	0.0	0.0	0.0	0.0	0.0	0.0	0.0	0.0	0.0	0.0	0.0	0.0	0.0	0.0	0.0	0.0	0.0	0.0	0.0	0.0	0.0	0.0	0.0	0.0	0.0	0.0	0.0	0.0	0.0	0.0	0.0	0.0	0.0	0.0	0.0	0.0	0.0	0.0	0.0	0.0	0.0	0.0	0.0	0.0	
64.032  1200.0  1400.0  4e-05	0.0	0.0	0.0	0.0	0.0	0.0	2e-05	2e-05	6e-05	4e-05	0.0001	6e-05	4e-05	4e-05	2e-05	8e-05	4e-05	6e-05	2e-05	6e-05	4e-05	4e-05	0.00012	6e-05	0.0001	0.0001	0.00024	0.00014	0.00036	0.00034	0.00024	0.00014	0.00028	0.00034	0.00068	0.00102	0.00094	0.00138	0.00238	0.01164	0.10482	0.11978	0.10978	0.04614	0.0	0.0	0.0	0.0	0.0	0.0	0.0	0.0	0.0	0.0	0.0	0.0	0.0	0.0	0.0	0.0	0.0	0.0	0.0	0.0	0.0	0.0	0.0	0.0	0.0	0.0	0.0	0.0	0.0	0.0	0.0	0.0	0.0	0.0	0.0	0.0	0.0	0.0	0.0	0.0	0.0	0.0	0.0	0.0	0.0	0.0	0.0	0.0	0.0	0.0	0.0	0.0	0.0	0.0	
50.114  1400.0  1600.0  0.0	0.0	0.0	0.0	0.0	0.0	0.0	0.0	2e-05	2e-05	6e-05	4e-05	4e-05	4e-05	2e-05	6e-05	8e-05	0.0	2e-05	4e-05	8e-05	6e-05	4e-05	0.00014	8e-05	0.00022	0.0001	0.0001	0.0001	0.00022	0.00016	2e-05	0.00018	0.00022	0.00014	0.00028	0.00052	0.00032	0.00074	0.00058	0.00092	0.00112	0.00154	0.0048	0.07198	0.12254	0.11406	0.08072	0.0	0.0	0.0	0.0	0.0	0.0	0.0	0.0	0.0	0.0	0.0	0.0	0.0	0.0	0.0	0.0	0.0	0.0	0.0	0.0	0.0	0.0	0.0	0.0	0.0	0.0	0.0	0.0	0.0	0.0	0.0	0.0	0.0	0.0	0.0	0.0	0.0	0.0	0.0	0.0	0.0	0.0	0.0	0.0	0.0	0.0	0.0	0.0	0.0	0.0	0.0	
38.9096  1600.0  1800.0  0.0	0.0	2e-05	2e-05	0.0	0.0	0.0	0.0	4e-05	0.0	2e-05	2e-05	0.0	6e-05	4e-05	6e-05	2e-05	6e-05	4e-05	8e-05	4e-05	4e-05	6e-05	4e-05	8e-05	2e-05	4e-05	4e-05	8e-05	4e-05	0.0001	8e-05	0.00012	0.00012	0.00014	0.00016	0.00016	0.00042	0.0003	0.00032	0.0004	0.00052	0.00068	0.00078	0.00114	0.00146	0.0035	0.03232	0.1469	0.13342	0.07948	0.0	0.0	0.0	0.0	0.0	0.0	0.0	0.0	0.0	0.0	0.0	0.0	0.0	0.0	0.0	0.0	0.0	0.0	0.0	0.0	0.0	0.0	0.0	0.0	0.0	0.0	0.0	0.0	0.0	0.0	0.0	0.0	0.0	0.0	0.0	0.0	0.0	0.0	0.0	0.0	0.0	0.0	0.0	0.0	0.0	0.0	0.0	0.0	
29.9832  1800.0  2000.0  0.0	0.0	0.0	0.0	0.0	2e-05	2e-05	2e-05	2e-05	0.0	0.0	2e-05	4e-05	4e-05	0.0	0.0	6e-05	2e-05	2e-05	8e-05	0.0001	0.0001	8e-05	4e-05	2e-05	4e-05	0.0001	0.0001	0.0001	4e-05	6e-05	6e-05	4e-05	6e-05	2e-05	0.00026	0.0002	0.00022	0.0002	0.00022	0.00042	0.0004	0.00048	0.00058	0.0007	0.00068	0.0009	0.00118	0.0018	0.00408	0.05498	0.14304	0.14916	0.04498	0.0	0.0	0.0	0.0	0.0	0.0	0.0	0.0	0.0	0.0	0.0	0.0	0.0	0.0	0.0	0.0	0.0	0.0	0.0	0.0	0.0	0.0	0.0	0.0	0.0	0.0	0.0	0.0	0.0	0.0	0.0	0.0	0.0	0.0	0.0	0.0	0.0	0.0	0.0	0.0	0.0	0.0	0.0	0.0	0.0	
27.744  2000.0  2250.0  0.0	0.0	0.0	0.0	0.0	0.0	0.0	0.0	2e-05	4e-05	0.0	2e-05	0.0	6e-05	2e-05	0.0	2e-05	0.0	4e-05	0.0	0.0	6e-05	0.0	0.0	2e-05	8e-05	0.0001	8e-05	2e-05	0.0001	0.0	0.00012	8e-05	0.0001	6e-05	0.00016	0.0002	0.0002	0.00026	0.00024	0.00012	0.00022	0.00028	0.00038	0.0004	0.00032	0.00034	0.00054	0.00068	0.00118	0.00142	0.00142	0.00664	0.0977	0.13038	0.11302	0.04746	0.0	0.0	0.0	0.0	0.0	0.0	0.0	0.0	0.0	0.0	0.0	0.0	0.0	0.0	0.0	0.0	0.0	0.0	0.0	0.0	0.0	0.0	0.0	0.0	0.0	0.0	0.0	0.0	0.0	0.0	0.0	0.0	0.0	0.0	0.0	0.0	0.0	0.0	0.0	0.0	0.0	0.0	
19.596  2250.0  2500.0  0.0	2e-05	0.0	0.0	0.0	2e-05	0.0	0.0	0.0	0.0	0.0	0.0	0.0	2e-05	2e-05	0.0	2e-05	2e-05	2e-05	4e-05	4e-05	0.0	2e-05	0.0	2e-05	4e-05	4e-05	6e-05	0.00012	4e-05	0.00016	0.0	2e-05	6e-05	2e-05	8e-05	0.00012	0.00012	8e-05	0.00018	2e-05	0.00014	0.00024	0.0002	0.00026	0.0004	0.00028	0.00036	0.00038	0.00072	0.00086	0.0009	0.00106	0.00134	0.00228	0.00542	0.08276	0.13342	0.11816	0.06096	0.0	0.0	0.0	0.0	0.0	0.0	0.0	0.0	0.0	0.0	0.0	0.0	0.0	0.0	0.0	0.0	0.0	0.0	0.0	0.0	0.0	0.0	0.0	0.0	0.0	0.0	0.0	0.0	0.0	0.0	0.0	0.0	0.0	0.0	0.0	0.0	0.0	0.0	0.0	
13.628  2500.0  2750.0  0.0	0.0	0.0	0.0	2e-05	0.0	0.0	0.0	0.0	0.0	2e-05	0.0	0.0	0.0	2e-05	0.0	0.0	0.0	4e-05	2e-05	2e-05	0.0	2e-05	0.0	4e-05	0.0	8e-05	6e-05	4e-05	2e-05	6e-05	6e-05	2e-05	2e-05	0.0	0.0001	4e-05	0.0001	4e-05	0.0001	8e-05	8e-05	0.00018	0.00018	6e-05	0.00016	0.00024	0.00032	0.00012	0.00038	0.00034	0.00044	0.00054	0.00078	0.00084	0.00124	0.00124	0.0016	0.00558	0.06722	0.13642	0.1185	0.07522	0.0	0.0	0.0	0.0	0.0	0.0	0.0	0.0	0.0	0.0	0.0	0.0	0.0	0.0	0.0	0.0	0.0	0.0	0.0	0.0	0.0	0.0	0.0	0.0	0.0	0.0	0.0	0.0	0.0	0.0	0.0	0.0	0.0	0.0	0.0	0.0	
9.3464  2750.0  3000.0  0.0	0.0	2e-05	0.0	2e-05	0.0	0.0	0.0	0.0	0.0	2e-05	4e-05	2e-05	0.0	2e-05	2e-05	0.0	2e-05	2e-05	2e-05	2e-05	2e-05	0.0	2e-05	2e-05	6e-05	4e-05	0.0	2e-05	8e-05	4e-05	6e-05	8e-05	6e-05	6e-05	0.00012	4e-05	0.00012	0.00012	0.00012	4e-05	0.0001	8e-05	0.00018	0.00016	0.00014	0.00024	0.00018	0.00022	0.00026	0.00016	0.00032	0.00044	0.00054	0.00052	0.00054	0.00064	0.00092	0.00118	0.00148	0.00204	0.00514	0.04922	0.14008	0.12108	0.08742	0.00018	0.0	0.0	0.0	0.0	0.0	0.0	0.0	0.0	0.0	0.0	0.0	0.0	0.0	0.0	0.0	0.0	0.0	0.0	0.0	0.0	0.0	0.0	0.0	0.0	0.0	0.0	0.0	0.0	0.0	0.0	0.0	0.0	
10.4854  3000.0  3500.0  2e-05	0.0	0.0	0.0	0.0	0.0	0.0	0.0	0.0	2e-05	0.0	0.0	0.0	0.0	0.0	0.0	0.0	0.0	2e-05	0.0	2e-05	2e-05	0.0	2e-05	6e-05	4e-05	8e-05	0.0	0.0	8e-05	2e-05	6e-05	6e-05	6e-05	8e-05	0.00012	2e-05	6e-05	0.00014	6e-05	0.0001	0.0	0.00016	6e-05	0.00012	0.00016	0.0001	0.00018	0.00014	0.00016	0.00016	0.00026	8e-05	0.0002	0.0002	0.00028	0.00042	0.0004	0.00046	0.00054	0.00062	0.0007	0.00128	0.0018	0.00354	0.02006	0.08942	0.07466	0.06734	0.06018	0.05192	0.04176	0.00444	0.0	0.0	0.0	0.0	0.0	0.0	0.0	0.0	0.0	0.0	0.0	0.0	0.0	0.0	0.0	0.0	0.0	0.0	0.0	0.0	0.0	0.0	0.0	0.0	0.0	0.0	
4.433  3500.0  4000.0  0.0	0.0	2e-05	0.0	0.0	0.0	0.0	0.0	0.0	0.0	0.0	2e-05	0.0	0.0	4e-05	0.0	0.0	0.0	0.0	0.0	2e-05	4e-05	2e-05	0.0	0.0	2e-05	2e-05	0.0	0.0	0.0	4e-05	2e-05	4e-05	6e-05	4e-05	4e-05	2e-05	6e-05	2e-05	6e-05	6e-05	4e-05	8e-05	0.0	8e-05	8e-05	0.0001	0.0001	0.0001	0.00018	0.00012	0.00012	0.00018	0.00014	8e-05	0.00032	0.00028	0.0001	0.00028	0.00028	0.0004	0.00042	0.0004	0.00044	0.00028	0.00058	0.00072	0.0007	0.00128	0.0015	0.00284	0.00896	0.0816	0.0788	0.06962	0.05888	0.05194	0.04284	0.01336	0.0	0.0	0.0	0.0	0.0	0.0	0.0	0.0	0.0	0.0	0.0	0.0	0.0	0.0	0.0	0.0	0.0	0.0	0.0	0.0	
2.4307  4000.0  15000.0  0.0	0.0	0.0	0.0	0.0	0.0	2e-05	0.0	0.0	0.0	0.0	0.0	0.0	0.0	0.0	0.0	0.0	2e-05	0.0	0.0	0.0	0.0	6e-05	0.0	0.0	4e-05	2e-05	0.0	4e-05	2e-05	8e-05	0.0	2e-05	2e-05	6e-05	8e-05	0.0	4e-05	0.0	4e-05	4e-05	8e-05	2e-05	0.0	2e-05	4e-05	4e-05	0.00012	6e-05	6e-05	8e-05	6e-05	8e-05	2e-05	6e-05	0.00016	0.0002	0.00016	0.0002	0.00016	0.00028	0.00024	0.00028	0.00018	0.00016	0.00032	0.00028	0.00046	0.0005	0.00044	0.0003	0.00038	0.00068	0.00068	0.00068	0.00134	0.00184	0.0043	0.0488	0.05902	0.05132	0.04024	0.0352	0.03048	0.02374	0.01974	0.0167	0.0123	0.01134	0.00942	0.00776	0.00724	0.00578	0.00444	0.0039	0.0035	0.00248	0.00298	0.00202	
