#===============
# ll~ : ee
# qq~ : bb~
# FF  : vector
# XY  : LL RR  
# coef : 0 0
# type : A*Z
# Nevs : 50000
#===============
#
# XSEC	BIN_MIN	BIN_MAX 	 Kij 
#
1.75028  200.0  300.0  0.00048	0.00056	0.00078	0.00104	0.01044	0.13628	0.09164	0.06	0.04026	0.02688	0.00064	0.0	0.0	0.0	0.0	0.0	0.0	0.0	0.0	0.0	0.0	0.0	0.0	0.0	0.0	0.0	0.0	0.0	0.0	0.0	0.0	0.0	0.0	0.0	0.0	0.0	0.0	0.0	0.0	0.0	0.0	0.0	0.0	0.0	0.0	0.0	0.0	0.0	0.0	0.0	0.0	0.0	0.0	0.0	0.0	0.0	0.0	0.0	0.0	0.0	0.0	0.0	0.0	0.0	0.0	0.0	0.0	0.0	0.0	0.0	0.0	0.0	0.0	0.0	0.0	0.0	0.0	0.0	0.0	0.0	0.0	0.0	0.0	0.0	0.0	0.0	0.0	0.0	0.0	0.0	0.0	0.0	0.0	0.0	0.0	0.0	0.0	0.0	0.0	
0.27932  300.0  400.0  0.00012	0.00014	0.00012	0.00016	0.00012	0.00054	0.00082	0.00104	0.0016	0.01374	0.12896	0.09544	0.0724	0.05394	0.03622	0.0012	0.0	0.0	0.0	0.0	0.0	0.0	0.0	0.0	0.0	0.0	0.0	0.0	0.0	0.0	0.0	0.0	0.0	0.0	0.0	0.0	0.0	0.0	0.0	0.0	0.0	0.0	0.0	0.0	0.0	0.0	0.0	0.0	0.0	0.0	0.0	0.0	0.0	0.0	0.0	0.0	0.0	0.0	0.0	0.0	0.0	0.0	0.0	0.0	0.0	0.0	0.0	0.0	0.0	0.0	0.0	0.0	0.0	0.0	0.0	0.0	0.0	0.0	0.0	0.0	0.0	0.0	0.0	0.0	0.0	0.0	0.0	0.0	0.0	0.0	0.0	0.0	0.0	0.0	0.0	0.0	0.0	0.0	0.0	
0.0698  400.0  500.0  2e-05	0.0001	2e-05	0.00012	0.0001	0.00016	0.00028	0.00024	0.00044	0.00042	0.00076	0.00088	0.0013	0.00214	0.01484	0.12124	0.09946	0.07608	0.06136	0.04398	0.00152	0.0	0.0	0.0	0.0	0.0	0.0	0.0	0.0	0.0	0.0	0.0	0.0	0.0	0.0	0.0	0.0	0.0	0.0	0.0	0.0	0.0	0.0	0.0	0.0	0.0	0.0	0.0	0.0	0.0	0.0	0.0	0.0	0.0	0.0	0.0	0.0	0.0	0.0	0.0	0.0	0.0	0.0	0.0	0.0	0.0	0.0	0.0	0.0	0.0	0.0	0.0	0.0	0.0	0.0	0.0	0.0	0.0	0.0	0.0	0.0	0.0	0.0	0.0	0.0	0.0	0.0	0.0	0.0	0.0	0.0	0.0	0.0	0.0	0.0	0.0	0.0	0.0	0.0	
0.02241  500.0  600.0  4e-05	4e-05	0.0	0.0	4e-05	0.00012	0.00026	0.00018	0.00022	0.00044	0.0004	0.00022	0.00042	0.00036	0.00072	0.00086	0.00094	0.00142	0.00228	0.01428	0.1174	0.0967	0.07922	0.06344	0.04852	0.0017	0.0	0.0	0.0	0.0	0.0	0.0	0.0	0.0	0.0	0.0	0.0	0.0	0.0	0.0	0.0	0.0	0.0	0.0	0.0	0.0	0.0	0.0	0.0	0.0	0.0	0.0	0.0	0.0	0.0	0.0	0.0	0.0	0.0	0.0	0.0	0.0	0.0	0.0	0.0	0.0	0.0	0.0	0.0	0.0	0.0	0.0	0.0	0.0	0.0	0.0	0.0	0.0	0.0	0.0	0.0	0.0	0.0	0.0	0.0	0.0	0.0	0.0	0.0	0.0	0.0	0.0	0.0	0.0	0.0	0.0	0.0	0.0	0.0	
0.00858  600.0  700.0  2e-05	4e-05	4e-05	2e-05	2e-05	4e-05	0.00016	0.00012	0.0001	0.00022	0.00018	0.00014	0.0001	0.00022	0.00026	0.00034	0.0005	0.00048	0.00038	0.00068	0.00078	0.00118	0.00162	0.00302	0.01576	0.15934	0.12688	0.09348	0.02434	0.0	0.0	0.0	0.0	0.0	0.0	0.0	0.0	0.0	0.0	0.0	0.0	0.0	0.0	0.0	0.0	0.0	0.0	0.0	0.0	0.0	0.0	0.0	0.0	0.0	0.0	0.0	0.0	0.0	0.0	0.0	0.0	0.0	0.0	0.0	0.0	0.0	0.0	0.0	0.0	0.0	0.0	0.0	0.0	0.0	0.0	0.0	0.0	0.0	0.0	0.0	0.0	0.0	0.0	0.0	0.0	0.0	0.0	0.0	0.0	0.0	0.0	0.0	0.0	0.0	0.0	0.0	0.0	0.0	0.0	
0.00358  700.0  800.0  0.0	0.0	2e-05	2e-05	0.0	4e-05	0.00014	6e-05	0.00012	0.00016	0.00022	6e-05	0.00016	0.0002	0.0002	0.00028	0.0001	0.00026	0.0003	0.00036	0.00034	0.0005	0.00054	0.00056	0.00058	0.00126	0.00194	0.00692	0.1215	0.13678	0.10396	0.05298	0.0	0.0	0.0	0.0	0.0	0.0	0.0	0.0	0.0	0.0	0.0	0.0	0.0	0.0	0.0	0.0	0.0	0.0	0.0	0.0	0.0	0.0	0.0	0.0	0.0	0.0	0.0	0.0	0.0	0.0	0.0	0.0	0.0	0.0	0.0	0.0	0.0	0.0	0.0	0.0	0.0	0.0	0.0	0.0	0.0	0.0	0.0	0.0	0.0	0.0	0.0	0.0	0.0	0.0	0.0	0.0	0.0	0.0	0.0	0.0	0.0	0.0	0.0	0.0	0.0	0.0	0.0	
0.00166  800.0  900.0  0.0	0.0	0.0	4e-05	0.0	4e-05	0.0	0.0001	8e-05	4e-05	0.00016	6e-05	0.00012	6e-05	0.00014	0.00014	0.0001	0.00022	0.00024	0.0002	0.00024	0.00026	0.00038	0.00036	0.00024	0.00082	0.00046	0.00074	0.00126	0.0022	0.00522	0.06874	0.1441	0.1164	0.08334	0.00232	0.0	0.0	0.0	0.0	0.0	0.0	0.0	0.0	0.0	0.0	0.0	0.0	0.0	0.0	0.0	0.0	0.0	0.0	0.0	0.0	0.0	0.0	0.0	0.0	0.0	0.0	0.0	0.0	0.0	0.0	0.0	0.0	0.0	0.0	0.0	0.0	0.0	0.0	0.0	0.0	0.0	0.0	0.0	0.0	0.0	0.0	0.0	0.0	0.0	0.0	0.0	0.0	0.0	0.0	0.0	0.0	0.0	0.0	0.0	0.0	0.0	0.0	0.0	
0.00082  900.0  1000.0  0.0	0.0	2e-05	2e-05	0.0	4e-05	4e-05	4e-05	6e-05	2e-05	8e-05	0.00016	8e-05	8e-05	0.00012	8e-05	0.0001	4e-05	8e-05	0.00018	0.00012	0.0001	0.0002	0.00026	0.00024	0.00044	0.00038	0.00064	0.00064	0.00074	0.00126	0.00076	0.00148	0.00334	0.01942	0.23306	0.15546	0.00236	0.0	0.0	0.0	0.0	0.0	0.0	0.0	0.0	0.0	0.0	0.0	0.0	0.0	0.0	0.0	0.0	0.0	0.0	0.0	0.0	0.0	0.0	0.0	0.0	0.0	0.0	0.0	0.0	0.0	0.0	0.0	0.0	0.0	0.0	0.0	0.0	0.0	0.0	0.0	0.0	0.0	0.0	0.0	0.0	0.0	0.0	0.0	0.0	0.0	0.0	0.0	0.0	0.0	0.0	0.0	0.0	0.0	0.0	0.0	0.0	0.0	
0.00066  1000.0  1200.0  2e-05	0.0	0.0	2e-05	2e-05	2e-05	2e-05	4e-05	2e-05	4e-05	2e-05	0.0001	8e-05	0.00014	8e-05	0.00012	0.00014	8e-05	2e-05	0.00012	0.00014	0.00014	0.00016	0.00016	0.00014	0.00016	0.00028	0.00016	0.00038	0.00028	0.00034	0.0006	0.00068	0.00074	0.00088	0.00204	0.01554	0.1484	0.1116	0.08048	0.0535	0.00124	0.0	0.0	0.0	0.0	0.0	0.0	0.0	0.0	0.0	0.0	0.0	0.0	0.0	0.0	0.0	0.0	0.0	0.0	0.0	0.0	0.0	0.0	0.0	0.0	0.0	0.0	0.0	0.0	0.0	0.0	0.0	0.0	0.0	0.0	0.0	0.0	0.0	0.0	0.0	0.0	0.0	0.0	0.0	0.0	0.0	0.0	0.0	0.0	0.0	0.0	0.0	0.0	0.0	0.0	0.0	0.0	0.0	
0.00021  1200.0  1400.0  2e-05	0.0	0.0	0.0	0.0	2e-05	6e-05	0.0	6e-05	6e-05	4e-05	4e-05	2e-05	6e-05	4e-05	2e-05	6e-05	2e-05	4e-05	4e-05	6e-05	0.0001	0.00014	0.0001	0.00014	0.00012	0.00018	0.00024	0.00026	0.00028	0.0002	0.00024	0.00018	0.0002	0.0003	0.00074	0.00102	0.0011	0.0017	0.00238	0.01582	0.14006	0.12768	0.08964	0.03344	0.0	0.0	0.0	0.0	0.0	0.0	0.0	0.0	0.0	0.0	0.0	0.0	0.0	0.0	0.0	0.0	0.0	0.0	0.0	0.0	0.0	0.0	0.0	0.0	0.0	0.0	0.0	0.0	0.0	0.0	0.0	0.0	0.0	0.0	0.0	0.0	0.0	0.0	0.0	0.0	0.0	0.0	0.0	0.0	0.0	0.0	0.0	0.0	0.0	0.0	0.0	0.0	0.0	0.0	
7e-05  1400.0  1600.0  0.0	0.0	2e-05	0.0	0.0	2e-05	2e-05	6e-05	0.0	2e-05	0.0	2e-05	6e-05	2e-05	2e-05	6e-05	0.0	0.0	0.00012	2e-05	0.0001	2e-05	8e-05	2e-05	6e-05	0.00028	0.0001	0.00014	0.00014	0.00012	0.00024	6e-05	0.0002	8e-05	0.0002	0.00038	0.00042	0.0006	0.00062	0.0009	0.00098	0.00098	0.00208	0.00514	0.0958	0.13782	0.10126	0.06122	2e-05	0.0	0.0	0.0	0.0	0.0	0.0	0.0	0.0	0.0	0.0	0.0	0.0	0.0	0.0	0.0	0.0	0.0	0.0	0.0	0.0	0.0	0.0	0.0	0.0	0.0	0.0	0.0	0.0	0.0	0.0	0.0	0.0	0.0	0.0	0.0	0.0	0.0	0.0	0.0	0.0	0.0	0.0	0.0	0.0	0.0	0.0	0.0	0.0	0.0	0.0	
3e-05  1600.0  1800.0  0.0	0.0	0.0	0.0	2e-05	2e-05	0.0	2e-05	2e-05	2e-05	0.0	0.0	6e-05	2e-05	2e-05	6e-05	6e-05	4e-05	4e-05	6e-05	2e-05	8e-05	4e-05	4e-05	2e-05	6e-05	6e-05	0.00014	0.00012	0.0001	0.0002	0.00014	6e-05	0.00012	8e-05	0.00016	0.0004	0.00032	0.00024	0.00034	0.0006	0.0005	0.00074	0.00118	0.00106	0.00168	0.00414	0.04366	0.16936	0.12294	0.05908	0.0	0.0	0.0	0.0	0.0	0.0	0.0	0.0	0.0	0.0	0.0	0.0	0.0	0.0	0.0	0.0	0.0	0.0	0.0	0.0	0.0	0.0	0.0	0.0	0.0	0.0	0.0	0.0	0.0	0.0	0.0	0.0	0.0	0.0	0.0	0.0	0.0	0.0	0.0	0.0	0.0	0.0	0.0	0.0	0.0	0.0	0.0	0.0	
1e-05  1800.0  2000.0  0.0	0.0	2e-05	0.0	0.0	0.0	0.0	0.0	2e-05	2e-05	4e-05	0.0	2e-05	0.0	4e-05	2e-05	0.0	6e-05	2e-05	4e-05	2e-05	6e-05	8e-05	2e-05	0.0001	4e-05	0.0001	8e-05	8e-05	0.00012	8e-05	8e-05	0.00014	0.0001	0.00012	0.00018	0.00016	0.00014	0.00032	0.0003	0.00024	0.0004	0.00042	0.00044	0.00052	0.0008	0.00106	0.00112	0.00174	0.00474	0.06896	0.16138	0.13012	0.03452	0.0	0.0	0.0	0.0	0.0	0.0	0.0	0.0	0.0	0.0	0.0	0.0	0.0	0.0	0.0	0.0	0.0	0.0	0.0	0.0	0.0	0.0	0.0	0.0	0.0	0.0	0.0	0.0	0.0	0.0	0.0	0.0	0.0	0.0	0.0	0.0	0.0	0.0	0.0	0.0	0.0	0.0	0.0	0.0	0.0	
1e-05  2000.0  2250.0  0.0	0.0	2e-05	0.0	0.0	0.0	2e-05	0.0	2e-05	2e-05	2e-05	0.0	2e-05	0.0	4e-05	4e-05	2e-05	2e-05	6e-05	4e-05	2e-05	2e-05	4e-05	0.0	2e-05	4e-05	2e-05	6e-05	6e-05	0.00012	4e-05	0.0001	8e-05	0.00016	8e-05	6e-05	0.0001	0.00026	0.00026	0.0001	0.0003	0.0001	0.00026	0.0002	0.00028	0.00044	0.0005	0.00048	0.001	0.00082	0.0014	0.0017	0.00684	0.12158	0.1368	0.09936	0.03608	0.0	0.0	0.0	0.0	0.0	0.0	0.0	0.0	0.0	0.0	0.0	0.0	0.0	0.0	0.0	0.0	0.0	0.0	0.0	0.0	0.0	0.0	0.0	0.0	0.0	0.0	0.0	0.0	0.0	0.0	0.0	0.0	0.0	0.0	0.0	0.0	0.0	0.0	0.0	0.0	0.0	0.0	
0.0  2250.0  2500.0  0.0	0.0	0.0	0.0	0.0	2e-05	0.0	6e-05	0.0	2e-05	2e-05	2e-05	0.0	0.0	0.0	4e-05	0.0	0.0	2e-05	0.0	2e-05	2e-05	4e-05	0.0	4e-05	4e-05	2e-05	4e-05	8e-05	6e-05	6e-05	4e-05	6e-05	6e-05	6e-05	0.00014	0.00012	8e-05	0.0001	0.00014	0.00016	0.00018	0.00018	0.00016	0.00026	0.00018	0.0003	0.00038	0.00054	0.00044	0.00068	0.00082	0.00084	0.0014	0.00198	0.00716	0.10096	0.14276	0.1038	0.04676	0.0	0.0	0.0	0.0	0.0	0.0	0.0	0.0	0.0	0.0	0.0	0.0	0.0	0.0	0.0	0.0	0.0	0.0	0.0	0.0	0.0	0.0	0.0	0.0	0.0	0.0	0.0	0.0	0.0	0.0	0.0	0.0	0.0	0.0	0.0	0.0	0.0	0.0	0.0	
0.0  2500.0  2750.0  0.0	0.0	0.0	0.0	2e-05	0.0	0.0	2e-05	0.0	2e-05	0.0	0.0	2e-05	2e-05	2e-05	0.0	4e-05	2e-05	2e-05	4e-05	0.0	0.0	2e-05	6e-05	4e-05	2e-05	2e-05	6e-05	2e-05	8e-05	2e-05	6e-05	6e-05	2e-05	0.0002	4e-05	0.0001	4e-05	0.00014	0.0001	8e-05	0.00016	0.00016	6e-05	0.0001	0.0002	0.0002	0.00026	0.00044	0.0004	0.0003	0.00046	0.00068	0.00064	0.00084	0.00112	0.00144	0.00202	0.00614	0.0801	0.14784	0.11196	0.05998	0.0	0.0	0.0	0.0	0.0	0.0	0.0	0.0	0.0	0.0	0.0	0.0	0.0	0.0	0.0	0.0	0.0	0.0	0.0	0.0	0.0	0.0	0.0	0.0	0.0	0.0	0.0	0.0	0.0	0.0	0.0	0.0	0.0	0.0	0.0	0.0	
0.0  2750.0  3000.0  0.0	0.0	0.0	0.0	0.0	0.0	2e-05	6e-05	2e-05	0.0	2e-05	0.0	0.0	0.0	6e-05	0.0	2e-05	2e-05	2e-05	4e-05	0.0	6e-05	2e-05	2e-05	6e-05	2e-05	6e-05	4e-05	2e-05	8e-05	4e-05	4e-05	0.0	0.0	4e-05	0.0002	0.0	8e-05	0.0001	4e-05	0.0001	0.0001	8e-05	0.00024	0.00018	0.00016	0.00014	0.00012	0.00018	0.00022	0.0002	0.00026	0.00052	0.0004	0.00038	0.00092	0.00052	0.0007	0.00072	0.00124	0.00202	0.00626	0.06012	0.15142	0.11606	0.07102	2e-05	0.0	0.0	0.0	0.0	0.0	0.0	0.0	0.0	0.0	0.0	0.0	0.0	0.0	0.0	0.0	0.0	0.0	0.0	0.0	0.0	0.0	0.0	0.0	0.0	0.0	0.0	0.0	0.0	0.0	0.0	0.0	0.0	
0.0  3000.0  3500.0  0.0	0.0	0.0	0.0	0.0	0.0	0.0	0.0	0.0	0.0	0.0	0.0	0.0	4e-05	2e-05	0.0	0.0	2e-05	0.0	0.0	0.0	2e-05	0.0	2e-05	4e-05	4e-05	2e-05	0.0	0.0	2e-05	2e-05	4e-05	8e-05	4e-05	2e-05	0.00022	0.00014	4e-05	2e-05	0.0001	2e-05	0.00016	0.0001	2e-05	4e-05	0.00012	6e-05	8e-05	0.0001	0.00014	0.00012	0.00016	0.00032	0.00038	0.00058	0.0003	0.0004	0.00042	0.0005	0.00056	0.00076	0.00082	0.00118	0.00176	0.00446	0.02764	0.10964	0.08276	0.06548	0.05108	0.0389	0.02972	0.00296	0.0	0.0	0.0	0.0	0.0	0.0	0.0	0.0	0.0	0.0	0.0	0.0	0.0	0.0	0.0	0.0	0.0	0.0	0.0	0.0	0.0	0.0	0.0	0.0	0.0	0.0	
0.0  3500.0  4000.0  0.0	0.0	0.0	0.0	0.0	2e-05	0.0	0.0	0.0	0.0	2e-05	0.0	0.0	0.0	0.0	0.0	0.0	0.0	0.0	0.0	0.0	0.0	2e-05	0.0	2e-05	4e-05	2e-05	0.0	2e-05	0.0	0.0	4e-05	2e-05	0.0	4e-05	4e-05	8e-05	0.0001	6e-05	8e-05	8e-05	0.0	0.0001	4e-05	0.00012	8e-05	0.00016	0.00012	0.0002	4e-05	0.00016	2e-05	0.0001	0.00024	0.00028	0.00018	0.00014	0.00034	0.00028	0.00022	0.00032	0.0003	0.00038	0.00034	0.00054	0.00068	0.00084	0.00092	0.0011	0.00142	0.00324	0.0102	0.10162	0.08742	0.06968	0.05438	0.04338	0.03324	0.01018	0.0	0.0	0.0	0.0	0.0	0.0	0.0	0.0	0.0	0.0	0.0	0.0	0.0	0.0	0.0	0.0	0.0	0.0	0.0	0.0	
0.0  4000.0  15000.0  0.0	0.0	0.0	0.0	0.0	2e-05	0.0	0.0	0.0	0.0	0.0	0.0	0.0	0.0	2e-05	0.0	0.0	0.0	0.0	0.0	0.0	0.0	0.0	0.0	0.0	6e-05	0.0	2e-05	2e-05	0.0	0.0	6e-05	0.0	0.0	2e-05	4e-05	4e-05	0.0	2e-05	8e-05	4e-05	4e-05	4e-05	6e-05	0.0	8e-05	8e-05	0.0001	8e-05	6e-05	2e-05	6e-05	0.00012	8e-05	8e-05	6e-05	0.00022	0.00012	0.00016	0.00014	0.00022	0.00028	0.00022	0.00012	0.00016	0.00022	0.00032	0.00024	0.00052	0.00042	0.00056	0.00068	0.0005	0.00058	0.00104	0.00142	0.00272	0.00608	0.07852	0.08304	0.06152	0.04668	0.03326	0.0259	0.01842	0.0141	0.01128	0.00778	0.00632	0.00476	0.00326	0.00288	0.00156	0.00166	0.00094	0.0007	0.00034	0.00046	0.00036	
