#===============
# ll~ : ee
# qq~ : bs~
# FF  : vector
# XY  : LL RR  
# coef : 0 0
# type : Z*Z
# Nevs : 50000
#===============
#
# XSEC	BIN_MIN	BIN_MAX 	 Kij 
#
0.21388  200.0  300.0  0.00038	0.00054	0.0008	0.00122	0.011	0.1374	0.0889	0.06034	0.03892	0.02486	0.00064	0.0	0.0	0.0	0.0	0.0	0.0	0.0	0.0	0.0	0.0	0.0	0.0	0.0	0.0	0.0	0.0	0.0	0.0	0.0	0.0	0.0	0.0	0.0	0.0	0.0	0.0	0.0	0.0	0.0	0.0	0.0	0.0	0.0	0.0	0.0	0.0	0.0	0.0	0.0	0.0	0.0	0.0	0.0	0.0	0.0	0.0	0.0	0.0	0.0	0.0	0.0	0.0	0.0	0.0	0.0	0.0	0.0	0.0	0.0	0.0	0.0	0.0	0.0	0.0	0.0	0.0	0.0	0.0	0.0	0.0	0.0	0.0	0.0	0.0	0.0	0.0	0.0	0.0	0.0	0.0	0.0	0.0	0.0	0.0	0.0	0.0	0.0	0.0	
0.03102  300.0  400.0  8e-05	0.00014	8e-05	0.00024	0.00024	0.00054	0.00066	0.0009	0.00192	0.01416	0.13384	0.09602	0.07014	0.05316	0.03624	0.00104	0.0	0.0	0.0	0.0	0.0	0.0	0.0	0.0	0.0	0.0	0.0	0.0	0.0	0.0	0.0	0.0	0.0	0.0	0.0	0.0	0.0	0.0	0.0	0.0	0.0	0.0	0.0	0.0	0.0	0.0	0.0	0.0	0.0	0.0	0.0	0.0	0.0	0.0	0.0	0.0	0.0	0.0	0.0	0.0	0.0	0.0	0.0	0.0	0.0	0.0	0.0	0.0	0.0	0.0	0.0	0.0	0.0	0.0	0.0	0.0	0.0	0.0	0.0	0.0	0.0	0.0	0.0	0.0	0.0	0.0	0.0	0.0	0.0	0.0	0.0	0.0	0.0	0.0	0.0	0.0	0.0	0.0	0.0	
0.0076  400.0  500.0  0.0	0.0001	6e-05	0.0001	6e-05	8e-05	0.00024	0.0003	0.00042	0.00044	0.00056	0.00102	0.0013	0.0019	0.01432	0.1219	0.09768	0.07668	0.06082	0.04342	0.0015	0.0	0.0	0.0	0.0	0.0	0.0	0.0	0.0	0.0	0.0	0.0	0.0	0.0	0.0	0.0	0.0	0.0	0.0	0.0	0.0	0.0	0.0	0.0	0.0	0.0	0.0	0.0	0.0	0.0	0.0	0.0	0.0	0.0	0.0	0.0	0.0	0.0	0.0	0.0	0.0	0.0	0.0	0.0	0.0	0.0	0.0	0.0	0.0	0.0	0.0	0.0	0.0	0.0	0.0	0.0	0.0	0.0	0.0	0.0	0.0	0.0	0.0	0.0	0.0	0.0	0.0	0.0	0.0	0.0	0.0	0.0	0.0	0.0	0.0	0.0	0.0	0.0	0.0	
0.00244  500.0  600.0  0.0	4e-05	2e-05	2e-05	2e-05	0.0001	0.00018	0.00012	0.00018	0.0003	0.00016	0.0003	0.00028	0.00056	0.00066	0.00082	0.00108	0.00134	0.00218	0.01552	0.11454	0.09836	0.0795	0.06414	0.04954	0.00188	0.0	0.0	0.0	0.0	0.0	0.0	0.0	0.0	0.0	0.0	0.0	0.0	0.0	0.0	0.0	0.0	0.0	0.0	0.0	0.0	0.0	0.0	0.0	0.0	0.0	0.0	0.0	0.0	0.0	0.0	0.0	0.0	0.0	0.0	0.0	0.0	0.0	0.0	0.0	0.0	0.0	0.0	0.0	0.0	0.0	0.0	0.0	0.0	0.0	0.0	0.0	0.0	0.0	0.0	0.0	0.0	0.0	0.0	0.0	0.0	0.0	0.0	0.0	0.0	0.0	0.0	0.0	0.0	0.0	0.0	0.0	0.0	0.0	
0.00093  600.0  700.0  0.0	0.0	2e-05	4e-05	2e-05	0.0001	0.0001	6e-05	0.00016	6e-05	0.00018	0.0001	0.00032	0.00024	0.00042	0.0003	0.00028	0.00046	0.00064	0.0006	0.00088	0.00106	0.00178	0.003	0.01632	0.16454	0.1252	0.095	0.0245	0.0	0.0	0.0	0.0	0.0	0.0	0.0	0.0	0.0	0.0	0.0	0.0	0.0	0.0	0.0	0.0	0.0	0.0	0.0	0.0	0.0	0.0	0.0	0.0	0.0	0.0	0.0	0.0	0.0	0.0	0.0	0.0	0.0	0.0	0.0	0.0	0.0	0.0	0.0	0.0	0.0	0.0	0.0	0.0	0.0	0.0	0.0	0.0	0.0	0.0	0.0	0.0	0.0	0.0	0.0	0.0	0.0	0.0	0.0	0.0	0.0	0.0	0.0	0.0	0.0	0.0	0.0	0.0	0.0	0.0	
0.00039  700.0  800.0  2e-05	0.0	0.0	0.0	0.0	6e-05	0.0001	6e-05	0.00012	0.0001	6e-05	8e-05	0.0001	0.0001	0.00032	0.00032	0.00028	0.0001	0.00038	0.00026	0.00032	0.00048	0.00054	0.00056	0.00066	0.00138	0.00228	0.00726	0.11676	0.13744	0.1076	0.05326	0.0	0.0	0.0	0.0	0.0	0.0	0.0	0.0	0.0	0.0	0.0	0.0	0.0	0.0	0.0	0.0	0.0	0.0	0.0	0.0	0.0	0.0	0.0	0.0	0.0	0.0	0.0	0.0	0.0	0.0	0.0	0.0	0.0	0.0	0.0	0.0	0.0	0.0	0.0	0.0	0.0	0.0	0.0	0.0	0.0	0.0	0.0	0.0	0.0	0.0	0.0	0.0	0.0	0.0	0.0	0.0	0.0	0.0	0.0	0.0	0.0	0.0	0.0	0.0	0.0	0.0	0.0	
0.00018  800.0  900.0  0.0	2e-05	2e-05	0.0	4e-05	6e-05	4e-05	2e-05	0.00016	6e-05	8e-05	8e-05	6e-05	0.0001	0.00012	0.00014	0.00018	0.00016	0.00012	0.00016	0.00024	0.00024	0.00024	0.00038	0.00038	0.00072	0.00072	0.00102	0.00132	0.00176	0.00522	0.06722	0.14752	0.11732	0.08436	0.0031	0.0	0.0	0.0	0.0	0.0	0.0	0.0	0.0	0.0	0.0	0.0	0.0	0.0	0.0	0.0	0.0	0.0	0.0	0.0	0.0	0.0	0.0	0.0	0.0	0.0	0.0	0.0	0.0	0.0	0.0	0.0	0.0	0.0	0.0	0.0	0.0	0.0	0.0	0.0	0.0	0.0	0.0	0.0	0.0	0.0	0.0	0.0	0.0	0.0	0.0	0.0	0.0	0.0	0.0	0.0	0.0	0.0	0.0	0.0	0.0	0.0	0.0	0.0	
9e-05  900.0  1000.0  0.0	4e-05	0.0	0.0	2e-05	0.0	4e-05	6e-05	2e-05	4e-05	6e-05	6e-05	4e-05	0.0	0.00012	0.00016	6e-05	0.0001	6e-05	0.0002	0.0001	0.00012	0.0002	0.0003	0.00034	0.0004	0.0005	0.00064	0.00058	0.00096	0.00078	0.0015	0.00162	0.00338	0.0202	0.23278	0.16174	0.00366	0.0	0.0	0.0	0.0	0.0	0.0	0.0	0.0	0.0	0.0	0.0	0.0	0.0	0.0	0.0	0.0	0.0	0.0	0.0	0.0	0.0	0.0	0.0	0.0	0.0	0.0	0.0	0.0	0.0	0.0	0.0	0.0	0.0	0.0	0.0	0.0	0.0	0.0	0.0	0.0	0.0	0.0	0.0	0.0	0.0	0.0	0.0	0.0	0.0	0.0	0.0	0.0	0.0	0.0	0.0	0.0	0.0	0.0	0.0	0.0	0.0	
7e-05  1000.0  1200.0  0.0	0.0	2e-05	2e-05	2e-05	6e-05	0.0	0.0	2e-05	0.0	6e-05	8e-05	0.0001	0.0001	8e-05	0.00012	6e-05	0.00012	4e-05	0.00014	4e-05	6e-05	0.00012	4e-05	0.00022	0.00014	0.00014	0.00016	0.00034	0.00046	0.0004	0.00052	0.00064	0.00052	0.00094	0.00216	0.01578	0.14718	0.10976	0.08268	0.0569	0.00122	0.0	0.0	0.0	0.0	0.0	0.0	0.0	0.0	0.0	0.0	0.0	0.0	0.0	0.0	0.0	0.0	0.0	0.0	0.0	0.0	0.0	0.0	0.0	0.0	0.0	0.0	0.0	0.0	0.0	0.0	0.0	0.0	0.0	0.0	0.0	0.0	0.0	0.0	0.0	0.0	0.0	0.0	0.0	0.0	0.0	0.0	0.0	0.0	0.0	0.0	0.0	0.0	0.0	0.0	0.0	0.0	0.0	
2e-05  1200.0  1400.0  0.0	0.0	4e-05	0.0	0.0	0.0	0.0	0.0	0.0	6e-05	4e-05	6e-05	4e-05	0.0	2e-05	2e-05	6e-05	4e-05	8e-05	6e-05	0.0001	0.00016	8e-05	0.00012	6e-05	0.00024	0.00012	0.00016	0.0002	0.0002	0.00022	0.00022	0.00024	0.00038	0.0005	0.00074	0.00078	0.00114	0.00156	0.00266	0.0167	0.1394	0.1295	0.09	0.03084	0.0	0.0	0.0	0.0	0.0	0.0	0.0	0.0	0.0	0.0	0.0	0.0	0.0	0.0	0.0	0.0	0.0	0.0	0.0	0.0	0.0	0.0	0.0	0.0	0.0	0.0	0.0	0.0	0.0	0.0	0.0	0.0	0.0	0.0	0.0	0.0	0.0	0.0	0.0	0.0	0.0	0.0	0.0	0.0	0.0	0.0	0.0	0.0	0.0	0.0	0.0	0.0	0.0	0.0	
1e-05  1400.0  1600.0  0.0	0.0	0.0	2e-05	0.0	4e-05	0.0	4e-05	0.0	6e-05	2e-05	2e-05	2e-05	2e-05	4e-05	8e-05	2e-05	8e-05	6e-05	0.0001	6e-05	4e-05	0.0	6e-05	6e-05	4e-05	0.0001	0.00014	6e-05	0.00014	0.0001	0.00026	0.00026	0.00016	0.00026	0.00036	0.00034	0.00048	0.00068	0.00062	0.00084	0.0012	0.00168	0.00532	0.09668	0.1396	0.10212	0.06424	0.0	0.0	0.0	0.0	0.0	0.0	0.0	0.0	0.0	0.0	0.0	0.0	0.0	0.0	0.0	0.0	0.0	0.0	0.0	0.0	0.0	0.0	0.0	0.0	0.0	0.0	0.0	0.0	0.0	0.0	0.0	0.0	0.0	0.0	0.0	0.0	0.0	0.0	0.0	0.0	0.0	0.0	0.0	0.0	0.0	0.0	0.0	0.0	0.0	0.0	0.0	
0.0  1600.0  1800.0  0.0	0.0	0.0	0.0	0.0	0.0	0.0	2e-05	4e-05	2e-05	2e-05	4e-05	6e-05	0.0	2e-05	0.00012	4e-05	2e-05	0.0001	4e-05	0.0	6e-05	0.0	4e-05	4e-05	8e-05	0.0001	8e-05	0.00014	0.00018	6e-05	0.00012	0.00014	8e-05	0.00014	0.00022	0.00024	0.00028	0.0004	0.0005	0.00052	0.00044	0.00072	0.00102	0.00106	0.00184	0.00378	0.04314	0.17244	0.12142	0.06218	0.0	0.0	0.0	0.0	0.0	0.0	0.0	0.0	0.0	0.0	0.0	0.0	0.0	0.0	0.0	0.0	0.0	0.0	0.0	0.0	0.0	0.0	0.0	0.0	0.0	0.0	0.0	0.0	0.0	0.0	0.0	0.0	0.0	0.0	0.0	0.0	0.0	0.0	0.0	0.0	0.0	0.0	0.0	0.0	0.0	0.0	0.0	0.0	
0.0  1800.0  2000.0  0.0	0.0	0.0	0.0	0.0	0.0	2e-05	2e-05	0.0	0.0	0.0	2e-05	0.0	2e-05	0.0	2e-05	4e-05	4e-05	2e-05	2e-05	4e-05	6e-05	4e-05	4e-05	8e-05	6e-05	4e-05	0.00012	0.0	8e-05	4e-05	0.0001	0.00014	0.0001	2e-05	8e-05	0.0002	0.00022	0.00024	0.00014	0.0004	0.00024	0.0004	0.0006	0.00076	0.00064	0.00096	0.00086	0.00166	0.00428	0.06976	0.16306	0.13302	0.03698	0.0	0.0	0.0	0.0	0.0	0.0	0.0	0.0	0.0	0.0	0.0	0.0	0.0	0.0	0.0	0.0	0.0	0.0	0.0	0.0	0.0	0.0	0.0	0.0	0.0	0.0	0.0	0.0	0.0	0.0	0.0	0.0	0.0	0.0	0.0	0.0	0.0	0.0	0.0	0.0	0.0	0.0	0.0	0.0	0.0	
0.0  2000.0  2250.0  0.0	2e-05	4e-05	0.0	0.0	0.0	0.0	2e-05	0.0	0.0	2e-05	2e-05	2e-05	0.0	8e-05	0.0	0.0	0.0	4e-05	0.0	4e-05	4e-05	2e-05	4e-05	2e-05	8e-05	6e-05	4e-05	4e-05	0.0001	0.0001	2e-05	2e-05	6e-05	6e-05	0.00012	8e-05	0.00016	0.00022	0.00022	0.0002	0.00022	0.00026	0.00034	0.00028	0.00038	0.0005	0.00042	0.00074	0.00114	0.00104	0.00218	0.0075	0.11974	0.13766	0.10128	0.03552	0.0	0.0	0.0	0.0	0.0	0.0	0.0	0.0	0.0	0.0	0.0	0.0	0.0	0.0	0.0	0.0	0.0	0.0	0.0	0.0	0.0	0.0	0.0	0.0	0.0	0.0	0.0	0.0	0.0	0.0	0.0	0.0	0.0	0.0	0.0	0.0	0.0	0.0	0.0	0.0	0.0	0.0	
0.0  2250.0  2500.0  0.0	0.0	0.0	0.0	0.0	0.0	0.0	2e-05	0.0	0.0	0.0	4e-05	0.0	2e-05	0.0	4e-05	4e-05	0.0	0.0	2e-05	4e-05	6e-05	8e-05	4e-05	4e-05	2e-05	4e-05	8e-05	6e-05	0.0	6e-05	8e-05	8e-05	2e-05	8e-05	0.0001	2e-05	0.0002	0.00022	0.00016	0.0001	0.0001	0.00022	0.0002	0.00026	0.0003	0.00028	0.00028	0.00052	0.0006	0.0007	0.00094	0.0011	0.00158	0.00206	0.00684	0.09732	0.1426	0.10758	0.04884	0.0	0.0	0.0	0.0	0.0	0.0	0.0	0.0	0.0	0.0	0.0	0.0	0.0	0.0	0.0	0.0	0.0	0.0	0.0	0.0	0.0	0.0	0.0	0.0	0.0	0.0	0.0	0.0	0.0	0.0	0.0	0.0	0.0	0.0	0.0	0.0	0.0	0.0	0.0	
0.0  2500.0  2750.0  0.0	2e-05	0.0	0.0	0.0	0.0	2e-05	2e-05	2e-05	2e-05	0.0	0.0	2e-05	2e-05	0.0	0.0	0.0	2e-05	0.0	0.0	4e-05	0.0	0.0001	0.0	4e-05	4e-05	6e-05	4e-05	0.0	0.00012	0.0	2e-05	6e-05	0.0001	6e-05	4e-05	0.00024	0.0001	8e-05	8e-05	6e-05	0.0002	0.00016	0.00014	0.00018	0.00018	0.0002	6e-05	0.00032	0.00018	0.00032	0.00046	0.00056	0.00046	0.00088	0.00098	0.00152	0.00238	0.00654	0.08012	0.14916	0.11148	0.0623	0.0	0.0	0.0	0.0	0.0	0.0	0.0	0.0	0.0	0.0	0.0	0.0	0.0	0.0	0.0	0.0	0.0	0.0	0.0	0.0	0.0	0.0	0.0	0.0	0.0	0.0	0.0	0.0	0.0	0.0	0.0	0.0	0.0	0.0	0.0	0.0	
0.0  2750.0  3000.0  0.0	0.0	0.0	2e-05	2e-05	0.0	0.0	0.0	0.0	0.0	2e-05	0.0	0.0	2e-05	0.0	0.0	0.0	4e-05	0.0	0.0	4e-05	4e-05	0.0	2e-05	4e-05	2e-05	0.0	0.0	0.0	2e-05	0.0	2e-05	4e-05	0.0	4e-05	2e-05	6e-05	6e-05	0.0001	8e-05	0.00012	0.0001	0.00012	0.0001	6e-05	0.0002	0.00014	0.00016	0.00014	0.00016	0.00016	0.00026	0.00048	0.00046	0.00048	0.00056	0.00068	0.0008	0.00104	0.00126	0.00198	0.00606	0.06014	0.15216	0.1145	0.07148	0.0003	0.0	0.0	0.0	0.0	0.0	0.0	0.0	0.0	0.0	0.0	0.0	0.0	0.0	0.0	0.0	0.0	0.0	0.0	0.0	0.0	0.0	0.0	0.0	0.0	0.0	0.0	0.0	0.0	0.0	0.0	0.0	0.0	
0.0  3000.0  3500.0  0.0	0.0	0.0	0.0	0.0	0.0	2e-05	0.0	0.0	0.0	0.0	0.0	2e-05	0.0	0.0	0.0	0.0	2e-05	0.0	0.0	0.0	0.0	2e-05	4e-05	0.0	4e-05	4e-05	2e-05	6e-05	4e-05	0.0	2e-05	8e-05	2e-05	4e-05	8e-05	0.0	0.0001	8e-05	8e-05	0.00014	8e-05	0.00014	0.00012	8e-05	4e-05	0.0	0.00012	0.00022	0.00018	0.00016	0.00032	0.00016	0.00028	0.00026	0.00036	0.00034	0.0004	0.0005	0.00078	0.00086	0.00082	0.0015	0.00146	0.00458	0.02728	0.10992	0.08422	0.06554	0.05034	0.03726	0.0284	0.00284	0.0	0.0	0.0	0.0	0.0	0.0	0.0	0.0	0.0	0.0	0.0	0.0	0.0	0.0	0.0	0.0	0.0	0.0	0.0	0.0	0.0	0.0	0.0	0.0	0.0	0.0	
0.0  3500.0  4000.0  0.0	0.0	2e-05	0.0	0.0	0.0	0.0	0.0	0.0	0.0	0.0	0.0	0.0	0.0	0.0	0.0	0.0	2e-05	0.0	0.0	0.0	0.0	0.0	2e-05	0.0	2e-05	4e-05	0.0	4e-05	4e-05	2e-05	4e-05	0.0	0.0	4e-05	6e-05	2e-05	4e-05	6e-05	2e-05	8e-05	4e-05	8e-05	4e-05	4e-05	0.0001	0.00018	0.0001	0.0001	0.0001	0.00016	6e-05	8e-05	0.00012	0.00012	0.00036	0.00016	0.00044	0.0002	0.0002	0.0003	0.00028	0.00054	0.0004	0.0006	0.00058	0.00082	0.00096	0.00148	0.0019	0.00412	0.0103	0.09856	0.0907	0.06922	0.05362	0.04224	0.03236	0.0093	0.0	0.0	0.0	0.0	0.0	0.0	0.0	0.0	0.0	0.0	0.0	0.0	0.0	0.0	0.0	0.0	0.0	0.0	0.0	0.0	
0.0  4000.0  15000.0  0.0	2e-05	0.0	0.0	0.0	0.0	0.0	0.0	2e-05	0.0	0.0	0.0	0.0	0.0	0.0	0.0	0.0	2e-05	0.0	2e-05	0.0	0.0	2e-05	0.0	0.0	0.0	4e-05	0.0	0.0	0.0	4e-05	2e-05	0.0	2e-05	0.0	2e-05	4e-05	4e-05	6e-05	4e-05	4e-05	0.0001	4e-05	4e-05	6e-05	2e-05	6e-05	4e-05	4e-05	0.0001	0.00014	6e-05	0.0001	0.00016	0.00014	0.00014	8e-05	0.00012	0.0001	0.00016	0.0003	0.00016	0.00012	0.00016	0.00018	0.0003	0.0003	0.0005	0.00044	0.00032	0.00034	0.00036	0.00046	0.00058	0.001	0.00144	0.00284	0.00676	0.07724	0.0799	0.06114	0.0442	0.03378	0.02556	0.019	0.01406	0.0112	0.00868	0.00638	0.00456	0.00414	0.00286	0.00222	0.00166	0.00138	0.0011	0.00112	0.0005	0.00048	
