#===============
# ll~ : ee
# qq~ : dd~
# FF  : vector
# XY  : LL RR  
# coef : 0 0
# type : Z*Z
# Nevs : 50000
#===============
#
# XSEC	BIN_MIN	BIN_MAX 	 Kij 
#
1.54376  200.0  300.0  0.0003	0.0005	0.00064	0.00098	0.00742	0.10426	0.07148	0.04952	0.0364	0.02404	0.00064	0.0	0.0	0.0	0.0	0.0	0.0	0.0	0.0	0.0	0.0	0.0	0.0	0.0	0.0	0.0	0.0	0.0	0.0	0.0	0.0	0.0	0.0	0.0	0.0	0.0	0.0	0.0	0.0	0.0	0.0	0.0	0.0	0.0	0.0	0.0	0.0	0.0	0.0	0.0	0.0	0.0	0.0	0.0	0.0	0.0	0.0	0.0	0.0	0.0	0.0	0.0	0.0	0.0	0.0	0.0	0.0	0.0	0.0	0.0	0.0	0.0	0.0	0.0	0.0	0.0	0.0	0.0	0.0	0.0	0.0	0.0	0.0	0.0	0.0	0.0	0.0	0.0	0.0	0.0	0.0	0.0	0.0	0.0	0.0	0.0	0.0	0.0	0.0	
0.28076  300.0  400.0  8e-05	0.0001	0.0002	0.00014	0.00018	0.00034	0.00054	0.00086	0.00152	0.01052	0.10162	0.08114	0.062	0.0497	0.03618	0.00088	0.0	0.0	0.0	0.0	0.0	0.0	0.0	0.0	0.0	0.0	0.0	0.0	0.0	0.0	0.0	0.0	0.0	0.0	0.0	0.0	0.0	0.0	0.0	0.0	0.0	0.0	0.0	0.0	0.0	0.0	0.0	0.0	0.0	0.0	0.0	0.0	0.0	0.0	0.0	0.0	0.0	0.0	0.0	0.0	0.0	0.0	0.0	0.0	0.0	0.0	0.0	0.0	0.0	0.0	0.0	0.0	0.0	0.0	0.0	0.0	0.0	0.0	0.0	0.0	0.0	0.0	0.0	0.0	0.0	0.0	0.0	0.0	0.0	0.0	0.0	0.0	0.0	0.0	0.0	0.0	0.0	0.0	0.0	
0.08375  400.0  500.0  2e-05	8e-05	6e-05	2e-05	0.00012	0.00018	0.00022	0.0003	0.0003	0.00052	0.00056	0.001	0.00094	0.0017	0.01192	0.1013	0.0847	0.06952	0.05702	0.04208	0.00152	0.0	0.0	0.0	0.0	0.0	0.0	0.0	0.0	0.0	0.0	0.0	0.0	0.0	0.0	0.0	0.0	0.0	0.0	0.0	0.0	0.0	0.0	0.0	0.0	0.0	0.0	0.0	0.0	0.0	0.0	0.0	0.0	0.0	0.0	0.0	0.0	0.0	0.0	0.0	0.0	0.0	0.0	0.0	0.0	0.0	0.0	0.0	0.0	0.0	0.0	0.0	0.0	0.0	0.0	0.0	0.0	0.0	0.0	0.0	0.0	0.0	0.0	0.0	0.0	0.0	0.0	0.0	0.0	0.0	0.0	0.0	0.0	0.0	0.0	0.0	0.0	0.0	0.0	
0.03201  500.0  600.0  0.0	2e-05	8e-05	8e-05	2e-05	0.0001	0.00018	0.00018	0.00022	0.00028	0.00024	0.00028	0.00038	0.00062	0.00054	0.0006	0.00078	0.00088	0.00226	0.01338	0.09762	0.0847	0.07494	0.06134	0.04696	0.00238	0.0	0.0	0.0	0.0	0.0	0.0	0.0	0.0	0.0	0.0	0.0	0.0	0.0	0.0	0.0	0.0	0.0	0.0	0.0	0.0	0.0	0.0	0.0	0.0	0.0	0.0	0.0	0.0	0.0	0.0	0.0	0.0	0.0	0.0	0.0	0.0	0.0	0.0	0.0	0.0	0.0	0.0	0.0	0.0	0.0	0.0	0.0	0.0	0.0	0.0	0.0	0.0	0.0	0.0	0.0	0.0	0.0	0.0	0.0	0.0	0.0	0.0	0.0	0.0	0.0	0.0	0.0	0.0	0.0	0.0	0.0	0.0	0.0	
0.01427  600.0  700.0  4e-05	6e-05	0.0	6e-05	4e-05	2e-05	0.0001	0.00014	0.00016	0.00014	6e-05	0.00026	0.0002	0.00022	0.00018	0.00038	0.00044	0.0004	0.00048	0.00052	0.00078	0.00108	0.00138	0.00278	0.01284	0.14086	0.12008	0.09134	0.02374	0.0	0.0	0.0	0.0	0.0	0.0	0.0	0.0	0.0	0.0	0.0	0.0	0.0	0.0	0.0	0.0	0.0	0.0	0.0	0.0	0.0	0.0	0.0	0.0	0.0	0.0	0.0	0.0	0.0	0.0	0.0	0.0	0.0	0.0	0.0	0.0	0.0	0.0	0.0	0.0	0.0	0.0	0.0	0.0	0.0	0.0	0.0	0.0	0.0	0.0	0.0	0.0	0.0	0.0	0.0	0.0	0.0	0.0	0.0	0.0	0.0	0.0	0.0	0.0	0.0	0.0	0.0	0.0	0.0	0.0	
0.00706  700.0  800.0  0.0	2e-05	2e-05	2e-05	0.0	4e-05	6e-05	4e-05	0.00016	0.00018	8e-05	0.0001	0.00018	0.00022	0.00026	0.0002	0.00016	0.00024	0.00018	0.0003	0.00036	0.00054	0.00032	0.00052	0.00074	0.00146	0.0019	0.00672	0.10586	0.1252	0.1012	0.05472	0.0	0.0	0.0	0.0	0.0	0.0	0.0	0.0	0.0	0.0	0.0	0.0	0.0	0.0	0.0	0.0	0.0	0.0	0.0	0.0	0.0	0.0	0.0	0.0	0.0	0.0	0.0	0.0	0.0	0.0	0.0	0.0	0.0	0.0	0.0	0.0	0.0	0.0	0.0	0.0	0.0	0.0	0.0	0.0	0.0	0.0	0.0	0.0	0.0	0.0	0.0	0.0	0.0	0.0	0.0	0.0	0.0	0.0	0.0	0.0	0.0	0.0	0.0	0.0	0.0	0.0	0.0	
0.00377  800.0  900.0  2e-05	0.0	0.0	0.0	0.0	0.0	0.0001	6e-05	0.0001	0.00016	0.00014	8e-05	0.00016	0.00014	0.0002	4e-05	0.00014	0.00022	0.0002	0.00024	0.00012	0.0001	0.00036	0.00034	0.00032	0.00066	0.00068	0.00096	0.0014	0.00186	0.00484	0.06048	0.13516	0.10916	0.08508	0.0025	2e-05	0.0	0.0	0.0	0.0	0.0	0.0	0.0	0.0	0.0	0.0	0.0	0.0	0.0	0.0	0.0	0.0	0.0	0.0	0.0	0.0	0.0	0.0	0.0	0.0	0.0	0.0	0.0	0.0	0.0	0.0	0.0	0.0	0.0	0.0	0.0	0.0	0.0	0.0	0.0	0.0	0.0	0.0	0.0	0.0	0.0	0.0	0.0	0.0	0.0	0.0	0.0	0.0	0.0	0.0	0.0	0.0	0.0	0.0	0.0	0.0	0.0	0.0	
0.00213  900.0  1000.0  0.0	2e-05	0.0	2e-05	0.0	4e-05	8e-05	4e-05	6e-05	4e-05	8e-05	6e-05	0.0	4e-05	0.00018	0.00014	0.00014	0.00012	0.00014	0.00014	0.00014	0.00018	0.00016	0.00022	0.0002	0.00052	0.00036	0.00052	0.0004	0.00078	0.00082	0.00134	0.00138	0.00298	0.01792	0.21284	0.15654	0.0031	0.0	0.0	0.0	0.0	0.0	0.0	0.0	0.0	0.0	0.0	0.0	0.0	0.0	0.0	0.0	0.0	0.0	0.0	0.0	0.0	0.0	0.0	0.0	0.0	0.0	0.0	0.0	0.0	0.0	0.0	0.0	0.0	0.0	0.0	0.0	0.0	0.0	0.0	0.0	0.0	0.0	0.0	0.0	0.0	0.0	0.0	0.0	0.0	0.0	0.0	0.0	0.0	0.0	0.0	0.0	0.0	0.0	0.0	0.0	0.0	0.0	
0.00204  1000.0  1200.0  0.0	0.0	0.0	2e-05	0.0	0.0	4e-05	0.0	6e-05	8e-05	4e-05	4e-05	8e-05	0.00016	6e-05	4e-05	0.0002	6e-05	0.00012	0.00012	8e-05	0.00022	0.00016	0.0001	0.00018	0.00022	0.00026	0.00024	0.00028	0.00026	0.00048	0.00062	0.0007	0.00074	0.00096	0.00236	0.01406	0.13198	0.10564	0.08322	0.06084	0.00162	0.0	0.0	0.0	0.0	0.0	0.0	0.0	0.0	0.0	0.0	0.0	0.0	0.0	0.0	0.0	0.0	0.0	0.0	0.0	0.0	0.0	0.0	0.0	0.0	0.0	0.0	0.0	0.0	0.0	0.0	0.0	0.0	0.0	0.0	0.0	0.0	0.0	0.0	0.0	0.0	0.0	0.0	0.0	0.0	0.0	0.0	0.0	0.0	0.0	0.0	0.0	0.0	0.0	0.0	0.0	0.0	0.0	
0.00081  1200.0  1400.0  0.0	0.0	2e-05	0.0	2e-05	2e-05	0.0	2e-05	0.0	2e-05	2e-05	6e-05	6e-05	8e-05	8e-05	4e-05	6e-05	4e-05	4e-05	6e-05	0.0001	0.00014	0.00012	0.00012	4e-05	0.00012	0.00012	0.0001	0.00022	0.00014	0.00018	0.0004	0.0002	0.00034	0.00022	0.00076	0.00096	0.00108	0.00124	0.00258	0.01428	0.12744	0.11924	0.09376	0.03716	0.0	0.0	0.0	0.0	0.0	0.0	0.0	0.0	0.0	0.0	0.0	0.0	0.0	0.0	0.0	0.0	0.0	0.0	0.0	0.0	0.0	0.0	0.0	0.0	0.0	0.0	0.0	0.0	0.0	0.0	0.0	0.0	0.0	0.0	0.0	0.0	0.0	0.0	0.0	0.0	0.0	0.0	0.0	0.0	0.0	0.0	0.0	0.0	0.0	0.0	0.0	0.0	0.0	0.0	
0.00036  1400.0  1600.0  0.0	0.0	2e-05	4e-05	4e-05	0.0	0.0	4e-05	0.0	4e-05	8e-05	2e-05	2e-05	6e-05	6e-05	4e-05	6e-05	8e-05	4e-05	2e-05	6e-05	8e-05	4e-05	4e-05	6e-05	8e-05	0.00022	0.00014	0.00014	0.00016	0.00014	0.0001	0.00016	0.00022	0.00018	0.00044	0.00036	0.00052	0.00054	0.00062	0.0009	0.00106	0.00138	0.005	0.0904	0.1329	0.10424	0.0657	2e-05	0.0	0.0	0.0	0.0	0.0	0.0	0.0	0.0	0.0	0.0	0.0	0.0	0.0	0.0	0.0	0.0	0.0	0.0	0.0	0.0	0.0	0.0	0.0	0.0	0.0	0.0	0.0	0.0	0.0	0.0	0.0	0.0	0.0	0.0	0.0	0.0	0.0	0.0	0.0	0.0	0.0	0.0	0.0	0.0	0.0	0.0	0.0	0.0	0.0	0.0	
0.00017  1600.0  1800.0  0.0	0.0	0.0	0.0	0.0	0.0	2e-05	2e-05	2e-05	0.0	2e-05	4e-05	4e-05	2e-05	2e-05	2e-05	8e-05	4e-05	8e-05	2e-05	2e-05	0.0	4e-05	8e-05	4e-05	8e-05	2e-05	0.00016	0.00016	4e-05	4e-05	0.0002	0.00014	0.00016	0.00014	0.00022	0.0002	0.00042	0.00034	0.00032	0.0005	0.00038	0.0007	0.00088	0.00114	0.00172	0.00348	0.0396	0.16696	0.12466	0.06726	0.0	0.0	0.0	0.0	0.0	0.0	0.0	0.0	0.0	0.0	0.0	0.0	0.0	0.0	0.0	0.0	0.0	0.0	0.0	0.0	0.0	0.0	0.0	0.0	0.0	0.0	0.0	0.0	0.0	0.0	0.0	0.0	0.0	0.0	0.0	0.0	0.0	0.0	0.0	0.0	0.0	0.0	0.0	0.0	0.0	0.0	0.0	0.0	
8e-05  1800.0  2000.0  0.0	0.0	0.0	0.0	0.0	0.0	4e-05	0.0	2e-05	0.0	4e-05	2e-05	2e-05	0.0	2e-05	0.0	4e-05	4e-05	2e-05	2e-05	4e-05	6e-05	0.0	6e-05	2e-05	0.0001	2e-05	0.0001	0.00012	0.00016	8e-05	2e-05	0.0001	8e-05	4e-05	0.00012	0.00012	0.00018	0.00022	0.00034	0.00032	0.0002	0.00052	0.00062	0.0007	0.00068	0.00098	0.00132	0.002	0.00442	0.06386	0.15846	0.1331	0.03868	0.0	0.0	0.0	0.0	0.0	0.0	0.0	0.0	0.0	0.0	0.0	0.0	0.0	0.0	0.0	0.0	0.0	0.0	0.0	0.0	0.0	0.0	0.0	0.0	0.0	0.0	0.0	0.0	0.0	0.0	0.0	0.0	0.0	0.0	0.0	0.0	0.0	0.0	0.0	0.0	0.0	0.0	0.0	0.0	0.0	
5e-05  2000.0  2250.0  0.0	0.0	0.0	0.0	0.0	0.0	0.0	0.0	2e-05	0.0	4e-05	4e-05	2e-05	2e-05	0.0	2e-05	0.00012	0.0	4e-05	2e-05	0.0	0.0	4e-05	8e-05	2e-05	0.00012	0.00012	4e-05	4e-05	8e-05	4e-05	0.0001	0.00014	0.00012	0.0001	0.00016	0.00016	0.00016	0.00028	0.00016	6e-05	0.00016	0.00038	0.00022	0.00046	0.0004	0.00052	0.00072	0.00092	0.00106	0.00102	0.00166	0.0068	0.11318	0.13482	0.10304	0.04008	0.0	0.0	0.0	0.0	0.0	0.0	0.0	0.0	0.0	0.0	0.0	0.0	0.0	0.0	0.0	0.0	0.0	0.0	0.0	0.0	0.0	0.0	0.0	0.0	0.0	0.0	0.0	0.0	0.0	0.0	0.0	0.0	0.0	0.0	0.0	0.0	0.0	0.0	0.0	0.0	0.0	0.0	
2e-05  2250.0  2500.0  0.0	0.0	0.0	0.0	0.0	4e-05	2e-05	0.0	0.0	0.0	0.0	0.0	2e-05	4e-05	2e-05	0.0	0.0	2e-05	2e-05	6e-05	2e-05	0.0	0.0	4e-05	2e-05	4e-05	2e-05	0.0001	2e-05	0.00012	4e-05	2e-05	4e-05	8e-05	0.0001	4e-05	6e-05	6e-05	0.00012	8e-05	0.00014	0.00016	0.00014	0.00016	0.00032	0.00028	0.00028	0.00024	0.00028	0.00046	0.00072	0.00062	0.00094	0.00132	0.0023	0.008	0.09438	0.14052	0.10856	0.05014	0.0	0.0	0.0	0.0	0.0	0.0	0.0	0.0	0.0	0.0	0.0	0.0	0.0	0.0	0.0	0.0	0.0	0.0	0.0	0.0	0.0	0.0	0.0	0.0	0.0	0.0	0.0	0.0	0.0	0.0	0.0	0.0	0.0	0.0	0.0	0.0	0.0	0.0	0.0	
1e-05  2500.0  2750.0  0.0	2e-05	2e-05	0.0	0.0	0.0	0.0	0.0	2e-05	0.0	2e-05	2e-05	2e-05	0.0	2e-05	0.0	0.0	0.0	2e-05	4e-05	0.0	2e-05	0.0	2e-05	6e-05	0.0	4e-05	4e-05	8e-05	4e-05	4e-05	6e-05	6e-05	0.00014	4e-05	0.0001	0.00022	6e-05	4e-05	6e-05	0.0001	8e-05	0.00014	0.00012	0.00014	0.00014	0.0003	0.00016	0.0003	0.0002	0.00034	0.00058	0.00068	0.00062	0.00076	0.001	0.00124	0.00172	0.00588	0.0752	0.1421	0.11218	0.06362	0.0	0.0	0.0	0.0	0.0	0.0	0.0	0.0	0.0	0.0	0.0	0.0	0.0	0.0	0.0	0.0	0.0	0.0	0.0	0.0	0.0	0.0	0.0	0.0	0.0	0.0	0.0	0.0	0.0	0.0	0.0	0.0	0.0	0.0	0.0	0.0	
0.0  2750.0  3000.0  0.0	0.0	0.0	0.0	0.0	2e-05	0.0	0.0	0.0	0.0	0.0	0.0	0.0	2e-05	0.0	0.0	0.0	0.0	0.0	0.0	4e-05	2e-05	0.0	2e-05	2e-05	2e-05	4e-05	4e-05	2e-05	2e-05	2e-05	0.0	4e-05	0.0	0.0	8e-05	4e-05	8e-05	4e-05	6e-05	6e-05	6e-05	0.00018	6e-05	0.00012	0.00012	0.00022	0.00022	0.00016	0.00026	0.00018	0.00026	0.00048	0.00052	0.00042	0.00056	0.00082	0.00082	0.0011	0.00156	0.00238	0.00576	0.05762	0.1475	0.11684	0.0751	0.00016	0.0	0.0	0.0	0.0	0.0	0.0	0.0	0.0	0.0	0.0	0.0	0.0	0.0	0.0	0.0	0.0	0.0	0.0	0.0	0.0	0.0	0.0	0.0	0.0	0.0	0.0	0.0	0.0	0.0	0.0	0.0	0.0	
0.0  3000.0  3500.0  0.0	0.0	0.0	0.0	0.0	0.0	2e-05	0.0	0.0	0.0	0.0	0.0	2e-05	2e-05	0.0	0.0	2e-05	2e-05	0.0	6e-05	2e-05	0.0	0.0	0.0	2e-05	2e-05	2e-05	4e-05	2e-05	2e-05	6e-05	0.0	4e-05	0.0	4e-05	0.0001	4e-05	8e-05	0.00012	8e-05	4e-05	2e-05	0.00018	0.00012	0.0001	0.00016	0.0001	0.0001	0.0001	0.00024	0.00012	0.0002	0.0002	0.00016	0.00032	0.00022	0.00046	0.00038	0.00054	0.00054	0.0008	0.00096	0.0011	0.00154	0.0042	0.0244	0.10464	0.08192	0.0652	0.05202	0.04154	0.03126	0.00326	0.0	0.0	0.0	0.0	0.0	0.0	0.0	0.0	0.0	0.0	0.0	0.0	0.0	0.0	0.0	0.0	0.0	0.0	0.0	0.0	0.0	0.0	0.0	0.0	0.0	0.0	
0.0  3500.0  4000.0  0.0	0.0	0.0	2e-05	0.0	0.0	0.0	0.0	0.0	0.0	0.0	0.0	0.0	0.0	0.0	0.0	0.0	0.0	0.0	0.0	0.0	2e-05	2e-05	2e-05	2e-05	6e-05	4e-05	4e-05	0.0	2e-05	0.0	0.0	4e-05	2e-05	2e-05	0.00012	6e-05	6e-05	2e-05	6e-05	6e-05	2e-05	8e-05	4e-05	0.00014	6e-05	4e-05	0.00016	6e-05	0.00018	0.00014	0.00016	0.0002	0.0001	0.00016	0.00022	0.0002	0.00026	0.00018	0.0002	0.00032	0.00036	0.00032	0.0005	0.00048	0.00058	0.00056	0.00102	0.00108	0.00138	0.00388	0.00984	0.09778	0.08698	0.06774	0.05608	0.04548	0.03314	0.00956	0.0	0.0	0.0	0.0	0.0	0.0	0.0	0.0	0.0	0.0	0.0	0.0	0.0	0.0	0.0	0.0	0.0	0.0	0.0	0.0	
0.0  4000.0  15000.0  0.0	0.0	0.0	0.0	0.0	2e-05	0.0	0.0	2e-05	0.0	0.0	0.0	4e-05	0.0	0.0	2e-05	0.0	0.0	0.0	2e-05	0.0	0.0	0.0	0.0	0.0	0.0	0.0	4e-05	2e-05	2e-05	0.0	0.0	0.0	0.0001	4e-05	4e-05	6e-05	8e-05	4e-05	0.0001	4e-05	6e-05	6e-05	2e-05	6e-05	4e-05	6e-05	4e-05	0.0001	8e-05	0.0001	4e-05	8e-05	0.0	0.0001	0.00014	0.00012	0.0002	0.00016	0.0001	0.00018	0.00012	0.00012	0.0002	0.0003	0.00026	0.00036	0.00032	0.00058	0.0005	0.0004	0.00068	0.00056	0.0007	0.0008	0.00136	0.00298	0.0059	0.07572	0.07788	0.05804	0.04654	0.0339	0.02704	0.0193	0.01532	0.0118	0.00912	0.00702	0.0062	0.00404	0.00316	0.00238	0.0019	0.00144	0.00144	0.00068	0.00074	0.00062	
