#===============
# Ref : 1903.06248
# Experiment : ATLAS
# ll~ : ee
# qq~ : dd~
# FF  : vector
# XY  :  LL LR RL RR
# coef : 00
# type : A*A
# Nevs : 50000
#===============
#
# XSEC	BIN_MIN	BIN_MAX 	 Kij 
# 225.0 232.51 240.271 248.291 256.579 265.143 273.994 283.139 292.59 302.357 312.449 322.878 333.656 344.793 356.302 368.195 380.485 393.185 406.309 419.872 433.887 448.369 463.336 478.801 494.783 511.299 528.365 546.002 564.227 583.06 602.522 622.634 643.417 664.894 687.087 710.022 733.722 758.213 783.521 809.674 836.7 864.629 893.489 923.313 954.133 985.981 1018.89 1052.9 1088.05 1124.36 1161.9 1200.68 1240.76 1282.17 1324.97 1369.2 1414.9 1462.13 1510.93 1561.36 1613.48 1667.34 1722.99 1780.5 1839.94 1901.35 1964.82 2030.4 2098.17 2168.21 2240.58 2315.37 2392.65 2472.52 2555.05 2640.34 2728.47 2819.54 2913.66 3010.91 3111.41 3215.27 3322.59 3433.5 3548.1 3666.54 3788.92 3915.39 4046.09 4181.14 4320.7 4464.92 4613.96 4767.97 4927.12 5091.58 5261.54 5437.16 5618.6 10000.0 
126.448  200.0  300.0  0.02628	0.0249	0.02302	0.02082	0.0189	0.01694	0.01606	0.01376	0.00856	0.0001	0.0	0.0	0.0	0.0	0.0	0.0	0.0	0.0	0.0	0.0	0.0	0.0	0.0	0.0	0.0	0.0	0.0	0.0	0.0	0.0	0.0	0.0	0.0	0.0	0.0	0.0	0.0	0.0	0.0	0.0	0.0	0.0	0.0	0.0	0.0	0.0	0.0	0.0	0.0	0.0	0.0	0.0	0.0	0.0	0.0	0.0	0.0	0.0	0.0	0.0	0.0	0.0	0.0	0.0	0.0	0.0	0.0	0.0	0.0	0.0	0.0	0.0	0.0	0.0	0.0	0.0	0.0	0.0	0.0	0.0	0.0	0.0	0.0	0.0	0.0	0.0	0.0	0.0	0.0	0.0	0.0	0.0	0.0	0.0	0.0	0.0	0.0	0.0	0.0	
27.76  300.0  400.0  0.00036	0.00032	0.0005	0.00038	0.00054	0.0008	0.00084	0.00208	0.01942	0.05438	0.0481	0.0449	0.04134	0.03532	0.03228	0.0291	0.02508	0.01104	0.0	0.0	0.0	0.0	0.0	0.0	0.0	0.0	0.0	0.0	0.0	0.0	0.0	0.0	0.0	0.0	0.0	0.0	0.0	0.0	0.0	0.0	0.0	0.0	0.0	0.0	0.0	0.0	0.0	0.0	0.0	0.0	0.0	0.0	0.0	0.0	0.0	0.0	0.0	0.0	0.0	0.0	0.0	0.0	0.0	0.0	0.0	0.0	0.0	0.0	0.0	0.0	0.0	0.0	0.0	0.0	0.0	0.0	0.0	0.0	0.0	0.0	0.0	0.0	0.0	0.0	0.0	0.0	0.0	0.0	0.0	0.0	0.0	0.0	0.0	0.0	0.0	0.0	0.0	0.0	0.0	
8.8292  400.0  500.0  8e-05	0.0001	0.0002	0.0001	0.0001	0.00018	0.00012	0.00022	0.00016	0.0002	0.00026	0.00038	0.00036	0.00066	0.00078	0.00104	0.00306	0.0391	0.06758	0.06002	0.05428	0.04854	0.0442	0.03702	0.00992	0.0	0.0	0.0	0.0	0.0	0.0	0.0	0.0	0.0	0.0	0.0	0.0	0.0	0.0	0.0	0.0	0.0	0.0	0.0	0.0	0.0	0.0	0.0	0.0	0.0	0.0	0.0	0.0	0.0	0.0	0.0	0.0	0.0	0.0	0.0	0.0	0.0	0.0	0.0	0.0	0.0	0.0	0.0	0.0	0.0	0.0	0.0	0.0	0.0	0.0	0.0	0.0	0.0	0.0	0.0	0.0	0.0	0.0	0.0	0.0	0.0	0.0	0.0	0.0	0.0	0.0	0.0	0.0	0.0	0.0	0.0	0.0	0.0	0.0	
3.4802  500.0  600.0  4e-05	0.00014	0.00014	0.00012	8e-05	6e-05	0.0001	0.00024	0.00016	0.00012	8e-05	0.00014	0.00014	0.00018	0.00022	0.00028	0.00024	0.00036	0.00046	0.0007	0.00052	0.00092	0.00188	0.00538	0.06544	0.0801	0.0722	0.06124	0.05438	0.03934	0.00024	0.0	0.0	0.0	0.0	0.0	0.0	0.0	0.0	0.0	0.0	0.0	0.0	0.0	0.0	0.0	0.0	0.0	0.0	0.0	0.0	0.0	0.0	0.0	0.0	0.0	0.0	0.0	0.0	0.0	0.0	0.0	0.0	0.0	0.0	0.0	0.0	0.0	0.0	0.0	0.0	0.0	0.0	0.0	0.0	0.0	0.0	0.0	0.0	0.0	0.0	0.0	0.0	0.0	0.0	0.0	0.0	0.0	0.0	0.0	0.0	0.0	0.0	0.0	0.0	0.0	0.0	0.0	0.0	
1.57662  600.0  700.0  6e-05	2e-05	4e-05	0.0001	4e-05	0.0001	6e-05	0.00014	8e-05	0.0001	8e-05	0.0001	6e-05	0.00022	0.00018	0.0002	0.00016	0.00028	0.00036	0.0002	0.00038	0.00032	0.0005	0.00054	0.00068	0.00068	0.00104	0.0014	0.00306	0.02328	0.0953	0.08562	0.07716	0.0675	0.03092	0.0	0.0	0.0	0.0	0.0	0.0	0.0	0.0	0.0	0.0	0.0	0.0	0.0	0.0	0.0	0.0	0.0	0.0	0.0	0.0	0.0	0.0	0.0	0.0	0.0	0.0	0.0	0.0	0.0	0.0	0.0	0.0	0.0	0.0	0.0	0.0	0.0	0.0	0.0	0.0	0.0	0.0	0.0	0.0	0.0	0.0	0.0	0.0	0.0	0.0	0.0	0.0	0.0	0.0	0.0	0.0	0.0	0.0	0.0	0.0	0.0	0.0	0.0	0.0	
0.78886  700.0  800.0  4e-05	0.0	4e-05	6e-05	0.0	4e-05	2e-05	2e-05	4e-05	8e-05	4e-05	8e-05	8e-05	0.00012	0.00012	0.0002	0.0001	8e-05	4e-05	0.0002	0.00018	0.00018	0.00012	0.0003	0.00026	0.00036	0.00052	0.00042	0.00042	0.00072	0.001	0.00114	0.00168	0.00468	0.05776	0.1086	0.0932	0.08238	0.0444	0.0	0.0	0.0	0.0	0.0	0.0	0.0	0.0	0.0	0.0	0.0	0.0	0.0	0.0	0.0	0.0	0.0	0.0	0.0	0.0	0.0	0.0	0.0	0.0	0.0	0.0	0.0	0.0	0.0	0.0	0.0	0.0	0.0	0.0	0.0	0.0	0.0	0.0	0.0	0.0	0.0	0.0	0.0	0.0	0.0	0.0	0.0	0.0	0.0	0.0	0.0	0.0	0.0	0.0	0.0	0.0	0.0	0.0	0.0	0.0	
0.4243  800.0  900.0  0.0	0.0001	4e-05	2e-05	2e-05	4e-05	6e-05	0.0	2e-05	6e-05	6e-05	2e-05	8e-05	0.00012	6e-05	6e-05	0.00012	2e-05	0.00014	0.00012	8e-05	0.0001	0.00026	0.00012	0.00012	0.0001	0.00022	0.00024	0.00032	0.00042	0.00058	0.00034	0.00068	0.00078	0.00086	0.00138	0.00176	0.00448	0.05844	0.12156	0.10658	0.08924	0.01692	0.0	0.0	0.0	0.0	0.0	0.0	0.0	0.0	0.0	0.0	0.0	0.0	0.0	0.0	0.0	0.0	0.0	0.0	0.0	0.0	0.0	0.0	0.0	0.0	0.0	0.0	0.0	0.0	0.0	0.0	0.0	0.0	0.0	0.0	0.0	0.0	0.0	0.0	0.0	0.0	0.0	0.0	0.0	0.0	0.0	0.0	0.0	0.0	0.0	0.0	0.0	0.0	0.0	0.0	0.0	0.0	
0.24108  900.0  1000.0  2e-05	2e-05	2e-05	2e-05	0.0	8e-05	0.0	0.0	4e-05	6e-05	4e-05	2e-05	8e-05	4e-05	0.00012	0.00012	8e-05	2e-05	0.0002	0.00012	8e-05	6e-05	0.00018	2e-05	0.00012	0.0001	0.00012	0.0001	0.00014	0.00024	0.00014	0.00036	0.00038	0.00048	0.0003	0.00042	0.00058	0.00054	0.00118	0.00138	0.00238	0.00812	0.11442	0.1268	0.10596	0.0378	0.0	0.0	0.0	0.0	0.0	0.0	0.0	0.0	0.0	0.0	0.0	0.0	0.0	0.0	0.0	0.0	0.0	0.0	0.0	0.0	0.0	0.0	0.0	0.0	0.0	0.0	0.0	0.0	0.0	0.0	0.0	0.0	0.0	0.0	0.0	0.0	0.0	0.0	0.0	0.0	0.0	0.0	0.0	0.0	0.0	0.0	0.0	0.0	0.0	0.0	0.0	0.0	0.0	
0.23172  1000.0  1200.0  0.0	2e-05	0.0	2e-05	6e-05	2e-05	0.0	4e-05	0.0	0.0	0.0	8e-05	0.0	4e-05	0.0	6e-05	4e-05	2e-05	2e-05	4e-05	4e-05	6e-05	8e-05	8e-05	8e-05	4e-05	8e-05	0.00012	6e-05	0.00024	0.0001	6e-05	0.00014	0.00016	0.00026	0.00024	0.00034	0.00032	0.0005	0.00046	0.00044	0.00066	0.00114	0.00142	0.0054	0.06228	0.08858	0.07602	0.06536	0.05638	0.04238	0.0012	0.0	0.0	0.0	0.0	0.0	0.0	0.0	0.0	0.0	0.0	0.0	0.0	0.0	0.0	0.0	0.0	0.0	0.0	0.0	0.0	0.0	0.0	0.0	0.0	0.0	0.0	0.0	0.0	0.0	0.0	0.0	0.0	0.0	0.0	0.0	0.0	0.0	0.0	0.0	0.0	0.0	0.0	0.0	0.0	0.0	0.0	0.0	
0.092516  1200.0  1400.0  0.0	0.0	2e-05	0.0	0.0	2e-05	2e-05	0.0	6e-05	2e-05	2e-05	0.0	4e-05	6e-05	4e-05	2e-05	4e-05	2e-05	0.0	0.0001	2e-05	4e-05	0.00012	4e-05	8e-05	4e-05	0.0001	4e-05	6e-05	0.0001	0.0001	6e-05	0.00018	0.0001	0.00012	0.00012	0.00022	0.00016	0.00024	0.00018	0.0005	0.00022	0.0005	0.00032	0.00044	0.00054	0.0006	0.00098	0.00118	0.00262	0.0144	0.10486	0.09294	0.07798	0.0675	0.03494	0.0	0.0	0.0	0.0	0.0	0.0	0.0	0.0	0.0	0.0	0.0	0.0	0.0	0.0	0.0	0.0	0.0	0.0	0.0	0.0	0.0	0.0	0.0	0.0	0.0	0.0	0.0	0.0	0.0	0.0	0.0	0.0	0.0	0.0	0.0	0.0	0.0	0.0	0.0	0.0	0.0	0.0	0.0	
0.040562  1400.0  1600.0  2e-05	0.0	0.0	4e-05	0.0	0.0	0.0	2e-05	2e-05	2e-05	2e-05	0.0	0.0	4e-05	2e-05	2e-05	2e-05	4e-05	6e-05	4e-05	4e-05	2e-05	2e-05	2e-05	2e-05	6e-05	0.00014	0.0001	0.0	4e-05	6e-05	4e-05	0.00014	0.00018	8e-05	0.00026	0.00014	0.00014	0.00014	0.0002	0.00016	0.00016	0.00028	0.00026	0.00024	0.00034	0.00016	0.0005	0.00048	0.00056	0.00056	0.00096	0.0012	0.00164	0.00362	0.04944	0.11262	0.0961	0.0808	0.04864	0.0	0.0	0.0	0.0	0.0	0.0	0.0	0.0	0.0	0.0	0.0	0.0	0.0	0.0	0.0	0.0	0.0	0.0	0.0	0.0	0.0	0.0	0.0	0.0	0.0	0.0	0.0	0.0	0.0	0.0	0.0	0.0	0.0	0.0	0.0	0.0	0.0	0.0	0.0	
0.019018  1600.0  1800.0  2e-05	6e-05	0.0	0.0	0.0	0.0	2e-05	2e-05	0.0	0.0	0.0	0.0	0.0	0.0	0.0	4e-05	0.0	0.0	4e-05	4e-05	6e-05	6e-05	0.0001	6e-05	0.0	4e-05	2e-05	6e-05	8e-05	0.00012	8e-05	8e-05	6e-05	0.0001	8e-05	8e-05	6e-05	6e-05	8e-05	0.00022	0.0002	8e-05	0.0002	0.0001	0.00018	0.00018	0.00024	0.00028	0.00032	0.00028	0.00028	0.0004	0.00036	0.00078	0.00074	0.00098	0.0011	0.0019	0.0045	0.04584	0.12816	0.10546	0.08694	0.0221	0.0	0.0	0.0	0.0	0.0	0.0	0.0	0.0	0.0	0.0	0.0	0.0	0.0	0.0	0.0	0.0	0.0	0.0	0.0	0.0	0.0	0.0	0.0	0.0	0.0	0.0	0.0	0.0	0.0	0.0	0.0	0.0	0.0	0.0	0.0	
0.009369  1800.0  2000.0  2e-05	0.0	0.0	0.0	0.0	0.0	0.0	0.0	0.0	0.0	0.0	0.0	0.0	4e-05	0.0	6e-05	4e-05	4e-05	2e-05	0.0	2e-05	0.0	4e-05	4e-05	6e-05	2e-05	4e-05	4e-05	4e-05	2e-05	8e-05	2e-05	6e-05	4e-05	2e-05	2e-05	6e-05	4e-05	8e-05	6e-05	4e-05	0.00014	8e-05	0.0001	8e-05	0.00024	0.00018	8e-05	0.0002	0.0002	0.00026	0.00014	0.0003	0.00042	0.00034	0.00052	0.00052	0.00074	0.00088	0.0011	0.00154	0.00224	0.0079	0.10602	0.1278	0.10572	0.04672	0.0	0.0	0.0	0.0	0.0	0.0	0.0	0.0	0.0	0.0	0.0	0.0	0.0	0.0	0.0	0.0	0.0	0.0	0.0	0.0	0.0	0.0	0.0	0.0	0.0	0.0	0.0	0.0	0.0	0.0	0.0	0.0	
0.005574  2000.0  2250.0  0.0	2e-05	2e-05	0.0	0.0	2e-05	2e-05	0.0	2e-05	0.0	2e-05	0.0	0.0	0.0	4e-05	0.0	0.0	0.0	0.0	2e-05	2e-05	4e-05	2e-05	4e-05	2e-05	4e-05	4e-05	4e-05	8e-05	6e-05	4e-05	4e-05	2e-05	6e-05	4e-05	6e-05	6e-05	8e-05	8e-05	4e-05	8e-05	8e-05	4e-05	0.00012	0.00012	8e-05	0.00012	8e-05	0.00024	6e-05	0.00026	0.00016	0.00024	0.00012	0.00012	0.00024	0.00032	0.00022	0.00036	0.00068	0.00052	0.0006	0.0008	0.0014	0.002	0.00556	0.07474	0.12606	0.10346	0.08142	0.00846	0.0	0.0	0.0	0.0	0.0	0.0	0.0	0.0	0.0	0.0	0.0	0.0	0.0	0.0	0.0	0.0	0.0	0.0	0.0	0.0	0.0	0.0	0.0	0.0	0.0	0.0	0.0	0.0	
0.002514  2250.0  2500.0  0.0	0.0	0.0	0.0	0.0	0.0	2e-05	0.0	0.0	6e-05	2e-05	0.0	0.0	0.0	2e-05	0.0	0.0	0.0	4e-05	0.0	2e-05	2e-05	2e-05	4e-05	6e-05	2e-05	8e-05	4e-05	0.0	0.0	0.0	6e-05	4e-05	6e-05	6e-05	6e-05	8e-05	8e-05	0.00012	4e-05	0.0	6e-05	6e-05	8e-05	0.0	6e-05	2e-05	0.00012	0.0001	6e-05	0.0001	4e-05	0.0002	0.00016	0.00022	0.0003	0.00024	0.0002	0.00034	0.00038	0.00042	0.00038	0.00046	0.00058	0.00052	0.0008	0.00114	0.00136	0.003	0.01048	0.137	0.12466	0.09688	0.02702	0.0	0.0	0.0	0.0	0.0	0.0	0.0	0.0	0.0	0.0	0.0	0.0	0.0	0.0	0.0	0.0	0.0	0.0	0.0	0.0	0.0	0.0	0.0	0.0	0.0	
0.001168  2500.0  2750.0  0.0	0.0	0.0	0.0	0.0	2e-05	0.0	0.0	0.0	2e-05	0.0	2e-05	0.0	0.0	0.0	2e-05	0.0	2e-05	2e-05	0.0	0.0	2e-05	0.0	0.0	4e-05	0.0	4e-05	4e-05	2e-05	2e-05	0.0	2e-05	2e-05	0.0	4e-05	2e-05	6e-05	0.00012	4e-05	2e-05	6e-05	4e-05	2e-05	0.00012	0.0	0.0001	0.0	2e-05	2e-05	0.00016	8e-05	0.0001	4e-05	0.00016	0.00016	0.0002	8e-05	0.00014	0.00024	0.00014	0.00022	0.00018	0.00032	0.00036	0.0004	0.00056	0.0006	0.00062	0.00082	0.00094	0.00146	0.00234	0.0078	0.12094	0.14244	0.11158	0.02082	0.0	0.0	0.0	0.0	0.0	0.0	0.0	0.0	0.0	0.0	0.0	0.0	0.0	0.0	0.0	0.0	0.0	0.0	0.0	0.0	0.0	0.0	
0.000557  2750.0  3000.0  0.0	0.0	0.0	0.0	0.0	0.0	0.0	2e-05	0.0	0.0	2e-05	0.0	0.0	0.0	2e-05	0.0	0.0	0.0	2e-05	2e-05	4e-05	0.0	2e-05	0.0	0.0	2e-05	4e-05	2e-05	2e-05	4e-05	0.0	0.0	0.0	2e-05	4e-05	4e-05	0.0	4e-05	8e-05	6e-05	4e-05	8e-05	4e-05	8e-05	2e-05	6e-05	2e-05	0.0001	0.00012	8e-05	8e-05	6e-05	0.0001	6e-05	0.00014	0.0001	0.00012	0.0001	0.00018	0.00016	0.00024	0.00022	0.00026	0.00026	0.00024	0.0002	0.00048	0.00042	0.00044	0.00054	0.0007	0.00076	0.00108	0.00138	0.00328	0.01068	0.1465	0.148	0.09814	6e-05	0.0	0.0	0.0	0.0	0.0	0.0	0.0	0.0	0.0	0.0	0.0	0.0	0.0	0.0	0.0	0.0	0.0	0.0	0.0	
0.000399  3000.0  3500.0  0.0	0.0	0.0	0.0	0.0	0.0	0.0	4e-05	2e-05	0.0	0.0	2e-05	0.0	2e-05	0.0	0.0	0.0	2e-05	2e-05	4e-05	0.0	4e-05	4e-05	0.0	2e-05	6e-05	2e-05	0.0	6e-05	0.0	2e-05	2e-05	2e-05	2e-05	4e-05	2e-05	0.0	2e-05	4e-05	0.0	4e-05	4e-05	4e-05	2e-05	0.0001	2e-05	4e-05	2e-05	6e-05	4e-05	8e-05	2e-05	4e-05	4e-05	0.00012	6e-05	0.00012	0.00024	4e-05	6e-05	6e-05	0.00012	0.0002	0.0001	0.00022	0.00014	0.00034	0.00022	0.00034	0.00034	0.00034	0.00038	0.00072	0.0006	0.00074	0.0012	0.00156	0.00326	0.02798	0.12592	0.09812	0.07256	0.05672	0.02412	0.0	0.0	0.0	0.0	0.0	0.0	0.0	0.0	0.0	0.0	0.0	0.0	0.0	0.0	0.0	
9.5e-05  3500.0  4000.0  2e-05	0.0	0.0	0.0	0.0	2e-05	2e-05	2e-05	0.0	0.0	2e-05	0.0	2e-05	0.0	2e-05	2e-05	0.0	0.0	0.0	0.0	0.0	0.0	0.0	2e-05	2e-05	0.0	0.0	2e-05	0.0	2e-05	4e-05	4e-05	0.0	2e-05	4e-05	0.0	2e-05	6e-05	2e-05	2e-05	4e-05	2e-05	0.0	0.0	2e-05	2e-05	2e-05	2e-05	2e-05	0.0	8e-05	4e-05	6e-05	4e-05	4e-05	2e-05	2e-05	0.0001	4e-05	6e-05	6e-05	6e-05	0.00012	8e-05	6e-05	0.00012	0.0002	0.0001	0.00014	0.00024	0.00016	0.00028	0.00022	0.00018	0.00042	0.00026	0.00056	0.00058	0.00084	0.00076	0.00104	0.00192	0.00596	0.07688	0.13026	0.0957	0.07012	0.03284	0.0	0.0	0.0	0.0	0.0	0.0	0.0	0.0	0.0	0.0	0.0	
2.8e-05  4000.0  15000.0  0.0	0.0	0.0	2e-05	0.0	0.0	0.0	0.0	2e-05	0.0	0.0	0.0	0.0	2e-05	0.0	0.0	0.0	0.0	2e-05	0.0	0.0	0.0	2e-05	0.0	2e-05	0.0	2e-05	2e-05	0.0	0.0	2e-05	0.0	2e-05	0.0	0.0	2e-05	4e-05	4e-05	0.0	2e-05	0.0	0.0	2e-05	2e-05	0.00012	2e-05	2e-05	0.0	0.00014	6e-05	8e-05	2e-05	4e-05	0.0001	6e-05	6e-05	2e-05	4e-05	4e-05	8e-05	0.0001	6e-05	8e-05	6e-05	2e-05	8e-05	0.00012	4e-05	0.0001	6e-05	0.00012	0.00018	0.00018	0.00034	0.0001	0.00018	0.00028	0.00022	0.00014	0.00036	0.00054	0.00056	0.00064	0.00092	0.00114	0.00172	0.004	0.05644	0.10846	0.07632	0.05356	0.03794	0.02702	0.01712	0.01184	0.0078	0.00522	0.00318	0.00704	
