#===============
# Ref : 1903.06248
# Experiment : ATLAS
# ll~ : ee
# qq~ : bb~
# FF  : vector
# XY  :  LL RR
# coef : 00
# type : Z*Z
# Nevs : 50000
#===============
#
# XSEC	BIN_MIN	BIN_MAX 	 Kij 
# 225.0 232.51 240.271 248.291 256.579 265.143 273.994 283.139 292.59 302.357 312.449 322.878 333.656 344.793 356.302 368.195 380.485 393.185 406.309 419.872 433.887 448.369 463.336 478.801 494.783 511.299 528.365 546.002 564.227 583.06 602.522 622.634 643.417 664.894 687.087 710.022 733.722 758.213 783.521 809.674 836.7 864.629 893.489 923.313 954.133 985.981 1018.89 1052.9 1088.05 1124.36 1161.9 1200.68 1240.76 1282.17 1324.97 1369.2 1414.9 1462.13 1510.93 1561.36 1613.48 1667.34 1722.99 1780.5 1839.94 1901.35 1964.82 2030.4 2098.17 2168.21 2240.58 2315.37 2392.65 2472.52 2555.05 2640.34 2728.47 2819.54 2913.66 3010.91 3111.41 3215.27 3322.59 3433.5 3548.1 3666.54 3788.92 3915.39 4046.09 4181.14 4320.7 4464.92 4613.96 4767.97 4927.12 5091.58 5261.54 5437.16 5618.6 10000.0 
0.106542  200.0  300.0  0.03472	0.03192	0.02574	0.02334	0.01986	0.01672	0.01598	0.01282	0.00774	6e-05	0.0	0.0	0.0	0.0	0.0	0.0	0.0	0.0	0.0	0.0	0.0	0.0	0.0	0.0	0.0	0.0	0.0	0.0	0.0	0.0	0.0	0.0	0.0	0.0	0.0	0.0	0.0	0.0	0.0	0.0	0.0	0.0	0.0	0.0	0.0	0.0	0.0	0.0	0.0	0.0	0.0	0.0	0.0	0.0	0.0	0.0	0.0	0.0	0.0	0.0	0.0	0.0	0.0	0.0	0.0	0.0	0.0	0.0	0.0	0.0	0.0	0.0	0.0	0.0	0.0	0.0	0.0	0.0	0.0	0.0	0.0	0.0	0.0	0.0	0.0	0.0	0.0	0.0	0.0	0.0	0.0	0.0	0.0	0.0	0.0	0.0	0.0	0.0	0.0	
0.015278  300.0  400.0  0.00026	0.00022	0.00046	0.00048	0.00074	0.0009	0.00114	0.00214	0.0256	0.0704	0.06106	0.05336	0.04626	0.04042	0.03492	0.02922	0.0271	0.01076	0.0	0.0	0.0	0.0	0.0	0.0	0.0	0.0	0.0	0.0	0.0	0.0	0.0	0.0	0.0	0.0	0.0	0.0	0.0	0.0	0.0	0.0	0.0	0.0	0.0	0.0	0.0	0.0	0.0	0.0	0.0	0.0	0.0	0.0	0.0	0.0	0.0	0.0	0.0	0.0	0.0	0.0	0.0	0.0	0.0	0.0	0.0	0.0	0.0	0.0	0.0	0.0	0.0	0.0	0.0	0.0	0.0	0.0	0.0	0.0	0.0	0.0	0.0	0.0	0.0	0.0	0.0	0.0	0.0	0.0	0.0	0.0	0.0	0.0	0.0	0.0	0.0	0.0	0.0	0.0	0.0	
0.003698  400.0  500.0  0.00014	6e-05	0.00014	0.00018	0.0001	0.0002	0.0003	0.00026	0.00032	0.00034	0.00032	0.00036	0.00066	0.00074	0.00092	0.00158	0.004	0.05014	0.08042	0.07006	0.06046	0.05274	0.0446	0.03806	0.00938	0.0	0.0	0.0	0.0	0.0	0.0	0.0	0.0	0.0	0.0	0.0	0.0	0.0	0.0	0.0	0.0	0.0	0.0	0.0	0.0	0.0	0.0	0.0	0.0	0.0	0.0	0.0	0.0	0.0	0.0	0.0	0.0	0.0	0.0	0.0	0.0	0.0	0.0	0.0	0.0	0.0	0.0	0.0	0.0	0.0	0.0	0.0	0.0	0.0	0.0	0.0	0.0	0.0	0.0	0.0	0.0	0.0	0.0	0.0	0.0	0.0	0.0	0.0	0.0	0.0	0.0	0.0	0.0	0.0	0.0	0.0	0.0	0.0	0.0	
0.001171  500.0  600.0  4e-05	4e-05	4e-05	0.00014	0.00012	0.00012	8e-05	4e-05	8e-05	4e-05	0.00026	0.00014	0.00018	0.00022	0.00024	0.00028	0.00038	0.00046	0.00044	0.00068	0.00078	0.0011	0.0015	0.00608	0.07398	0.09272	0.08082	0.06836	0.05788	0.04094	0.00046	0.0	0.0	0.0	0.0	0.0	0.0	0.0	0.0	0.0	0.0	0.0	0.0	0.0	0.0	0.0	0.0	0.0	0.0	0.0	0.0	0.0	0.0	0.0	0.0	0.0	0.0	0.0	0.0	0.0	0.0	0.0	0.0	0.0	0.0	0.0	0.0	0.0	0.0	0.0	0.0	0.0	0.0	0.0	0.0	0.0	0.0	0.0	0.0	0.0	0.0	0.0	0.0	0.0	0.0	0.0	0.0	0.0	0.0	0.0	0.0	0.0	0.0	0.0	0.0	0.0	0.0	0.0	0.0	
0.000439  600.0  700.0  8e-05	6e-05	2e-05	6e-05	6e-05	2e-05	6e-05	0.00014	0.00012	4e-05	0.00014	0.00024	0.00012	0.00014	0.00018	0.00016	6e-05	0.00018	0.0003	0.00024	0.0004	0.00042	0.00022	0.00062	0.00066	0.00088	0.001	0.0013	0.00372	0.0276	0.11206	0.09578	0.08348	0.06802	0.032	0.0	0.0	0.0	0.0	0.0	0.0	0.0	0.0	0.0	0.0	0.0	0.0	0.0	0.0	0.0	0.0	0.0	0.0	0.0	0.0	0.0	0.0	0.0	0.0	0.0	0.0	0.0	0.0	0.0	0.0	0.0	0.0	0.0	0.0	0.0	0.0	0.0	0.0	0.0	0.0	0.0	0.0	0.0	0.0	0.0	0.0	0.0	0.0	0.0	0.0	0.0	0.0	0.0	0.0	0.0	0.0	0.0	0.0	0.0	0.0	0.0	0.0	0.0	0.0	
0.000185  700.0  800.0  2e-05	4e-05	4e-05	8e-05	0.0001	2e-05	0.00014	6e-05	8e-05	0.0001	0.0001	0.00012	6e-05	0.0001	0.00012	8e-05	4e-05	0.00014	0.00012	0.00022	0.00016	0.00024	0.00032	0.00038	0.00046	0.00032	0.00062	0.00038	0.00068	0.0009	0.00068	0.00122	0.0018	0.00556	0.06738	0.12098	0.1008	0.08106	0.043	0.0	0.0	0.0	0.0	0.0	0.0	0.0	0.0	0.0	0.0	0.0	0.0	0.0	0.0	0.0	0.0	0.0	0.0	0.0	0.0	0.0	0.0	0.0	0.0	0.0	0.0	0.0	0.0	0.0	0.0	0.0	0.0	0.0	0.0	0.0	0.0	0.0	0.0	0.0	0.0	0.0	0.0	0.0	0.0	0.0	0.0	0.0	0.0	0.0	0.0	0.0	0.0	0.0	0.0	0.0	0.0	0.0	0.0	0.0	0.0	
8.5e-05  800.0  900.0  0.0	4e-05	6e-05	2e-05	2e-05	0.0	6e-05	0.0	0.00012	0.0	2e-05	0.0001	0.00014	2e-05	2e-05	6e-05	6e-05	8e-05	4e-05	0.00016	0.00014	0.00012	0.00018	0.00014	0.00018	0.00028	0.00026	0.00024	0.00032	0.00042	0.0004	0.00056	0.00058	0.00076	0.00092	0.00118	0.00144	0.00534	0.06456	0.12964	0.10976	0.08884	0.01578	0.0	0.0	0.0	0.0	0.0	0.0	0.0	0.0	0.0	0.0	0.0	0.0	0.0	0.0	0.0	0.0	0.0	0.0	0.0	0.0	0.0	0.0	0.0	0.0	0.0	0.0	0.0	0.0	0.0	0.0	0.0	0.0	0.0	0.0	0.0	0.0	0.0	0.0	0.0	0.0	0.0	0.0	0.0	0.0	0.0	0.0	0.0	0.0	0.0	0.0	0.0	0.0	0.0	0.0	0.0	0.0	
4.2e-05  900.0  1000.0  0.0	2e-05	2e-05	0.0	4e-05	2e-05	0.0001	2e-05	0.0	0.0001	2e-05	4e-05	8e-05	4e-05	4e-05	8e-05	0.00012	0.0001	0.0001	6e-05	8e-05	0.0001	8e-05	0.0	0.0001	0.00016	0.00022	0.00026	0.00024	0.00022	0.0003	0.00028	0.0005	0.0005	0.0005	0.00068	0.00052	0.00084	0.0011	0.00174	0.00284	0.00972	0.12654	0.13114	0.10526	0.03658	0.0	0.0	0.0	0.0	0.0	0.0	0.0	0.0	0.0	0.0	0.0	0.0	0.0	0.0	0.0	0.0	0.0	0.0	0.0	0.0	0.0	0.0	0.0	0.0	0.0	0.0	0.0	0.0	0.0	0.0	0.0	0.0	0.0	0.0	0.0	0.0	0.0	0.0	0.0	0.0	0.0	0.0	0.0	0.0	0.0	0.0	0.0	0.0	0.0	0.0	0.0	0.0	0.0	
3.4e-05  1000.0  1200.0  2e-05	0.0	0.0	0.0	2e-05	4e-05	0.0	0.0	2e-05	8e-05	8e-05	2e-05	2e-05	4e-05	4e-05	2e-05	8e-05	0.00014	4e-05	2e-05	8e-05	8e-05	0.0001	6e-05	0.00014	4e-05	0.00014	0.00012	0.00012	8e-05	0.00012	8e-05	0.00016	0.0002	0.00014	0.00022	0.00024	0.00038	0.00026	0.0007	0.00042	0.00122	0.0011	0.00156	0.00524	0.06902	0.0949	0.07788	0.06676	0.05272	0.03882	0.00114	0.0	0.0	0.0	0.0	0.0	0.0	0.0	0.0	0.0	0.0	0.0	0.0	0.0	0.0	0.0	0.0	0.0	0.0	0.0	0.0	0.0	0.0	0.0	0.0	0.0	0.0	0.0	0.0	0.0	0.0	0.0	0.0	0.0	0.0	0.0	0.0	0.0	0.0	0.0	0.0	0.0	0.0	0.0	0.0	0.0	0.0	0.0	
1.1e-05  1200.0  1400.0  0.0	4e-05	4e-05	0.0	2e-05	0.0	2e-05	6e-05	2e-05	0.0	2e-05	0.0	0.0	2e-05	4e-05	2e-05	0.0	4e-05	4e-05	4e-05	8e-05	4e-05	8e-05	8e-05	0.00012	8e-05	2e-05	6e-05	2e-05	0.00012	0.0001	8e-05	0.0001	8e-05	0.00016	0.00026	0.00018	0.00012	0.00018	0.00032	0.00036	0.00026	0.00038	0.00038	0.00066	0.00056	0.0008	0.0009	0.00162	0.00318	0.01576	0.1144	0.09618	0.07748	0.06282	0.03224	0.0	0.0	0.0	0.0	0.0	0.0	0.0	0.0	0.0	0.0	0.0	0.0	0.0	0.0	0.0	0.0	0.0	0.0	0.0	0.0	0.0	0.0	0.0	0.0	0.0	0.0	0.0	0.0	0.0	0.0	0.0	0.0	0.0	0.0	0.0	0.0	0.0	0.0	0.0	0.0	0.0	0.0	0.0	
4e-06  1400.0  1600.0  2e-05	2e-05	0.0	0.0	0.0	0.0	2e-05	0.0	0.0	4e-05	2e-05	2e-05	2e-05	4e-05	0.0	2e-05	6e-05	4e-05	4e-05	8e-05	4e-05	2e-05	2e-05	0.0	6e-05	4e-05	2e-05	2e-05	6e-05	8e-05	0.0001	0.00012	8e-05	0.00018	6e-05	8e-05	2e-05	0.00014	0.0001	0.0002	8e-05	0.00014	0.00018	0.00044	0.00016	0.0002	0.00028	0.00032	0.00054	0.00058	0.00066	0.0007	0.00098	0.0016	0.00468	0.05476	0.1211	0.096	0.07784	0.0457	0.0	0.0	0.0	0.0	0.0	0.0	0.0	0.0	0.0	0.0	0.0	0.0	0.0	0.0	0.0	0.0	0.0	0.0	0.0	0.0	0.0	0.0	0.0	0.0	0.0	0.0	0.0	0.0	0.0	0.0	0.0	0.0	0.0	0.0	0.0	0.0	0.0	0.0	0.0	
1e-06  1600.0  1800.0  2e-05	0.0	0.0	4e-05	0.0	2e-05	0.0	0.0	4e-05	2e-05	4e-05	0.0	2e-05	0.0	0.0	2e-05	2e-05	2e-05	0.0	4e-05	2e-05	4e-05	2e-05	4e-05	2e-05	4e-05	6e-05	0.0001	4e-05	8e-05	2e-05	6e-05	6e-05	0.0002	4e-05	8e-05	6e-05	8e-05	2e-05	8e-05	0.00014	0.00014	6e-05	0.00026	0.0001	0.00018	0.0002	0.00026	0.00032	0.00046	0.00044	0.00042	0.0005	0.00054	0.00064	0.0008	0.00082	0.00158	0.00454	0.05136	0.13386	0.10718	0.08172	0.02194	0.0	0.0	0.0	0.0	0.0	0.0	0.0	0.0	0.0	0.0	0.0	0.0	0.0	0.0	0.0	0.0	0.0	0.0	0.0	0.0	0.0	0.0	0.0	0.0	0.0	0.0	0.0	0.0	0.0	0.0	0.0	0.0	0.0	0.0	0.0	
1e-06  1800.0  2000.0  2e-05	2e-05	2e-05	2e-05	0.0	0.0	2e-05	0.0	0.0	0.0	0.0	2e-05	0.0	2e-05	6e-05	2e-05	4e-05	2e-05	2e-05	4e-05	4e-05	0.0	2e-05	4e-05	4e-05	2e-05	2e-05	0.0	4e-05	0.0001	4e-05	6e-05	2e-05	4e-05	8e-05	0.0001	4e-05	4e-05	8e-05	0.0001	0.00016	2e-05	0.00012	0.0001	0.00016	0.00024	0.00016	0.00016	0.0003	0.00016	0.0002	0.00022	0.00038	0.00032	0.00024	0.00048	0.00064	0.00068	0.00056	0.0008	0.00134	0.00172	0.00832	0.11336	0.12962	0.10112	0.04068	0.0	0.0	0.0	0.0	0.0	0.0	0.0	0.0	0.0	0.0	0.0	0.0	0.0	0.0	0.0	0.0	0.0	0.0	0.0	0.0	0.0	0.0	0.0	0.0	0.0	0.0	0.0	0.0	0.0	0.0	0.0	0.0	
0.0  2000.0  2250.0  0.0	0.0	0.0	0.0	0.0	0.0	0.0	0.0	4e-05	0.0	0.0	0.0	0.0	0.0	0.0	2e-05	4e-05	2e-05	2e-05	4e-05	2e-05	0.0	2e-05	2e-05	2e-05	2e-05	0.0	0.0	2e-05	0.0001	6e-05	2e-05	6e-05	4e-05	0.0001	0.0	2e-05	6e-05	4e-05	6e-05	8e-05	0.00012	6e-05	6e-05	8e-05	6e-05	0.0002	0.00014	0.00014	0.00012	0.00022	0.00032	0.0001	0.00032	0.00024	0.0003	0.00028	0.00044	0.00046	0.00036	0.00066	0.00066	0.00074	0.00134	0.00196	0.00604	0.07976	0.1296	0.10168	0.07666	0.00706	0.0	0.0	0.0	0.0	0.0	0.0	0.0	0.0	0.0	0.0	0.0	0.0	0.0	0.0	0.0	0.0	0.0	0.0	0.0	0.0	0.0	0.0	0.0	0.0	0.0	0.0	0.0	0.0	
0.0  2250.0  2500.0  0.0	0.0	0.0	2e-05	0.0	2e-05	0.0	0.0	2e-05	0.0	2e-05	0.0	4e-05	2e-05	2e-05	0.0	0.0	2e-05	2e-05	2e-05	6e-05	0.0	0.0	0.0	0.0	6e-05	2e-05	2e-05	4e-05	0.0	4e-05	0.0	6e-05	6e-05	4e-05	2e-05	0.0001	6e-05	4e-05	4e-05	4e-05	2e-05	0.0001	0.0001	8e-05	6e-05	0.0001	0.0001	6e-05	0.0002	0.0002	0.00018	0.0001	0.00012	8e-05	0.00014	0.00016	0.00024	0.0003	0.00022	0.00038	0.00034	0.00038	0.00072	0.00068	0.00092	0.0011	0.0014	0.00334	0.01106	0.14148	0.12646	0.0939	0.02408	0.0	0.0	0.0	0.0	0.0	0.0	0.0	0.0	0.0	0.0	0.0	0.0	0.0	0.0	0.0	0.0	0.0	0.0	0.0	0.0	0.0	0.0	0.0	0.0	0.0	
0.0  2500.0  2750.0  0.0	0.0	0.0	0.0	2e-05	0.0	0.0	0.0	0.0	0.0	0.0	2e-05	0.0	4e-05	0.0	0.0	6e-05	2e-05	0.0	0.0	0.0	2e-05	2e-05	0.0	4e-05	0.0	2e-05	4e-05	2e-05	2e-05	2e-05	4e-05	0.0001	2e-05	4e-05	4e-05	8e-05	2e-05	0.0	6e-05	0.00012	0.0	6e-05	0.0001	6e-05	0.0001	4e-05	8e-05	6e-05	0.00028	4e-05	0.00012	0.00012	0.0002	0.00018	0.00012	4e-05	0.00014	0.00022	0.00024	0.0003	0.00042	0.00028	0.00024	0.00046	0.00034	0.00062	0.00062	0.00084	0.00124	0.00148	0.00278	0.0089	0.1285	0.14298	0.1058	0.01856	0.0	0.0	0.0	0.0	0.0	0.0	0.0	0.0	0.0	0.0	0.0	0.0	0.0	0.0	0.0	0.0	0.0	0.0	0.0	0.0	0.0	0.0	
0.0  2750.0  3000.0  0.0	0.0	0.0	0.0	0.0	0.0	0.0	2e-05	0.0	0.0	0.0	0.0	0.0	0.0	0.0	0.0	2e-05	0.0	0.0	4e-05	2e-05	0.0	0.0	0.0	0.0	0.0	0.0	4e-05	2e-05	4e-05	2e-05	0.0	0.0	4e-05	4e-05	6e-05	0.0	2e-05	4e-05	4e-05	0.00014	4e-05	8e-05	4e-05	0.00012	2e-05	0.0	0.0	0.0001	4e-05	0.00014	6e-05	0.00012	0.00012	0.00016	0.00014	0.00012	0.00018	8e-05	0.00014	0.0002	0.00014	0.00022	0.00034	6e-05	0.00038	0.00026	0.0004	0.00052	0.00042	0.00064	0.00098	0.0009	0.00182	0.00326	0.01104	0.15172	0.14868	0.09472	8e-05	0.0	0.0	0.0	0.0	0.0	0.0	0.0	0.0	0.0	0.0	0.0	0.0	0.0	0.0	0.0	0.0	0.0	0.0	0.0	
0.0  3000.0  3500.0  0.0	0.0	0.0	0.0	0.0	0.0	2e-05	0.0	0.0	0.0	0.0	0.0	0.0	0.0	0.0	0.0	0.0	2e-05	0.0	0.0	0.0	4e-05	0.0	0.0	2e-05	0.0	0.0	2e-05	0.0	0.0	2e-05	0.0	0.0	0.0	6e-05	0.0	2e-05	0.0	4e-05	2e-05	2e-05	4e-05	2e-05	6e-05	4e-05	4e-05	4e-05	4e-05	6e-05	6e-05	8e-05	8e-05	2e-05	8e-05	8e-05	4e-05	2e-05	6e-05	6e-05	0.00012	6e-05	0.00018	0.0001	0.0001	0.00024	0.00016	0.0002	0.00024	0.00028	0.00034	0.0003	0.00054	0.0005	0.00066	0.00084	0.00134	0.00148	0.0038	0.02824	0.13186	0.098	0.07162	0.05224	0.0225	0.0	0.0	0.0	0.0	0.0	0.0	0.0	0.0	0.0	0.0	0.0	0.0	0.0	0.0	0.0	
0.0  3500.0  4000.0  0.0	0.0	0.0	0.0	0.0	0.0	0.0	2e-05	0.0	0.0	0.0	0.0	0.0	0.0	0.0	0.0	0.0	0.0	0.0	2e-05	0.0	0.0	0.0	0.0	2e-05	0.0	4e-05	2e-05	0.0	0.0	4e-05	4e-05	0.0	2e-05	2e-05	2e-05	0.0	0.0	6e-05	0.0	0.0	4e-05	0.0	4e-05	4e-05	4e-05	0.00012	6e-05	4e-05	4e-05	2e-05	0.0	6e-05	8e-05	6e-05	4e-05	0.00012	4e-05	6e-05	0.00014	0.00014	0.00012	8e-05	6e-05	0.00012	0.00012	0.00018	0.00016	0.0002	0.00016	0.00016	0.00016	0.0002	0.00024	0.00036	0.00036	0.00062	0.00056	0.00104	0.0009	0.00108	0.00184	0.00602	0.07954	0.13296	0.09736	0.06576	0.0302	0.0	0.0	0.0	0.0	0.0	0.0	0.0	0.0	0.0	0.0	0.0	
0.0  4000.0  15000.0  0.0	0.0	0.0	0.0	4e-05	0.0	0.0	0.0	0.0	0.0	0.0	2e-05	0.0	0.0	2e-05	0.0	0.0	0.0	2e-05	0.0	2e-05	0.0	0.0	2e-05	0.0	0.0	0.0	0.0	0.0	4e-05	0.0	6e-05	2e-05	0.0	2e-05	0.0	0.0	2e-05	2e-05	0.0	4e-05	2e-05	0.0	2e-05	6e-05	2e-05	0.0	6e-05	4e-05	0.0	2e-05	2e-05	2e-05	2e-05	6e-05	8e-05	2e-05	6e-05	6e-05	8e-05	0.0001	0.00014	8e-05	0.0001	0.0001	4e-05	0.0001	0.00014	0.00014	4e-05	0.00018	8e-05	0.00014	0.00018	0.00026	0.00024	0.00022	0.00056	0.0003	0.00028	0.00054	0.00052	0.0007	0.00078	0.00122	0.00202	0.0052	0.05912	0.11408	0.08066	0.05422	0.03704	0.02332	0.01638	0.01038	0.00562	0.00408	0.00246	0.00368	
