#===============
# Ref : 1903.06248
# Experiment : ATLAS
# ll~ : ee
# qq~ : cc~
# FF  : vector
# XY  :  LL RR
# coef : 00
# type : Reg*Reg
# Nevs : 50000
#===============
#
# XSEC	BIN_MIN	BIN_MAX 	 Kij 
# 225.0 232.51 240.271 248.291 256.579 265.143 273.994 283.139 292.59 302.357 312.449 322.878 333.656 344.793 356.302 368.195 380.485 393.185 406.309 419.872 433.887 448.369 463.336 478.801 494.783 511.299 528.365 546.002 564.227 583.06 602.522 622.634 643.417 664.894 687.087 710.022 733.722 758.213 783.521 809.674 836.7 864.629 893.489 923.313 954.133 985.981 1018.89 1052.9 1088.05 1124.36 1161.9 1200.68 1240.76 1282.17 1324.97 1369.2 1414.9 1462.13 1510.93 1561.36 1613.48 1667.34 1722.99 1780.5 1839.94 1901.35 1964.82 2030.4 2098.17 2168.21 2240.58 2315.37 2392.65 2472.52 2555.05 2640.34 2728.47 2819.54 2913.66 3010.91 3111.41 3215.27 3322.59 3433.5 3548.1 3666.54 3788.92 3915.39 4046.09 4181.14 4320.7 4464.92 4613.96 4767.97 4927.12 5091.58 5261.54 5437.16 5618.6 10000.0 
16.0052  200.0  300.0  0.02884	0.03052	0.0284	0.03146	0.03018	0.031	0.03232	0.03256	0.02114	0.00014	0.0	0.0	0.0	0.0	0.0	0.0	0.0	0.0	0.0	0.0	0.0	0.0	0.0	0.0	0.0	0.0	0.0	0.0	0.0	0.0	0.0	0.0	0.0	0.0	0.0	0.0	0.0	0.0	0.0	0.0	0.0	0.0	0.0	0.0	0.0	0.0	0.0	0.0	0.0	0.0	0.0	0.0	0.0	0.0	0.0	0.0	0.0	0.0	0.0	0.0	0.0	0.0	0.0	0.0	0.0	0.0	0.0	0.0	0.0	0.0	0.0	0.0	0.0	0.0	0.0	0.0	0.0	0.0	0.0	0.0	0.0	0.0	0.0	0.0	0.0	0.0	0.0	0.0	0.0	0.0	0.0	0.0	0.0	0.0	0.0	0.0	0.0	0.0	0.0	
11.6954  300.0  400.0  0.00014	0.00016	0.00034	0.00044	0.00054	0.00072	0.0008	0.00172	0.01524	0.04574	0.04656	0.0454	0.04694	0.04644	0.04834	0.04702	0.04358	0.02052	0.0	0.0	0.0	0.0	0.0	0.0	0.0	0.0	0.0	0.0	0.0	0.0	0.0	0.0	0.0	0.0	0.0	0.0	0.0	0.0	0.0	0.0	0.0	0.0	0.0	0.0	0.0	0.0	0.0	0.0	0.0	0.0	0.0	0.0	0.0	0.0	0.0	0.0	0.0	0.0	0.0	0.0	0.0	0.0	0.0	0.0	0.0	0.0	0.0	0.0	0.0	0.0	0.0	0.0	0.0	0.0	0.0	0.0	0.0	0.0	0.0	0.0	0.0	0.0	0.0	0.0	0.0	0.0	0.0	0.0	0.0	0.0	0.0	0.0	0.0	0.0	0.0	0.0	0.0	0.0	0.0	
8.6778  400.0  500.0  0.00014	8e-05	6e-05	6e-05	0.00016	0.0001	0.0002	0.0003	0.00022	0.0004	0.00034	0.00044	0.00054	0.00072	0.00076	0.00162	0.00286	0.03578	0.06442	0.06138	0.06122	0.05834	0.06184	0.0575	0.0162	0.0	0.0	0.0	0.0	0.0	0.0	0.0	0.0	0.0	0.0	0.0	0.0	0.0	0.0	0.0	0.0	0.0	0.0	0.0	0.0	0.0	0.0	0.0	0.0	0.0	0.0	0.0	0.0	0.0	0.0	0.0	0.0	0.0	0.0	0.0	0.0	0.0	0.0	0.0	0.0	0.0	0.0	0.0	0.0	0.0	0.0	0.0	0.0	0.0	0.0	0.0	0.0	0.0	0.0	0.0	0.0	0.0	0.0	0.0	0.0	0.0	0.0	0.0	0.0	0.0	0.0	0.0	0.0	0.0	0.0	0.0	0.0	0.0	0.0	
6.531  500.0  600.0  4e-05	0.00014	8e-05	4e-05	6e-05	0.00012	0.00012	0.00012	0.00024	8e-05	0.00014	0.00026	0.00028	0.00022	0.0002	0.00036	0.0005	0.00036	0.00058	0.0005	0.00082	0.00114	0.00174	0.0047	0.05618	0.07776	0.07552	0.07738	0.07444	0.05568	0.0004	0.0	0.0	0.0	0.0	0.0	0.0	0.0	0.0	0.0	0.0	0.0	0.0	0.0	0.0	0.0	0.0	0.0	0.0	0.0	0.0	0.0	0.0	0.0	0.0	0.0	0.0	0.0	0.0	0.0	0.0	0.0	0.0	0.0	0.0	0.0	0.0	0.0	0.0	0.0	0.0	0.0	0.0	0.0	0.0	0.0	0.0	0.0	0.0	0.0	0.0	0.0	0.0	0.0	0.0	0.0	0.0	0.0	0.0	0.0	0.0	0.0	0.0	0.0	0.0	0.0	0.0	0.0	0.0	
4.9786  600.0  700.0  0.0	8e-05	4e-05	2e-05	0.0001	6e-05	0.0002	2e-05	0.0001	4e-05	0.0002	0.00016	6e-05	0.0001	0.00022	0.00022	0.00016	0.00022	0.00026	0.0003	0.00032	0.00046	0.00036	0.00068	0.00054	0.00086	0.00096	0.00122	0.0029	0.02092	0.09628	0.08904	0.08812	0.0831	0.0434	2e-05	0.0	0.0	0.0	0.0	0.0	0.0	0.0	0.0	0.0	0.0	0.0	0.0	0.0	0.0	0.0	0.0	0.0	0.0	0.0	0.0	0.0	0.0	0.0	0.0	0.0	0.0	0.0	0.0	0.0	0.0	0.0	0.0	0.0	0.0	0.0	0.0	0.0	0.0	0.0	0.0	0.0	0.0	0.0	0.0	0.0	0.0	0.0	0.0	0.0	0.0	0.0	0.0	0.0	0.0	0.0	0.0	0.0	0.0	0.0	0.0	0.0	0.0	0.0	
3.84032  700.0  800.0  0.0	2e-05	4e-05	6e-05	2e-05	4e-05	6e-05	8e-05	8e-05	2e-05	6e-05	4e-05	6e-05	0.00012	4e-05	0.00018	0.00014	0.0001	0.0002	0.0001	0.00018	0.00026	0.00022	0.00026	0.00032	0.00028	0.0005	0.00054	0.00086	0.00064	0.00074	0.00106	0.00166	0.00432	0.0541	0.10878	0.10442	0.097	0.05224	0.0	0.0	0.0	0.0	0.0	0.0	0.0	0.0	0.0	0.0	0.0	0.0	0.0	0.0	0.0	0.0	0.0	0.0	0.0	0.0	0.0	0.0	0.0	0.0	0.0	0.0	0.0	0.0	0.0	0.0	0.0	0.0	0.0	0.0	0.0	0.0	0.0	0.0	0.0	0.0	0.0	0.0	0.0	0.0	0.0	0.0	0.0	0.0	0.0	0.0	0.0	0.0	0.0	0.0	0.0	0.0	0.0	0.0	0.0	0.0	
2.98952  800.0  900.0  2e-05	0.0	4e-05	2e-05	2e-05	6e-05	4e-05	6e-05	8e-05	4e-05	4e-05	0.0	8e-05	8e-05	6e-05	0.0001	8e-05	6e-05	0.0001	0.0001	0.0001	0.00014	0.00026	0.00028	0.00012	0.00016	0.00026	0.00024	0.00036	0.00028	0.00034	0.00058	0.00058	0.00072	0.00082	0.00102	0.00154	0.00388	0.05506	0.11916	0.11364	0.10488	0.02056	0.0	0.0	0.0	0.0	0.0	0.0	0.0	0.0	0.0	0.0	0.0	0.0	0.0	0.0	0.0	0.0	0.0	0.0	0.0	0.0	0.0	0.0	0.0	0.0	0.0	0.0	0.0	0.0	0.0	0.0	0.0	0.0	0.0	0.0	0.0	0.0	0.0	0.0	0.0	0.0	0.0	0.0	0.0	0.0	0.0	0.0	0.0	0.0	0.0	0.0	0.0	0.0	0.0	0.0	0.0	0.0	
2.34576  900.0  1000.0  6e-05	0.0	4e-05	2e-05	2e-05	4e-05	4e-05	2e-05	2e-05	2e-05	2e-05	4e-05	2e-05	6e-05	8e-05	4e-05	2e-05	6e-05	8e-05	0.0001	8e-05	0.00016	0.0001	0.00012	0.00024	0.00016	0.00022	0.00012	0.0002	0.00022	0.00044	0.00018	0.00032	0.0004	0.00048	0.00052	0.00062	0.00062	0.00096	0.00138	0.00276	0.00902	0.11126	0.12786	0.11834	0.04444	0.0	0.0	0.0	0.0	0.0	0.0	0.0	0.0	0.0	0.0	0.0	0.0	0.0	0.0	0.0	0.0	0.0	0.0	0.0	0.0	0.0	0.0	0.0	0.0	0.0	0.0	0.0	0.0	0.0	0.0	0.0	0.0	0.0	0.0	0.0	0.0	0.0	0.0	0.0	0.0	0.0	0.0	0.0	0.0	0.0	0.0	0.0	0.0	0.0	0.0	0.0	0.0	0.0	
3.3301  1000.0  1200.0  2e-05	2e-05	0.0	4e-05	2e-05	2e-05	0.0	4e-05	2e-05	2e-05	0.0	0.0001	2e-05	2e-05	4e-05	6e-05	4e-05	4e-05	6e-05	0.00014	6e-05	2e-05	0.0001	8e-05	0.00012	6e-05	8e-05	4e-05	4e-05	0.00022	0.00016	0.0002	0.00016	0.00014	0.00014	0.00024	0.0003	0.0004	0.00034	0.00062	0.00064	0.00128	0.001	0.00172	0.00412	0.05142	0.07922	0.0785	0.07286	0.06954	0.05478	0.00148	0.0	0.0	0.0	0.0	0.0	0.0	0.0	0.0	0.0	0.0	0.0	0.0	0.0	0.0	0.0	0.0	0.0	0.0	0.0	0.0	0.0	0.0	0.0	0.0	0.0	0.0	0.0	0.0	0.0	0.0	0.0	0.0	0.0	0.0	0.0	0.0	0.0	0.0	0.0	0.0	0.0	0.0	0.0	0.0	0.0	0.0	0.0	
2.12928  1200.0  1400.0  2e-05	2e-05	0.0	2e-05	2e-05	4e-05	6e-05	4e-05	0.0	0.0	4e-05	2e-05	4e-05	2e-05	8e-05	4e-05	6e-05	0.0	4e-05	4e-05	4e-05	2e-05	4e-05	4e-05	2e-05	6e-05	4e-05	0.00016	0.00014	0.0001	2e-05	0.0001	0.0001	0.00014	0.00016	0.00012	0.00012	0.00014	0.00026	0.00032	0.00028	0.00034	0.00036	0.00036	0.00038	0.0007	0.00068	0.00104	0.00132	0.0026	0.01258	0.0934	0.08878	0.08578	0.07672	0.04462	0.0	0.0	0.0	0.0	0.0	0.0	0.0	0.0	0.0	0.0	0.0	0.0	0.0	0.0	0.0	0.0	0.0	0.0	0.0	0.0	0.0	0.0	0.0	0.0	0.0	0.0	0.0	0.0	0.0	0.0	0.0	0.0	0.0	0.0	0.0	0.0	0.0	0.0	0.0	0.0	0.0	0.0	0.0	
1.38768  1400.0  1600.0  0.0	2e-05	2e-05	0.0	0.0	0.0	2e-05	0.0	0.0	0.0	2e-05	6e-05	2e-05	2e-05	6e-05	0.0	2e-05	2e-05	6e-05	2e-05	2e-05	0.0	4e-05	2e-05	2e-05	0.0	6e-05	6e-05	6e-05	6e-05	6e-05	6e-05	2e-05	0.00012	6e-05	0.0001	0.0	0.00014	0.0002	0.00018	0.00024	0.00016	0.00026	0.00032	0.00026	0.0003	0.00038	0.0004	0.00036	0.00052	0.00076	0.00078	0.00108	0.00168	0.00464	0.0447	0.10442	0.0979	0.09258	0.05806	0.0	0.0	0.0	0.0	0.0	0.0	0.0	0.0	0.0	0.0	0.0	0.0	0.0	0.0	0.0	0.0	0.0	0.0	0.0	0.0	0.0	0.0	0.0	0.0	0.0	0.0	0.0	0.0	0.0	0.0	0.0	0.0	0.0	0.0	0.0	0.0	0.0	0.0	0.0	
0.9179  1600.0  1800.0  0.0	2e-05	0.0	0.0	0.0	0.0	2e-05	2e-05	2e-05	0.0	0.0	4e-05	0.0	0.0	2e-05	2e-05	6e-05	0.0	4e-05	4e-05	2e-05	0.0	2e-05	2e-05	2e-05	2e-05	0.00012	0.0	4e-05	4e-05	2e-05	0.0001	4e-05	4e-05	6e-05	8e-05	8e-05	8e-05	8e-05	6e-05	0.00022	8e-05	0.0002	0.00012	0.00022	0.0003	0.0002	0.00014	0.00026	0.0003	0.00036	0.00038	0.00074	0.0004	0.0008	0.0009	0.00118	0.0015	0.0043	0.04084	0.11858	0.11008	0.0949	0.02628	0.0	0.0	0.0	0.0	0.0	0.0	0.0	0.0	0.0	0.0	0.0	0.0	0.0	0.0	0.0	0.0	0.0	0.0	0.0	0.0	0.0	0.0	0.0	0.0	0.0	0.0	0.0	0.0	0.0	0.0	0.0	0.0	0.0	0.0	0.0	
0.61418  1800.0  2000.0  0.0	0.0	2e-05	2e-05	0.0	0.0	0.0	2e-05	0.0	0.0	2e-05	2e-05	4e-05	0.0	2e-05	0.0	0.0	6e-05	4e-05	6e-05	4e-05	0.0	6e-05	0.0	2e-05	4e-05	4e-05	6e-05	6e-05	2e-05	4e-05	8e-05	4e-05	0.0001	4e-05	4e-05	0.0	6e-05	8e-05	0.0001	6e-05	8e-05	0.00014	0.0002	0.00016	0.00016	0.00016	0.0002	0.00024	0.00016	8e-05	0.00018	0.0003	0.00042	0.0005	0.0005	0.0006	0.00062	0.00082	0.00098	0.00116	0.00212	0.00742	0.0982	0.12582	0.1142	0.05204	0.0	0.0	0.0	0.0	0.0	0.0	0.0	0.0	0.0	0.0	0.0	0.0	0.0	0.0	0.0	0.0	0.0	0.0	0.0	0.0	0.0	0.0	0.0	0.0	0.0	0.0	0.0	0.0	0.0	0.0	0.0	0.0	
0.49612  2000.0  2250.0  0.0	0.0	0.0	2e-05	0.0	0.0	0.0	0.0	0.0	0.0	2e-05	0.0	2e-05	8e-05	0.0	2e-05	4e-05	0.0	2e-05	0.0	4e-05	4e-05	4e-05	6e-05	0.0	4e-05	4e-05	4e-05	2e-05	2e-05	6e-05	4e-05	4e-05	0.0001	2e-05	4e-05	0.0001	2e-05	6e-05	8e-05	4e-05	6e-05	0.00012	4e-05	0.0001	6e-05	4e-05	0.0001	8e-05	0.00014	0.00018	0.00026	0.00016	0.00018	0.00024	0.00024	0.00024	0.00038	0.0003	0.00032	0.00054	0.00078	0.00082	0.00126	0.00176	0.00486	0.06502	0.11924	0.10788	0.09306	0.00998	0.0	0.0	0.0	0.0	0.0	0.0	0.0	0.0	0.0	0.0	0.0	0.0	0.0	0.0	0.0	0.0	0.0	0.0	0.0	0.0	0.0	0.0	0.0	0.0	0.0	0.0	0.0	0.0	
0.307844  2250.0  2500.0  0.0	0.0	0.0	0.0	2e-05	0.0	0.0	0.0	0.0	0.0	2e-05	2e-05	0.0	2e-05	2e-05	0.0	2e-05	0.0	0.0	0.0	2e-05	2e-05	2e-05	0.0	2e-05	2e-05	0.0	0.0	0.0	4e-05	8e-05	4e-05	4e-05	2e-05	0.0	2e-05	6e-05	6e-05	2e-05	6e-05	6e-05	4e-05	4e-05	8e-05	0.00012	4e-05	4e-05	2e-05	8e-05	6e-05	0.00012	0.00012	0.00014	0.00012	0.0001	0.00016	0.00024	0.00028	0.00038	0.00022	0.00028	0.00034	0.00042	0.00058	0.00046	0.00102	0.00106	0.00146	0.0025	0.00964	0.12554	0.12326	0.10852	0.03034	0.0	0.0	0.0	0.0	0.0	0.0	0.0	0.0	0.0	0.0	0.0	0.0	0.0	0.0	0.0	0.0	0.0	0.0	0.0	0.0	0.0	0.0	0.0	0.0	0.0	
0.192784  2500.0  2750.0  0.0	2e-05	2e-05	0.0	0.0	2e-05	0.0	0.0	0.0	0.0	4e-05	0.0	0.0	0.0	2e-05	0.0	2e-05	0.0	0.0	4e-05	4e-05	4e-05	4e-05	2e-05	0.0	0.0	4e-05	0.0	2e-05	2e-05	4e-05	4e-05	6e-05	4e-05	2e-05	0.0	4e-05	0.0	0.0	6e-05	0.0	4e-05	6e-05	4e-05	4e-05	0.00012	6e-05	8e-05	0.00014	4e-05	2e-05	6e-05	0.00012	0.00012	0.00014	0.00014	0.00014	0.00022	0.00018	6e-05	0.00022	0.00028	0.00024	0.0004	0.00032	0.00042	0.00042	0.00054	0.0009	0.00076	0.00142	0.00242	0.00832	0.11122	0.14062	0.11772	0.02344	0.0	0.0	0.0	0.0	0.0	0.0	0.0	0.0	0.0	0.0	0.0	0.0	0.0	0.0	0.0	0.0	0.0	0.0	0.0	0.0	0.0	0.0	
0.121408  2750.0  3000.0  0.0	0.0	0.0	0.0	0.0	0.0	0.0	0.0	0.0	0.0	0.0	0.0	2e-05	0.0	0.0	0.0	0.0	0.0	0.0	0.0	6e-05	4e-05	0.0	0.0	0.0	0.0	4e-05	0.0	4e-05	0.0	0.0	0.0	4e-05	6e-05	4e-05	2e-05	4e-05	4e-05	4e-05	0.0	2e-05	4e-05	2e-05	2e-05	8e-05	0.0001	0.0	4e-05	4e-05	6e-05	2e-05	8e-05	0.0001	0.0001	8e-05	0.00014	0.00014	0.0001	4e-05	0.00018	0.0001	0.0001	0.00012	0.0001	0.00026	0.0003	0.0004	0.0004	0.00036	0.00046	0.00066	0.00102	0.00128	0.00122	0.0027	0.01102	0.13784	0.15166	0.1083	0.00012	0.0	0.0	0.0	0.0	0.0	0.0	0.0	0.0	0.0	0.0	0.0	0.0	0.0	0.0	0.0	0.0	0.0	0.0	0.0	
0.125844  3000.0  3500.0  0.0	2e-05	0.0	2e-05	0.0	0.0	0.0	0.0	0.0	0.0	0.0	0.0	0.0	0.0	0.0	4e-05	0.0	2e-05	0.0	0.0	2e-05	0.0	4e-05	2e-05	4e-05	0.0	0.0	2e-05	0.0	0.0	2e-05	4e-05	6e-05	2e-05	0.0	4e-05	2e-05	6e-05	6e-05	8e-05	2e-05	6e-05	4e-05	4e-05	0.0	8e-05	4e-05	0.00012	4e-05	8e-05	6e-05	2e-05	2e-05	4e-05	0.00012	6e-05	0.00012	0.00014	0.0001	0.0001	6e-05	0.0001	0.00016	0.0001	0.0001	0.00016	0.00016	0.0002	0.00022	0.00034	0.00044	0.00038	0.0004	0.00068	0.00094	0.00134	0.00162	0.00302	0.02274	0.11024	0.0954	0.08346	0.06824	0.03056	0.0	0.0	0.0	0.0	0.0	0.0	0.0	0.0	0.0	0.0	0.0	0.0	0.0	0.0	0.0	
0.050756  3500.0  4000.0  0.0	0.0	2e-05	0.0	0.0	0.0	0.0	0.0	0.0	0.0	0.0	0.0	0.0	0.0	0.0	0.0	0.0	0.0	4e-05	0.0	2e-05	0.0	0.0	2e-05	0.0	2e-05	2e-05	0.0	0.0	0.0	0.0	2e-05	2e-05	0.0	0.0	0.0	4e-05	2e-05	0.0	4e-05	4e-05	4e-05	0.0	2e-05	6e-05	6e-05	2e-05	4e-05	2e-05	4e-05	4e-05	8e-05	8e-05	6e-05	2e-05	4e-05	4e-05	4e-05	8e-05	0.00012	0.00016	8e-05	8e-05	0.00022	6e-05	0.00012	4e-05	0.00028	0.00022	0.00022	0.0001	0.00014	0.00018	0.0003	0.00046	0.00056	0.00054	0.00052	0.00054	0.00094	0.00142	0.00166	0.00576	0.06582	0.122	0.09836	0.08172	0.04076	0.0	0.0	0.0	0.0	0.0	0.0	0.0	0.0	0.0	0.0	0.0	
0.033623  4000.0  15000.0  0.0	0.0	0.0	0.0	0.0	0.0	0.0	0.0	2e-05	2e-05	0.0	2e-05	0.0	0.0	0.0	0.0	0.0	2e-05	0.0	0.0	2e-05	0.0	0.0	0.0	2e-05	0.0	2e-05	0.0	0.0	2e-05	0.0	0.0	0.0	2e-05	2e-05	4e-05	2e-05	2e-05	4e-05	2e-05	2e-05	0.0	4e-05	4e-05	0.0	6e-05	2e-05	4e-05	8e-05	2e-05	8e-05	2e-05	2e-05	8e-05	2e-05	2e-05	0.0001	4e-05	0.00014	4e-05	0.0001	2e-05	4e-05	6e-05	0.0001	0.00012	8e-05	8e-05	0.00018	0.00014	8e-05	6e-05	0.00012	8e-05	0.00016	0.00024	0.00024	0.0004	0.00036	0.00026	0.0004	0.00046	0.00058	0.00076	0.00108	0.00104	0.00354	0.03972	0.0852	0.06784	0.05412	0.04338	0.03228	0.02572	0.01954	0.015	0.01092	0.008	0.0176	
