#===============
# ll~ : ee
# qq~ : bb~
# FF  : vector
# XY  : LL RR  
# coef : 0 0
# type : A*Reg
# Nevs : 50000
#===============
#
# XSEC	BIN_MIN	BIN_MAX 	 Kij 
#
3.9666  200.0  300.0  0.00036	0.00044	0.00066	0.00096	0.00702	0.10256	0.08656	0.06888	0.05726	0.04374	0.00104	0.0	0.0	0.0	0.0	0.0	0.0	0.0	0.0	0.0	0.0	0.0	0.0	0.0	0.0	0.0	0.0	0.0	0.0	0.0	0.0	0.0	0.0	0.0	0.0	0.0	0.0	0.0	0.0	0.0	0.0	0.0	0.0	0.0	0.0	0.0	0.0	0.0	0.0	0.0	0.0	0.0	0.0	0.0	0.0	0.0	0.0	0.0	0.0	0.0	0.0	0.0	0.0	0.0	0.0	0.0	0.0	0.0	0.0	0.0	0.0	0.0	0.0	0.0	0.0	0.0	0.0	0.0	0.0	0.0	0.0	0.0	0.0	0.0	0.0	0.0	0.0	0.0	0.0	0.0	0.0	0.0	0.0	0.0	0.0	0.0	0.0	0.0	0.0	
1.4209  300.0  400.0  6e-05	0.0001	0.00016	0.0002	0.00022	0.0004	0.00066	0.00096	0.0018	0.0102	0.10694	0.09234	0.07876	0.0666	0.04998	0.00162	0.0	0.0	0.0	0.0	0.0	0.0	0.0	0.0	0.0	0.0	0.0	0.0	0.0	0.0	0.0	0.0	0.0	0.0	0.0	0.0	0.0	0.0	0.0	0.0	0.0	0.0	0.0	0.0	0.0	0.0	0.0	0.0	0.0	0.0	0.0	0.0	0.0	0.0	0.0	0.0	0.0	0.0	0.0	0.0	0.0	0.0	0.0	0.0	0.0	0.0	0.0	0.0	0.0	0.0	0.0	0.0	0.0	0.0	0.0	0.0	0.0	0.0	0.0	0.0	0.0	0.0	0.0	0.0	0.0	0.0	0.0	0.0	0.0	0.0	0.0	0.0	0.0	0.0	0.0	0.0	0.0	0.0	0.0	
0.62102  400.0  500.0  0.0	4e-05	6e-05	6e-05	0.0001	0.00018	0.00018	0.00032	0.00032	0.0005	0.0006	0.00074	0.00124	0.00174	0.01226	0.10552	0.09442	0.07854	0.0698	0.05498	0.00222	0.0	0.0	0.0	0.0	0.0	0.0	0.0	0.0	0.0	0.0	0.0	0.0	0.0	0.0	0.0	0.0	0.0	0.0	0.0	0.0	0.0	0.0	0.0	0.0	0.0	0.0	0.0	0.0	0.0	0.0	0.0	0.0	0.0	0.0	0.0	0.0	0.0	0.0	0.0	0.0	0.0	0.0	0.0	0.0	0.0	0.0	0.0	0.0	0.0	0.0	0.0	0.0	0.0	0.0	0.0	0.0	0.0	0.0	0.0	0.0	0.0	0.0	0.0	0.0	0.0	0.0	0.0	0.0	0.0	0.0	0.0	0.0	0.0	0.0	0.0	0.0	0.0	0.0	
0.3066  500.0  600.0  0.0	2e-05	0.0	0.0	4e-05	0.0002	0.0001	0.00016	0.00022	0.00022	0.00032	0.00036	0.00018	0.00036	0.00062	0.00084	0.00098	0.00136	0.00228	0.01258	0.1048	0.09304	0.08308	0.07052	0.0557	0.00192	0.0	0.0	0.0	0.0	0.0	0.0	0.0	0.0	0.0	0.0	0.0	0.0	0.0	0.0	0.0	0.0	0.0	0.0	0.0	0.0	0.0	0.0	0.0	0.0	0.0	0.0	0.0	0.0	0.0	0.0	0.0	0.0	0.0	0.0	0.0	0.0	0.0	0.0	0.0	0.0	0.0	0.0	0.0	0.0	0.0	0.0	0.0	0.0	0.0	0.0	0.0	0.0	0.0	0.0	0.0	0.0	0.0	0.0	0.0	0.0	0.0	0.0	0.0	0.0	0.0	0.0	0.0	0.0	0.0	0.0	0.0	0.0	0.0	
0.16449  600.0  700.0  2e-05	4e-05	6e-05	0.0	6e-05	6e-05	6e-05	8e-05	0.00014	0.00012	0.00012	0.00026	0.0002	0.00036	0.00042	0.00036	0.00046	0.00052	0.00044	0.00054	0.00088	0.00114	0.00132	0.00276	0.0146	0.14956	0.12616	0.1048	0.02816	0.0	0.0	0.0	0.0	0.0	0.0	0.0	0.0	0.0	0.0	0.0	0.0	0.0	0.0	0.0	0.0	0.0	0.0	0.0	0.0	0.0	0.0	0.0	0.0	0.0	0.0	0.0	0.0	0.0	0.0	0.0	0.0	0.0	0.0	0.0	0.0	0.0	0.0	0.0	0.0	0.0	0.0	0.0	0.0	0.0	0.0	0.0	0.0	0.0	0.0	0.0	0.0	0.0	0.0	0.0	0.0	0.0	0.0	0.0	0.0	0.0	0.0	0.0	0.0	0.0	0.0	0.0	0.0	0.0	0.0	
0.09381  700.0  800.0  2e-05	2e-05	0.0	0.0	4e-05	6e-05	4e-05	6e-05	0.0001	0.00014	0.00012	8e-05	8e-05	0.0002	0.00016	0.00024	0.00028	0.00032	0.00026	0.00036	0.0005	0.00034	0.00044	0.00058	0.00058	0.00116	0.00198	0.0061	0.10982	0.13502	0.11464	0.06176	0.0	0.0	0.0	0.0	0.0	0.0	0.0	0.0	0.0	0.0	0.0	0.0	0.0	0.0	0.0	0.0	0.0	0.0	0.0	0.0	0.0	0.0	0.0	0.0	0.0	0.0	0.0	0.0	0.0	0.0	0.0	0.0	0.0	0.0	0.0	0.0	0.0	0.0	0.0	0.0	0.0	0.0	0.0	0.0	0.0	0.0	0.0	0.0	0.0	0.0	0.0	0.0	0.0	0.0	0.0	0.0	0.0	0.0	0.0	0.0	0.0	0.0	0.0	0.0	0.0	0.0	0.0	
0.05603  800.0  900.0  2e-05	0.0	2e-05	2e-05	4e-05	4e-05	0.0001	6e-05	4e-05	8e-05	0.0001	0.00014	0.00014	0.0001	0.0001	8e-05	0.00018	0.00032	0.00036	6e-05	0.00026	0.00024	0.0002	0.00036	0.00042	0.00056	0.00084	0.00088	0.00118	0.00192	0.00432	0.06048	0.14078	0.12034	0.09278	0.00324	0.0	0.0	0.0	0.0	0.0	0.0	0.0	0.0	0.0	0.0	0.0	0.0	0.0	0.0	0.0	0.0	0.0	0.0	0.0	0.0	0.0	0.0	0.0	0.0	0.0	0.0	0.0	0.0	0.0	0.0	0.0	0.0	0.0	0.0	0.0	0.0	0.0	0.0	0.0	0.0	0.0	0.0	0.0	0.0	0.0	0.0	0.0	0.0	0.0	0.0	0.0	0.0	0.0	0.0	0.0	0.0	0.0	0.0	0.0	0.0	0.0	0.0	0.0	
0.03471  900.0  1000.0  0.0	0.0	2e-05	0.0	2e-05	4e-05	8e-05	2e-05	4e-05	2e-05	2e-05	8e-05	0.0001	0.0001	0.0001	0.0001	4e-05	4e-05	0.00016	0.0001	0.00018	0.0001	0.00014	0.00012	0.00026	0.00028	0.00042	0.00058	0.0005	0.00082	0.00106	0.0009	0.00154	0.0038	0.01902	0.2237	0.16766	0.00372	0.0	0.0	0.0	0.0	0.0	0.0	0.0	0.0	0.0	0.0	0.0	0.0	0.0	0.0	0.0	0.0	0.0	0.0	0.0	0.0	0.0	0.0	0.0	0.0	0.0	0.0	0.0	0.0	0.0	0.0	0.0	0.0	0.0	0.0	0.0	0.0	0.0	0.0	0.0	0.0	0.0	0.0	0.0	0.0	0.0	0.0	0.0	0.0	0.0	0.0	0.0	0.0	0.0	0.0	0.0	0.0	0.0	0.0	0.0	0.0	0.0	
0.03671  1000.0  1200.0  0.0	0.0	0.0	0.0	0.0	2e-05	6e-05	6e-05	6e-05	8e-05	2e-05	2e-05	6e-05	0.0001	6e-05	4e-05	0.0001	0.00012	0.00012	0.00016	0.00012	8e-05	0.00018	0.00012	2e-05	0.00014	0.00032	0.00018	0.00044	0.00038	0.00034	0.00058	0.00076	0.00056	0.00112	0.00192	0.01384	0.13428	0.11058	0.08886	0.06498	0.0016	0.0	0.0	0.0	0.0	0.0	0.0	0.0	0.0	0.0	0.0	0.0	0.0	0.0	0.0	0.0	0.0	0.0	0.0	0.0	0.0	0.0	0.0	0.0	0.0	0.0	0.0	0.0	0.0	0.0	0.0	0.0	0.0	0.0	0.0	0.0	0.0	0.0	0.0	0.0	0.0	0.0	0.0	0.0	0.0	0.0	0.0	0.0	0.0	0.0	0.0	0.0	0.0	0.0	0.0	0.0	0.0	0.0	
0.01634  1200.0  1400.0  0.0	2e-05	0.0	2e-05	0.0	2e-05	0.0	6e-05	4e-05	2e-05	2e-05	4e-05	2e-05	6e-05	4e-05	2e-05	8e-05	8e-05	0.0	6e-05	8e-05	0.0001	6e-05	8e-05	0.00012	0.00016	0.0002	0.0001	0.0001	0.00022	0.0001	0.0002	0.00026	0.00038	6e-05	0.00064	0.00056	0.00114	0.00182	0.0028	0.01374	0.13026	0.12496	0.0996	0.03782	0.0	0.0	0.0	0.0	0.0	0.0	0.0	0.0	0.0	0.0	0.0	0.0	0.0	0.0	0.0	0.0	0.0	0.0	0.0	0.0	0.0	0.0	0.0	0.0	0.0	0.0	0.0	0.0	0.0	0.0	0.0	0.0	0.0	0.0	0.0	0.0	0.0	0.0	0.0	0.0	0.0	0.0	0.0	0.0	0.0	0.0	0.0	0.0	0.0	0.0	0.0	0.0	0.0	0.0	
0.00779  1400.0  1600.0  2e-05	2e-05	0.0	0.0	0.0	2e-05	4e-05	2e-05	4e-05	6e-05	2e-05	0.0	6e-05	4e-05	4e-05	2e-05	6e-05	2e-05	0.0001	4e-05	0.0001	4e-05	8e-05	0.00012	6e-05	0.0001	8e-05	0.00012	0.00016	0.00012	0.0001	0.0001	0.0002	0.00016	0.00018	0.00036	0.00034	0.00048	0.00038	0.0005	0.0008	0.00124	0.00242	0.00496	0.08558	0.135	0.10908	0.06858	4e-05	0.0	0.0	0.0	0.0	0.0	0.0	0.0	0.0	0.0	0.0	0.0	0.0	0.0	0.0	0.0	0.0	0.0	0.0	0.0	0.0	0.0	0.0	0.0	0.0	0.0	0.0	0.0	0.0	0.0	0.0	0.0	0.0	0.0	0.0	0.0	0.0	0.0	0.0	0.0	0.0	0.0	0.0	0.0	0.0	0.0	0.0	0.0	0.0	0.0	0.0	
0.00391  1600.0  1800.0  0.0	0.0	0.0	0.0	0.0	0.0	0.0	6e-05	0.0	4e-05	6e-05	0.0	0.0	0.0	0.0	2e-05	4e-05	2e-05	2e-05	0.0	4e-05	4e-05	4e-05	4e-05	0.0	4e-05	0.0001	8e-05	8e-05	0.0002	8e-05	2e-05	0.00016	0.00014	0.00018	0.0001	0.00028	0.0002	0.00046	0.0004	0.00036	0.00052	0.0005	0.00104	0.00116	0.00192	0.00318	0.04024	0.16226	0.12924	0.06836	0.0	0.0	0.0	0.0	0.0	0.0	0.0	0.0	0.0	0.0	0.0	0.0	0.0	0.0	0.0	0.0	0.0	0.0	0.0	0.0	0.0	0.0	0.0	0.0	0.0	0.0	0.0	0.0	0.0	0.0	0.0	0.0	0.0	0.0	0.0	0.0	0.0	0.0	0.0	0.0	0.0	0.0	0.0	0.0	0.0	0.0	0.0	0.0	
0.00204  1800.0  2000.0  0.0	0.0	0.0	2e-05	0.0	0.0	0.0	0.0	2e-05	0.0	0.0	4e-05	2e-05	2e-05	4e-05	4e-05	2e-05	2e-05	6e-05	4e-05	0.0001	6e-05	8e-05	8e-05	4e-05	8e-05	6e-05	8e-05	0.0001	4e-05	8e-05	6e-05	0.00012	4e-05	0.00012	0.00014	0.00012	0.00018	0.00016	0.00014	0.00018	0.00022	0.0005	0.00042	0.00046	0.00072	0.00102	0.0008	0.00172	0.00446	0.06292	0.15398	0.137	0.04152	0.0	0.0	0.0	0.0	0.0	0.0	0.0	0.0	0.0	0.0	0.0	0.0	0.0	0.0	0.0	0.0	0.0	0.0	0.0	0.0	0.0	0.0	0.0	0.0	0.0	0.0	0.0	0.0	0.0	0.0	0.0	0.0	0.0	0.0	0.0	0.0	0.0	0.0	0.0	0.0	0.0	0.0	0.0	0.0	0.0	
0.00129  2000.0  2250.0  0.0	0.0	0.0	2e-05	2e-05	0.0	2e-05	0.0	0.0	0.0	0.0	0.0	0.0	2e-05	4e-05	0.0	2e-05	2e-05	0.0	2e-05	0.0	6e-05	0.0	4e-05	2e-05	0.0001	6e-05	0.00014	8e-05	4e-05	2e-05	4e-05	8e-05	0.00012	8e-05	8e-05	8e-05	0.00026	0.0002	0.00022	0.00026	0.00038	0.00024	0.00032	0.00034	0.00042	0.0005	0.00052	0.00062	0.0009	0.0011	0.00176	0.0072	0.1121	0.13684	0.10588	0.0406	0.0	0.0	0.0	0.0	0.0	0.0	0.0	0.0	0.0	0.0	0.0	0.0	0.0	0.0	0.0	0.0	0.0	0.0	0.0	0.0	0.0	0.0	0.0	0.0	0.0	0.0	0.0	0.0	0.0	0.0	0.0	0.0	0.0	0.0	0.0	0.0	0.0	0.0	0.0	0.0	0.0	0.0	
0.00062  2250.0  2500.0  0.0	0.0	0.0	0.0	0.0	0.0	0.0	0.0	0.0	0.0	2e-05	0.0	2e-05	0.0	2e-05	6e-05	0.0	2e-05	0.0	0.0	2e-05	0.0	2e-05	2e-05	6e-05	6e-05	6e-05	0.00012	4e-05	8e-05	4e-05	4e-05	6e-05	0.0001	8e-05	0.0001	0.00016	0.00012	0.00016	0.00016	0.00014	0.00012	0.00016	0.00024	6e-05	0.00012	0.00018	0.00044	0.0004	0.00056	0.00064	0.00092	0.00104	0.00132	0.00228	0.0064	0.09492	0.14036	0.11138	0.05378	0.0	0.0	0.0	0.0	0.0	0.0	0.0	0.0	0.0	0.0	0.0	0.0	0.0	0.0	0.0	0.0	0.0	0.0	0.0	0.0	0.0	0.0	0.0	0.0	0.0	0.0	0.0	0.0	0.0	0.0	0.0	0.0	0.0	0.0	0.0	0.0	0.0	0.0	0.0	
0.00031  2500.0  2750.0  0.0	0.0	0.0	0.0	0.0	0.0	0.0	4e-05	0.0	0.0	2e-05	2e-05	2e-05	2e-05	2e-05	4e-05	0.0	4e-05	0.0	0.0	0.0	2e-05	0.0	2e-05	0.0	0.0	2e-05	0.0	0.0001	2e-05	0.0	6e-05	8e-05	0.0	2e-05	2e-05	0.0001	8e-05	0.00012	0.0001	0.00014	8e-05	0.00016	0.00012	0.0002	0.00022	0.00018	0.00012	0.00012	0.00034	0.00032	0.00038	0.0006	0.00094	0.00084	0.00104	0.00166	0.00206	0.00566	0.0748	0.1459	0.11748	0.06544	0.0	0.0	0.0	0.0	0.0	0.0	0.0	0.0	0.0	0.0	0.0	0.0	0.0	0.0	0.0	0.0	0.0	0.0	0.0	0.0	0.0	0.0	0.0	0.0	0.0	0.0	0.0	0.0	0.0	0.0	0.0	0.0	0.0	0.0	0.0	0.0	
0.00016  2750.0  3000.0  0.0	0.0	0.0	0.0	0.0	2e-05	0.0	0.0	2e-05	2e-05	0.0	4e-05	0.0	2e-05	0.0	6e-05	0.0	0.0	0.0	0.0	2e-05	0.0001	2e-05	2e-05	6e-05	0.0	4e-05	2e-05	4e-05	6e-05	2e-05	0.0	0.0001	6e-05	0.0	8e-05	0.0	8e-05	8e-05	2e-05	0.00012	2e-05	0.0001	0.0001	8e-05	6e-05	8e-05	0.0001	0.00016	0.00012	0.0003	0.00032	0.00044	0.00032	0.00042	0.0004	0.00056	0.0008	0.00108	0.00132	0.00178	0.00514	0.0551	0.14894	0.1197	0.0773	0.0002	0.0	0.0	0.0	0.0	0.0	0.0	0.0	0.0	0.0	0.0	0.0	0.0	0.0	0.0	0.0	0.0	0.0	0.0	0.0	0.0	0.0	0.0	0.0	0.0	0.0	0.0	0.0	0.0	0.0	0.0	0.0	0.0	
0.00012  3000.0  3500.0  0.0	0.0	4e-05	0.0	0.0	0.0	0.0	2e-05	2e-05	0.0	0.0	0.0	0.0	0.0	0.0	2e-05	2e-05	0.0	0.0	2e-05	2e-05	0.0	2e-05	2e-05	2e-05	4e-05	2e-05	4e-05	2e-05	0.00014	8e-05	0.00012	4e-05	2e-05	4e-05	8e-05	4e-05	6e-05	6e-05	4e-05	6e-05	4e-05	6e-05	0.00012	8e-05	6e-05	0.0001	0.0002	0.00018	0.00024	0.00016	0.00022	0.00026	0.0002	0.00028	0.0003	0.00028	0.0006	0.00048	0.00054	0.00054	0.00056	0.0013	0.0015	0.0043	0.025	0.10106	0.07878	0.06664	0.05418	0.043	0.03302	0.00354	0.0	0.0	0.0	0.0	0.0	0.0	0.0	0.0	0.0	0.0	0.0	0.0	0.0	0.0	0.0	0.0	0.0	0.0	0.0	0.0	0.0	0.0	0.0	0.0	0.0	0.0	
3e-05  3500.0  4000.0  0.0	0.0	0.0	0.0	0.0	0.0	4e-05	0.0	0.0	2e-05	0.0	0.0	2e-05	0.0	0.0	0.0	0.0	2e-05	0.0	0.0	6e-05	2e-05	0.0	2e-05	2e-05	2e-05	2e-05	4e-05	2e-05	4e-05	2e-05	6e-05	4e-05	0.0	2e-05	6e-05	0.0	8e-05	0.0001	2e-05	4e-05	8e-05	4e-05	4e-05	0.0001	8e-05	0.00016	4e-05	0.00018	2e-05	0.00012	0.0001	0.0001	0.00014	0.00014	0.00024	0.00028	0.00022	0.00028	0.00032	0.00034	0.0003	0.00048	0.00042	0.00064	0.00042	0.0007	0.00098	0.00098	0.00164	0.00376	0.01004	0.09414	0.08624	0.07124	0.05674	0.0476	0.03834	0.0113	0.0	0.0	0.0	0.0	0.0	0.0	0.0	0.0	0.0	0.0	0.0	0.0	0.0	0.0	0.0	0.0	0.0	0.0	0.0	0.0	
1e-05  4000.0  15000.0  0.0	2e-05	0.0	0.0	0.0	0.0	0.0	0.0	0.0	0.0	2e-05	2e-05	0.0	0.0	2e-05	0.0	0.0	4e-05	0.0	2e-05	0.0	0.0	0.0	0.0	0.0	2e-05	4e-05	0.0	2e-05	2e-05	2e-05	2e-05	4e-05	2e-05	2e-05	2e-05	0.0	0.0001	0.0	2e-05	0.0001	4e-05	4e-05	6e-05	8e-05	6e-05	4e-05	6e-05	0.00012	6e-05	4e-05	8e-05	0.0	0.00016	0.00018	0.00014	8e-05	0.0001	0.00012	0.00018	0.00014	0.0001	0.00024	0.0002	0.00018	0.0002	0.0004	0.00026	0.00038	0.0003	0.00054	0.00042	0.00062	0.00072	0.00114	0.0014	0.00278	0.00528	0.06832	0.07464	0.0582	0.04564	0.03438	0.02772	0.02202	0.01718	0.01408	0.0106	0.00834	0.0066	0.0048	0.00372	0.00284	0.00264	0.00162	0.0015	0.00094	0.0009	0.00052	
