#===============
# ll~ : ee
# qq~ : ss~
# FF  : vector
# XY  : LL RR  
# coef : 0 0
# type : A*Z
# Nevs : 50000
#===============
#
# XSEC	BIN_MIN	BIN_MAX 	 Kij 
#
7.1642  200.0  300.0  0.00032	0.0006	0.0008	0.00096	0.00984	0.13206	0.08882	0.05886	0.04032	0.02552	0.00042	0.0	0.0	0.0	0.0	0.0	0.0	0.0	0.0	0.0	0.0	0.0	0.0	0.0	0.0	0.0	0.0	0.0	0.0	0.0	0.0	0.0	0.0	0.0	0.0	0.0	0.0	0.0	0.0	0.0	0.0	0.0	0.0	0.0	0.0	0.0	0.0	0.0	0.0	0.0	0.0	0.0	0.0	0.0	0.0	0.0	0.0	0.0	0.0	0.0	0.0	0.0	0.0	0.0	0.0	0.0	0.0	0.0	0.0	0.0	0.0	0.0	0.0	0.0	0.0	0.0	0.0	0.0	0.0	0.0	0.0	0.0	0.0	0.0	0.0	0.0	0.0	0.0	0.0	0.0	0.0	0.0	0.0	0.0	0.0	0.0	0.0	0.0	0.0	
1.18268  300.0  400.0  0.0001	0.00014	0.00016	0.0001	0.00024	0.00066	0.0008	0.00084	0.00158	0.01308	0.1279	0.09558	0.0713	0.05392	0.03794	0.00092	0.0	0.0	0.0	0.0	0.0	0.0	0.0	0.0	0.0	0.0	0.0	0.0	0.0	0.0	0.0	0.0	0.0	0.0	0.0	0.0	0.0	0.0	0.0	0.0	0.0	0.0	0.0	0.0	0.0	0.0	0.0	0.0	0.0	0.0	0.0	0.0	0.0	0.0	0.0	0.0	0.0	0.0	0.0	0.0	0.0	0.0	0.0	0.0	0.0	0.0	0.0	0.0	0.0	0.0	0.0	0.0	0.0	0.0	0.0	0.0	0.0	0.0	0.0	0.0	0.0	0.0	0.0	0.0	0.0	0.0	0.0	0.0	0.0	0.0	0.0	0.0	0.0	0.0	0.0	0.0	0.0	0.0	0.0	
0.30378  400.0  500.0  2e-05	4e-05	6e-05	6e-05	6e-05	0.0002	0.00024	0.00044	0.0004	0.0005	0.00056	0.00094	0.00086	0.00206	0.01484	0.1175	0.09636	0.07786	0.0607	0.04396	0.00142	0.0	0.0	0.0	0.0	0.0	0.0	0.0	0.0	0.0	0.0	0.0	0.0	0.0	0.0	0.0	0.0	0.0	0.0	0.0	0.0	0.0	0.0	0.0	0.0	0.0	0.0	0.0	0.0	0.0	0.0	0.0	0.0	0.0	0.0	0.0	0.0	0.0	0.0	0.0	0.0	0.0	0.0	0.0	0.0	0.0	0.0	0.0	0.0	0.0	0.0	0.0	0.0	0.0	0.0	0.0	0.0	0.0	0.0	0.0	0.0	0.0	0.0	0.0	0.0	0.0	0.0	0.0	0.0	0.0	0.0	0.0	0.0	0.0	0.0	0.0	0.0	0.0	0.0	
0.10287  500.0  600.0  0.0	6e-05	0.0001	6e-05	0.0001	0.0001	0.00018	0.00012	0.00032	0.00036	0.0003	0.00038	0.00038	0.0005	0.00038	0.00064	0.00088	0.00134	0.00266	0.0149	0.11564	0.09736	0.07796	0.06226	0.04792	0.0018	0.0	0.0	0.0	0.0	0.0	0.0	0.0	0.0	0.0	0.0	0.0	0.0	0.0	0.0	0.0	0.0	0.0	0.0	0.0	0.0	0.0	0.0	0.0	0.0	0.0	0.0	0.0	0.0	0.0	0.0	0.0	0.0	0.0	0.0	0.0	0.0	0.0	0.0	0.0	0.0	0.0	0.0	0.0	0.0	0.0	0.0	0.0	0.0	0.0	0.0	0.0	0.0	0.0	0.0	0.0	0.0	0.0	0.0	0.0	0.0	0.0	0.0	0.0	0.0	0.0	0.0	0.0	0.0	0.0	0.0	0.0	0.0	0.0	
0.04076  600.0  700.0  2e-05	0.0	2e-05	2e-05	0.0001	0.0001	0.00016	0.0001	0.00018	0.00018	0.00018	0.0001	0.00018	0.00032	0.00026	0.00042	0.00036	0.00036	0.00054	0.00078	0.00092	0.00102	0.00108	0.003	0.01618	0.15722	0.12498	0.09318	0.02386	0.0	0.0	0.0	0.0	0.0	0.0	0.0	0.0	0.0	0.0	0.0	0.0	0.0	0.0	0.0	0.0	0.0	0.0	0.0	0.0	0.0	0.0	0.0	0.0	0.0	0.0	0.0	0.0	0.0	0.0	0.0	0.0	0.0	0.0	0.0	0.0	0.0	0.0	0.0	0.0	0.0	0.0	0.0	0.0	0.0	0.0	0.0	0.0	0.0	0.0	0.0	0.0	0.0	0.0	0.0	0.0	0.0	0.0	0.0	0.0	0.0	0.0	0.0	0.0	0.0	0.0	0.0	0.0	0.0	0.0	
0.01787  700.0  800.0  0.0	4e-05	2e-05	0.0	2e-05	2e-05	4e-05	0.00012	0.00012	4e-05	0.0001	0.00016	8e-05	0.00028	0.0001	0.00018	0.00024	0.0005	0.00034	0.00042	0.00052	0.00052	0.00054	0.00054	0.00066	0.00152	0.00214	0.0074	0.11586	0.13592	0.10422	0.05396	0.0	0.0	0.0	0.0	0.0	0.0	0.0	0.0	0.0	0.0	0.0	0.0	0.0	0.0	0.0	0.0	0.0	0.0	0.0	0.0	0.0	0.0	0.0	0.0	0.0	0.0	0.0	0.0	0.0	0.0	0.0	0.0	0.0	0.0	0.0	0.0	0.0	0.0	0.0	0.0	0.0	0.0	0.0	0.0	0.0	0.0	0.0	0.0	0.0	0.0	0.0	0.0	0.0	0.0	0.0	0.0	0.0	0.0	0.0	0.0	0.0	0.0	0.0	0.0	0.0	0.0	0.0	
0.00854  800.0  900.0  0.0	4e-05	0.0	2e-05	4e-05	4e-05	0.00014	8e-05	2e-05	0.0001	6e-05	4e-05	8e-05	0.00012	0.00018	0.00016	0.00018	0.00018	0.00014	0.0002	0.00012	0.00026	0.00016	0.00036	0.00032	0.00074	0.00056	0.00094	0.00156	0.00156	0.00454	0.06784	0.1467	0.11386	0.0878	0.00272	0.0	0.0	0.0	0.0	0.0	0.0	0.0	0.0	0.0	0.0	0.0	0.0	0.0	0.0	0.0	0.0	0.0	0.0	0.0	0.0	0.0	0.0	0.0	0.0	0.0	0.0	0.0	0.0	0.0	0.0	0.0	0.0	0.0	0.0	0.0	0.0	0.0	0.0	0.0	0.0	0.0	0.0	0.0	0.0	0.0	0.0	0.0	0.0	0.0	0.0	0.0	0.0	0.0	0.0	0.0	0.0	0.0	0.0	0.0	0.0	0.0	0.0	0.0	
0.00437  900.0  1000.0  0.0	0.0	0.0	0.0	2e-05	0.0	0.0	0.0	0.00012	6e-05	6e-05	4e-05	2e-05	0.0001	4e-05	0.00018	0.0001	0.00016	0.00012	6e-05	0.00022	0.00022	0.00024	0.00022	0.0002	0.00038	0.00032	0.00054	0.00052	0.00102	0.00116	0.00112	0.00174	0.0032	0.02024	0.2259	0.1611	0.00262	0.0	0.0	0.0	0.0	0.0	0.0	0.0	0.0	0.0	0.0	0.0	0.0	0.0	0.0	0.0	0.0	0.0	0.0	0.0	0.0	0.0	0.0	0.0	0.0	0.0	0.0	0.0	0.0	0.0	0.0	0.0	0.0	0.0	0.0	0.0	0.0	0.0	0.0	0.0	0.0	0.0	0.0	0.0	0.0	0.0	0.0	0.0	0.0	0.0	0.0	0.0	0.0	0.0	0.0	0.0	0.0	0.0	0.0	0.0	0.0	0.0	
0.00365  1000.0  1200.0  0.0	2e-05	0.0	0.0	2e-05	4e-05	0.0	2e-05	8e-05	8e-05	4e-05	0.00016	4e-05	8e-05	8e-05	0.00012	6e-05	2e-05	2e-05	6e-05	0.00012	0.00014	8e-05	0.0002	0.00012	0.00022	0.00034	0.00032	0.00032	0.00034	0.00042	0.00052	0.00058	0.0007	0.00102	0.00264	0.01602	0.14612	0.1097	0.08158	0.05638	0.00126	0.0	0.0	0.0	0.0	0.0	0.0	0.0	0.0	0.0	0.0	0.0	0.0	0.0	0.0	0.0	0.0	0.0	0.0	0.0	0.0	0.0	0.0	0.0	0.0	0.0	0.0	0.0	0.0	0.0	0.0	0.0	0.0	0.0	0.0	0.0	0.0	0.0	0.0	0.0	0.0	0.0	0.0	0.0	0.0	0.0	0.0	0.0	0.0	0.0	0.0	0.0	0.0	0.0	0.0	0.0	0.0	0.0	
0.00123  1200.0  1400.0  0.0	0.0	0.0	0.0	0.0	2e-05	0.0	2e-05	6e-05	2e-05	6e-05	2e-05	8e-05	8e-05	4e-05	2e-05	0.0001	4e-05	2e-05	6e-05	4e-05	4e-05	8e-05	4e-05	8e-05	0.00016	0.00014	0.0003	0.00018	0.00018	0.00016	0.00012	0.00034	0.00034	0.00042	0.00076	0.00076	0.00096	0.0015	0.00242	0.0167	0.1356	0.12746	0.08994	0.03476	0.0	0.0	0.0	0.0	0.0	0.0	0.0	0.0	0.0	0.0	0.0	0.0	0.0	0.0	0.0	0.0	0.0	0.0	0.0	0.0	0.0	0.0	0.0	0.0	0.0	0.0	0.0	0.0	0.0	0.0	0.0	0.0	0.0	0.0	0.0	0.0	0.0	0.0	0.0	0.0	0.0	0.0	0.0	0.0	0.0	0.0	0.0	0.0	0.0	0.0	0.0	0.0	0.0	0.0	
0.00046  1400.0  1600.0  0.0	0.0	2e-05	0.0	0.0	0.0	2e-05	2e-05	0.0	0.0	6e-05	4e-05	4e-05	4e-05	0.0	8e-05	0.0001	4e-05	0.0	4e-05	2e-05	0.00014	6e-05	2e-05	2e-05	0.0	6e-05	0.00014	8e-05	0.0002	0.00016	0.00018	0.0002	0.00022	0.00022	0.00042	0.00036	0.0006	0.00074	0.00066	0.00094	0.0012	0.002	0.00524	0.09522	0.1361	0.10456	0.05894	2e-05	0.0	0.0	0.0	0.0	0.0	0.0	0.0	0.0	0.0	0.0	0.0	0.0	0.0	0.0	0.0	0.0	0.0	0.0	0.0	0.0	0.0	0.0	0.0	0.0	0.0	0.0	0.0	0.0	0.0	0.0	0.0	0.0	0.0	0.0	0.0	0.0	0.0	0.0	0.0	0.0	0.0	0.0	0.0	0.0	0.0	0.0	0.0	0.0	0.0	0.0	
0.00019  1600.0  1800.0  0.0	0.0	0.0	0.0	0.0	0.0	0.0	2e-05	0.0	0.0	8e-05	2e-05	4e-05	2e-05	6e-05	2e-05	4e-05	0.0	2e-05	0.0	6e-05	0.0	8e-05	6e-05	4e-05	2e-05	0.00018	0.00016	0.00014	0.0001	0.00022	0.00022	0.00014	0.00014	0.00022	0.00028	0.0004	0.00018	0.0004	0.00046	0.00032	0.00048	0.00064	0.00072	0.00098	0.00198	0.00404	0.04192	0.1681	0.12106	0.06142	0.0	0.0	0.0	0.0	0.0	0.0	0.0	0.0	0.0	0.0	0.0	0.0	0.0	0.0	0.0	0.0	0.0	0.0	0.0	0.0	0.0	0.0	0.0	0.0	0.0	0.0	0.0	0.0	0.0	0.0	0.0	0.0	0.0	0.0	0.0	0.0	0.0	0.0	0.0	0.0	0.0	0.0	0.0	0.0	0.0	0.0	0.0	0.0	
9e-05  1800.0  2000.0  0.0	0.0	0.0	0.0	0.0	0.0	0.0	0.0	2e-05	2e-05	0.0	2e-05	4e-05	0.0	4e-05	0.0	0.0	2e-05	2e-05	4e-05	6e-05	4e-05	4e-05	0.0	4e-05	6e-05	4e-05	2e-05	0.0001	8e-05	0.00012	6e-05	2e-05	8e-05	4e-05	0.00014	0.00016	0.00028	0.0002	0.00024	0.00032	0.00028	0.00048	0.00056	0.00058	0.00062	0.00078	0.0012	0.00172	0.00476	0.06708	0.15622	0.1326	0.0365	0.0	0.0	0.0	0.0	0.0	0.0	0.0	0.0	0.0	0.0	0.0	0.0	0.0	0.0	0.0	0.0	0.0	0.0	0.0	0.0	0.0	0.0	0.0	0.0	0.0	0.0	0.0	0.0	0.0	0.0	0.0	0.0	0.0	0.0	0.0	0.0	0.0	0.0	0.0	0.0	0.0	0.0	0.0	0.0	0.0	
5e-05  2000.0  2250.0  0.0	0.0	0.0	0.0	0.0	2e-05	0.0	0.0	0.0	0.0	0.0	0.0	4e-05	0.0	4e-05	2e-05	4e-05	0.0	2e-05	6e-05	4e-05	6e-05	6e-05	2e-05	4e-05	6e-05	2e-05	4e-05	8e-05	6e-05	0.0001	6e-05	4e-05	0.00012	0.00012	6e-05	0.00018	0.00024	0.0002	0.00016	0.00032	0.00018	0.00032	0.00034	0.00038	0.00052	0.00064	0.00056	0.00058	0.00114	0.00122	0.00206	0.00706	0.11692	0.13586	0.09924	0.03682	0.0	0.0	0.0	0.0	0.0	0.0	0.0	0.0	0.0	0.0	0.0	0.0	0.0	0.0	0.0	0.0	0.0	0.0	0.0	0.0	0.0	0.0	0.0	0.0	0.0	0.0	0.0	0.0	0.0	0.0	0.0	0.0	0.0	0.0	0.0	0.0	0.0	0.0	0.0	0.0	0.0	0.0	
2e-05  2250.0  2500.0  2e-05	0.0	0.0	2e-05	0.0	0.0	0.0	0.0	2e-05	0.0	2e-05	4e-05	0.0	0.0	0.0	4e-05	4e-05	4e-05	6e-05	0.0	2e-05	2e-05	2e-05	0.0	2e-05	2e-05	2e-05	2e-05	0.0001	4e-05	4e-05	8e-05	4e-05	6e-05	2e-05	8e-05	0.0001	0.00012	8e-05	0.0002	0.00022	0.00018	0.00016	0.00022	0.0002	0.00036	0.0003	0.00032	0.00038	0.00034	0.00074	0.00068	0.00108	0.00112	0.0023	0.00626	0.09802	0.1402	0.10326	0.04972	0.0	0.0	0.0	0.0	0.0	0.0	0.0	0.0	0.0	0.0	0.0	0.0	0.0	0.0	0.0	0.0	0.0	0.0	0.0	0.0	0.0	0.0	0.0	0.0	0.0	0.0	0.0	0.0	0.0	0.0	0.0	0.0	0.0	0.0	0.0	0.0	0.0	0.0	0.0	
1e-05  2500.0  2750.0  0.0	2e-05	0.0	0.0	0.0	2e-05	0.0	0.0	4e-05	2e-05	4e-05	0.0	2e-05	0.0	0.0	0.0	2e-05	0.0	0.0	4e-05	4e-05	0.0	0.0	2e-05	2e-05	4e-05	2e-05	4e-05	2e-05	2e-05	8e-05	0.0	6e-05	2e-05	8e-05	0.0001	8e-05	8e-05	0.00016	0.00014	0.00014	0.00016	0.00026	0.00014	0.0002	0.0002	0.0002	0.0004	0.00028	0.0004	0.00042	0.00032	0.0005	0.00062	0.00072	0.0008	0.00142	0.00184	0.00698	0.07912	0.14458	0.11008	0.0602	0.0	0.0	0.0	0.0	0.0	0.0	0.0	0.0	0.0	0.0	0.0	0.0	0.0	0.0	0.0	0.0	0.0	0.0	0.0	0.0	0.0	0.0	0.0	0.0	0.0	0.0	0.0	0.0	0.0	0.0	0.0	0.0	0.0	0.0	0.0	0.0	
0.0  2750.0  3000.0  2e-05	2e-05	2e-05	0.0	0.0	2e-05	0.0	4e-05	0.0	2e-05	2e-05	0.0	0.0	0.0	2e-05	2e-05	0.0	2e-05	2e-05	2e-05	0.0	0.0	0.0	0.0	2e-05	2e-05	4e-05	0.0	2e-05	4e-05	0.0	0.0	4e-05	0.0001	4e-05	8e-05	8e-05	8e-05	0.0002	0.0001	0.0001	8e-05	0.00014	0.00018	0.00022	4e-05	0.00022	0.00016	0.00014	0.00016	0.0003	0.0004	0.00034	0.00034	0.0004	0.00048	0.00082	0.00086	0.00074	0.0011	0.00198	0.00574	0.05876	0.14918	0.11438	0.07046	0.00012	0.0	0.0	0.0	0.0	0.0	0.0	0.0	0.0	0.0	0.0	0.0	0.0	0.0	0.0	0.0	0.0	0.0	0.0	0.0	0.0	0.0	0.0	0.0	0.0	0.0	0.0	0.0	0.0	0.0	0.0	0.0	0.0	
0.0  3000.0  3500.0  0.0	0.0	0.0	0.0	0.0	0.0	0.0	0.0	0.0	2e-05	2e-05	0.0	0.0	0.0	0.0	0.0	2e-05	4e-05	2e-05	6e-05	2e-05	0.0	0.0	0.0	2e-05	4e-05	4e-05	0.0	0.0	2e-05	4e-05	0.0	4e-05	2e-05	6e-05	6e-05	0.00012	6e-05	4e-05	8e-05	2e-05	0.00012	8e-05	0.00016	6e-05	4e-05	6e-05	8e-05	0.0002	0.00016	0.00024	0.00026	0.00022	0.00022	0.00018	0.00042	0.00028	0.00058	0.00048	0.00078	0.00056	0.00102	0.00084	0.00164	0.00408	0.02608	0.10262	0.08162	0.06496	0.05168	0.04114	0.03148	0.00286	0.0	0.0	0.0	0.0	0.0	0.0	0.0	0.0	0.0	0.0	0.0	0.0	0.0	0.0	0.0	0.0	0.0	0.0	0.0	0.0	0.0	0.0	0.0	0.0	0.0	0.0	
0.0  3500.0  4000.0  0.0	0.0	0.0	0.0	0.0	2e-05	0.0	2e-05	2e-05	0.0	0.0	2e-05	2e-05	0.0	0.0	0.0	2e-05	2e-05	2e-05	2e-05	4e-05	0.0	2e-05	0.0	4e-05	0.0	4e-05	2e-05	0.0	2e-05	2e-05	4e-05	2e-05	0.0	0.0	2e-05	2e-05	0.0	0.00014	2e-05	2e-05	0.0001	0.00012	0.00012	0.00014	8e-05	6e-05	4e-05	8e-05	0.00012	6e-05	0.00024	0.00018	0.00018	0.00016	4e-05	0.00012	0.0002	0.00024	0.00026	0.00036	0.00034	0.00034	0.00032	0.00044	0.00066	0.00054	0.00078	0.00094	0.00172	0.0038	0.00998	0.09582	0.08538	0.06798	0.0545	0.04386	0.03416	0.00964	0.0	0.0	0.0	0.0	0.0	0.0	0.0	0.0	0.0	0.0	0.0	0.0	0.0	0.0	0.0	0.0	0.0	0.0	0.0	0.0	
0.0  4000.0  15000.0  0.0	0.0	0.0	2e-05	0.0	0.0	0.0	0.0	0.0	0.0	0.0	0.0	2e-05	2e-05	0.0	0.0	2e-05	2e-05	0.0	0.0	0.0	0.0	0.0	0.0	0.0	4e-05	0.0	2e-05	2e-05	4e-05	0.0	2e-05	0.0	8e-05	2e-05	2e-05	2e-05	0.0	4e-05	2e-05	2e-05	6e-05	4e-05	8e-05	4e-05	4e-05	0.00012	4e-05	8e-05	8e-05	0.0001	2e-05	0.0001	0.00012	0.0001	0.00012	8e-05	0.0001	0.00026	0.00016	0.00014	0.00014	0.00024	0.00012	0.00032	0.00034	0.00032	0.0003	0.00046	0.00048	0.00052	0.00056	0.00076	0.0006	0.00064	0.00142	0.00232	0.00564	0.06536	0.07198	0.05514	0.04336	0.03546	0.02646	0.02108	0.01654	0.01314	0.01088	0.00832	0.00714	0.00574	0.00408	0.0032	0.00252	0.00218	0.00176	0.0015	0.00112	0.0008	
