#===============
# ll~ : ee
# qq~ : uu~
# FF  : vector
# XY  : LL RR  
# coef : 0 0
# type : A*A
# Nevs : 50000
#===============
#
# XSEC	BIN_MIN	BIN_MAX 	 Kij 
#
763.54  200.0  300.0  0.00028	0.0004	0.00062	0.00052	0.0055	0.08122	0.05842	0.04388	0.0346	0.02322	0.00036	0.0	0.0	0.0	0.0	0.0	0.0	0.0	0.0	0.0	0.0	0.0	0.0	0.0	0.0	0.0	0.0	0.0	0.0	0.0	0.0	0.0	0.0	0.0	0.0	0.0	0.0	0.0	0.0	0.0	0.0	0.0	0.0	0.0	0.0	0.0	0.0	0.0	0.0	0.0	0.0	0.0	0.0	0.0	0.0	0.0	0.0	0.0	0.0	0.0	0.0	0.0	0.0	0.0	0.0	0.0	0.0	0.0	0.0	0.0	0.0	0.0	0.0	0.0	0.0	0.0	0.0	0.0	0.0	0.0	0.0	0.0	0.0	0.0	0.0	0.0	0.0	0.0	0.0	0.0	0.0	0.0	0.0	0.0	0.0	0.0	0.0	0.0	0.0	
173.382  300.0  400.0  6e-05	0.00012	0.00016	6e-05	8e-05	0.0004	0.00044	0.00068	0.00114	0.00776	0.08484	0.06838	0.05502	0.0454	0.03216	0.00084	0.0	0.0	0.0	0.0	0.0	0.0	0.0	0.0	0.0	0.0	0.0	0.0	0.0	0.0	0.0	0.0	0.0	0.0	0.0	0.0	0.0	0.0	0.0	0.0	0.0	0.0	0.0	0.0	0.0	0.0	0.0	0.0	0.0	0.0	0.0	0.0	0.0	0.0	0.0	0.0	0.0	0.0	0.0	0.0	0.0	0.0	0.0	0.0	0.0	0.0	0.0	0.0	0.0	0.0	0.0	0.0	0.0	0.0	0.0	0.0	0.0	0.0	0.0	0.0	0.0	0.0	0.0	0.0	0.0	0.0	0.0	0.0	0.0	0.0	0.0	0.0	0.0	0.0	0.0	0.0	0.0	0.0	0.0	
56.602  400.0  500.0  4e-05	6e-05	2e-05	8e-05	4e-05	0.00026	0.0002	0.00018	0.00042	0.00034	0.00062	0.00046	0.00092	0.00162	0.01022	0.0884	0.07394	0.0616	0.05118	0.03758	0.00134	0.0	0.0	0.0	0.0	0.0	0.0	0.0	0.0	0.0	0.0	0.0	0.0	0.0	0.0	0.0	0.0	0.0	0.0	0.0	0.0	0.0	0.0	0.0	0.0	0.0	0.0	0.0	0.0	0.0	0.0	0.0	0.0	0.0	0.0	0.0	0.0	0.0	0.0	0.0	0.0	0.0	0.0	0.0	0.0	0.0	0.0	0.0	0.0	0.0	0.0	0.0	0.0	0.0	0.0	0.0	0.0	0.0	0.0	0.0	0.0	0.0	0.0	0.0	0.0	0.0	0.0	0.0	0.0	0.0	0.0	0.0	0.0	0.0	0.0	0.0	0.0	0.0	0.0	
22.802  500.0  600.0  6e-05	2e-05	4e-05	0.0	8e-05	8e-05	2e-05	0.00022	0.00016	0.00022	0.00024	0.00028	0.00042	0.0004	0.0005	0.00062	0.00074	0.00082	0.00248	0.01154	0.08814	0.07618	0.06406	0.05582	0.04192	0.00176	0.0	0.0	0.0	0.0	0.0	0.0	0.0	0.0	0.0	0.0	0.0	0.0	0.0	0.0	0.0	0.0	0.0	0.0	0.0	0.0	0.0	0.0	0.0	0.0	0.0	0.0	0.0	0.0	0.0	0.0	0.0	0.0	0.0	0.0	0.0	0.0	0.0	0.0	0.0	0.0	0.0	0.0	0.0	0.0	0.0	0.0	0.0	0.0	0.0	0.0	0.0	0.0	0.0	0.0	0.0	0.0	0.0	0.0	0.0	0.0	0.0	0.0	0.0	0.0	0.0	0.0	0.0	0.0	0.0	0.0	0.0	0.0	0.0	
10.5186  600.0  700.0  2e-05	2e-05	4e-05	0.0	6e-05	8e-05	8e-05	0.00012	0.0001	0.00014	0.00018	0.0001	0.00014	0.00014	0.0002	0.00018	0.00048	0.00046	0.00048	0.00062	0.00066	0.00092	0.0013	0.00244	0.01304	0.1264	0.10524	0.08498	0.02226	0.0	0.0	0.0	0.0	0.0	0.0	0.0	0.0	0.0	0.0	0.0	0.0	0.0	0.0	0.0	0.0	0.0	0.0	0.0	0.0	0.0	0.0	0.0	0.0	0.0	0.0	0.0	0.0	0.0	0.0	0.0	0.0	0.0	0.0	0.0	0.0	0.0	0.0	0.0	0.0	0.0	0.0	0.0	0.0	0.0	0.0	0.0	0.0	0.0	0.0	0.0	0.0	0.0	0.0	0.0	0.0	0.0	0.0	0.0	0.0	0.0	0.0	0.0	0.0	0.0	0.0	0.0	0.0	0.0	0.0	
5.3448  700.0  800.0  2e-05	0.0	2e-05	2e-05	0.0	6e-05	8e-05	8e-05	8e-05	0.00012	2e-05	0.00012	4e-05	8e-05	0.00016	0.00018	0.00022	8e-05	0.00024	0.00028	0.0003	0.00032	0.00032	0.0008	0.0005	0.00102	0.0016	0.00608	0.09866	0.11442	0.09326	0.04888	0.0	0.0	0.0	0.0	0.0	0.0	0.0	0.0	0.0	0.0	0.0	0.0	0.0	0.0	0.0	0.0	0.0	0.0	0.0	0.0	0.0	0.0	0.0	0.0	0.0	0.0	0.0	0.0	0.0	0.0	0.0	0.0	0.0	0.0	0.0	0.0	0.0	0.0	0.0	0.0	0.0	0.0	0.0	0.0	0.0	0.0	0.0	0.0	0.0	0.0	0.0	0.0	0.0	0.0	0.0	0.0	0.0	0.0	0.0	0.0	0.0	0.0	0.0	0.0	0.0	0.0	0.0	
2.9158  800.0  900.0  2e-05	0.0	0.0	2e-05	6e-05	8e-05	8e-05	2e-05	0.0001	0.0001	8e-05	8e-05	0.00014	0.0001	0.00014	0.0001	0.00012	0.00018	0.00034	0.00016	0.00026	0.00028	0.00022	0.00034	0.00042	0.0006	0.00078	0.00066	0.00122	0.00188	0.0036	0.0551	0.12246	0.10036	0.08054	0.00252	0.0	0.0	0.0	0.0	0.0	0.0	0.0	0.0	0.0	0.0	0.0	0.0	0.0	0.0	0.0	0.0	0.0	0.0	0.0	0.0	0.0	0.0	0.0	0.0	0.0	0.0	0.0	0.0	0.0	0.0	0.0	0.0	0.0	0.0	0.0	0.0	0.0	0.0	0.0	0.0	0.0	0.0	0.0	0.0	0.0	0.0	0.0	0.0	0.0	0.0	0.0	0.0	0.0	0.0	0.0	0.0	0.0	0.0	0.0	0.0	0.0	0.0	0.0	
1.68172  900.0  1000.0  2e-05	0.0	0.0	0.0	0.0	2e-05	6e-05	4e-05	8e-05	6e-05	6e-05	6e-05	0.0001	0.0002	0.00014	0.00012	0.00012	0.0002	0.0001	0.00014	0.00018	0.0002	0.00012	0.00024	0.00022	0.00038	0.0005	0.0005	0.0006	0.00068	0.00078	0.0011	0.00144	0.00296	0.01632	0.1985	0.14698	0.00292	0.0	0.0	0.0	0.0	0.0	0.0	0.0	0.0	0.0	0.0	0.0	0.0	0.0	0.0	0.0	0.0	0.0	0.0	0.0	0.0	0.0	0.0	0.0	0.0	0.0	0.0	0.0	0.0	0.0	0.0	0.0	0.0	0.0	0.0	0.0	0.0	0.0	0.0	0.0	0.0	0.0	0.0	0.0	0.0	0.0	0.0	0.0	0.0	0.0	0.0	0.0	0.0	0.0	0.0	0.0	0.0	0.0	0.0	0.0	0.0	0.0	
1.64316  1000.0  1200.0  2e-05	0.0	0.0	2e-05	0.0	2e-05	0.0	4e-05	2e-05	4e-05	8e-05	2e-05	4e-05	8e-05	6e-05	0.00012	4e-05	0.0	8e-05	0.0001	0.00014	6e-05	4e-05	0.00016	4e-05	0.00014	0.0001	8e-05	0.0002	0.00024	0.00042	0.00044	0.00066	0.0005	0.00078	0.00192	0.01304	0.12566	0.102	0.07932	0.0577	0.00112	0.0	0.0	0.0	0.0	0.0	0.0	0.0	0.0	0.0	0.0	0.0	0.0	0.0	0.0	0.0	0.0	0.0	0.0	0.0	0.0	0.0	0.0	0.0	0.0	0.0	0.0	0.0	0.0	0.0	0.0	0.0	0.0	0.0	0.0	0.0	0.0	0.0	0.0	0.0	0.0	0.0	0.0	0.0	0.0	0.0	0.0	0.0	0.0	0.0	0.0	0.0	0.0	0.0	0.0	0.0	0.0	0.0	
0.67286  1200.0  1400.0  0.0	2e-05	0.0	0.0	0.0	0.0	6e-05	4e-05	4e-05	2e-05	2e-05	8e-05	2e-05	8e-05	2e-05	4e-05	4e-05	6e-05	4e-05	6e-05	6e-05	4e-05	6e-05	6e-05	8e-05	0.00018	6e-05	0.0002	0.00018	0.0002	0.00018	0.00014	0.00026	0.00036	0.00026	0.00074	0.00074	0.00118	0.0013	0.00202	0.0133	0.12256	0.11916	0.09086	0.03412	0.0	0.0	0.0	0.0	0.0	0.0	0.0	0.0	0.0	0.0	0.0	0.0	0.0	0.0	0.0	0.0	0.0	0.0	0.0	0.0	0.0	0.0	0.0	0.0	0.0	0.0	0.0	0.0	0.0	0.0	0.0	0.0	0.0	0.0	0.0	0.0	0.0	0.0	0.0	0.0	0.0	0.0	0.0	0.0	0.0	0.0	0.0	0.0	0.0	0.0	0.0	0.0	0.0	0.0	
0.30266  1400.0  1600.0  0.0	0.0	0.0	0.0	0.0	0.0	4e-05	2e-05	2e-05	0.0	2e-05	2e-05	2e-05	0.00014	6e-05	2e-05	6e-05	4e-05	4e-05	4e-05	0.0001	2e-05	6e-05	0.00012	6e-05	0.0001	0.00016	0.00018	0.0001	6e-05	0.0001	0.0001	0.0001	0.0002	0.00014	0.00024	0.00034	0.00048	0.00054	0.0009	0.00082	0.00088	0.0017	0.00438	0.08536	0.12544	0.10146	0.06316	0.0	0.0	0.0	0.0	0.0	0.0	0.0	0.0	0.0	0.0	0.0	0.0	0.0	0.0	0.0	0.0	0.0	0.0	0.0	0.0	0.0	0.0	0.0	0.0	0.0	0.0	0.0	0.0	0.0	0.0	0.0	0.0	0.0	0.0	0.0	0.0	0.0	0.0	0.0	0.0	0.0	0.0	0.0	0.0	0.0	0.0	0.0	0.0	0.0	0.0	0.0	
0.14584  1600.0  1800.0  0.0	2e-05	0.0	0.0	0.0	2e-05	2e-05	0.0	2e-05	4e-05	0.0	2e-05	2e-05	0.0	6e-05	2e-05	4e-05	2e-05	4e-05	2e-05	6e-05	4e-05	4e-05	2e-05	6e-05	6e-05	0.00012	0.00012	0.0001	0.00018	0.00014	0.00016	0.00018	0.00012	0.00018	0.00038	0.00034	0.00042	0.00036	0.0004	0.00038	0.0007	0.00078	0.00092	0.00114	0.00166	0.00308	0.03676	0.15634	0.12026	0.06518	0.0	0.0	0.0	0.0	0.0	0.0	0.0	0.0	0.0	0.0	0.0	0.0	0.0	0.0	0.0	0.0	0.0	0.0	0.0	0.0	0.0	0.0	0.0	0.0	0.0	0.0	0.0	0.0	0.0	0.0	0.0	0.0	0.0	0.0	0.0	0.0	0.0	0.0	0.0	0.0	0.0	0.0	0.0	0.0	0.0	0.0	0.0	0.0	
0.07411  1800.0  2000.0  0.0	0.0	0.0	0.0	0.0	0.0	2e-05	2e-05	4e-05	0.0	0.0	0.0	0.0	2e-05	2e-05	0.0	6e-05	2e-05	0.0	6e-05	2e-05	0.0	6e-05	6e-05	2e-05	6e-05	6e-05	0.00018	6e-05	0.00018	6e-05	0.0001	6e-05	4e-05	0.00014	0.00012	0.00016	0.00024	0.00034	0.00028	0.00016	0.00022	0.00042	0.00038	0.00052	0.00078	0.00068	0.0012	0.00182	0.00392	0.06254	0.15328	0.12988	0.03908	0.0	0.0	0.0	0.0	0.0	0.0	0.0	0.0	0.0	0.0	0.0	0.0	0.0	0.0	0.0	0.0	0.0	0.0	0.0	0.0	0.0	0.0	0.0	0.0	0.0	0.0	0.0	0.0	0.0	0.0	0.0	0.0	0.0	0.0	0.0	0.0	0.0	0.0	0.0	0.0	0.0	0.0	0.0	0.0	0.0	
0.04586  2000.0  2250.0  0.0	2e-05	2e-05	0.0	2e-05	2e-05	0.0	0.0	2e-05	2e-05	0.0	2e-05	2e-05	4e-05	2e-05	6e-05	2e-05	0.0	2e-05	0.0	0.0	2e-05	6e-05	4e-05	4e-05	6e-05	4e-05	8e-05	0.0	4e-05	2e-05	8e-05	4e-05	4e-05	8e-05	0.0002	0.00016	0.00016	8e-05	0.00016	0.0003	0.00014	0.00024	0.00016	0.0003	0.0004	0.00036	0.00062	0.00102	0.00092	0.00092	0.0018	0.00656	0.11106	0.13338	0.1039	0.04004	0.0	0.0	0.0	0.0	0.0	0.0	0.0	0.0	0.0	0.0	0.0	0.0	0.0	0.0	0.0	0.0	0.0	0.0	0.0	0.0	0.0	0.0	0.0	0.0	0.0	0.0	0.0	0.0	0.0	0.0	0.0	0.0	0.0	0.0	0.0	0.0	0.0	0.0	0.0	0.0	0.0	0.0	
0.02176  2250.0  2500.0  2e-05	0.0	2e-05	0.0	2e-05	0.0	0.0	2e-05	0.0	2e-05	0.0	0.0	2e-05	2e-05	0.0	0.0	2e-05	2e-05	4e-05	6e-05	2e-05	4e-05	4e-05	6e-05	0.0	8e-05	2e-05	6e-05	6e-05	8e-05	8e-05	8e-05	0.00012	2e-05	2e-05	0.0001	0.0001	8e-05	8e-05	0.00012	0.00014	8e-05	0.00012	0.00018	0.00034	0.00032	0.00024	0.00042	0.00034	0.00064	0.00054	0.00078	0.00102	0.00106	0.00198	0.00626	0.09492	0.13302	0.10702	0.05242	0.0	0.0	0.0	0.0	0.0	0.0	0.0	0.0	0.0	0.0	0.0	0.0	0.0	0.0	0.0	0.0	0.0	0.0	0.0	0.0	0.0	0.0	0.0	0.0	0.0	0.0	0.0	0.0	0.0	0.0	0.0	0.0	0.0	0.0	0.0	0.0	0.0	0.0	0.0	
0.01075  2500.0  2750.0  0.0	0.0	0.0	0.0	0.0	0.0	0.0	0.0	2e-05	2e-05	0.0	0.0	0.0	0.0	0.0	4e-05	0.0	0.0	2e-05	0.0	0.0	4e-05	0.0	2e-05	0.0	0.0	4e-05	2e-05	4e-05	6e-05	6e-05	0.00018	6e-05	8e-05	2e-05	4e-05	8e-05	0.00014	0.00014	0.00014	0.00016	0.00014	0.00012	0.00024	0.00018	0.00012	0.00012	0.00028	0.00038	0.00036	0.00032	0.0004	0.00054	0.00072	0.0009	0.00106	0.00128	0.00188	0.00606	0.07432	0.13942	0.11404	0.0664	0.0	0.0	0.0	0.0	0.0	0.0	0.0	0.0	0.0	0.0	0.0	0.0	0.0	0.0	0.0	0.0	0.0	0.0	0.0	0.0	0.0	0.0	0.0	0.0	0.0	0.0	0.0	0.0	0.0	0.0	0.0	0.0	0.0	0.0	0.0	0.0	
0.00548  2750.0  3000.0  0.0	0.0	0.0	0.0	0.0	0.0	2e-05	0.0	0.0	0.0	0.0	0.0	0.0	2e-05	2e-05	0.0	0.0	0.0	0.0	0.0	4e-05	0.0	0.0	4e-05	2e-05	6e-05	6e-05	0.0	0.0	2e-05	6e-05	2e-05	0.0	4e-05	6e-05	0.00014	6e-05	8e-05	0.00012	6e-05	0.00014	4e-05	0.0002	0.00018	8e-05	0.00018	8e-05	0.0001	0.00016	0.00024	0.00024	0.00026	0.00032	0.00028	0.00044	0.00082	0.00062	0.00082	0.001	0.00128	0.0023	0.0058	0.05326	0.14866	0.11512	0.0772	4e-05	0.0	0.0	0.0	0.0	0.0	0.0	0.0	0.0	0.0	0.0	0.0	0.0	0.0	0.0	0.0	0.0	0.0	0.0	0.0	0.0	0.0	0.0	0.0	0.0	0.0	0.0	0.0	0.0	0.0	0.0	0.0	0.0	
0.00438  3000.0  3500.0  0.0	0.0	0.0	0.0	0.0	0.0	0.0	0.0	0.0	0.0	2e-05	2e-05	0.0	2e-05	0.0	0.0	2e-05	0.0	2e-05	0.0	2e-05	0.0	0.0	0.0	0.0	0.0	0.0	2e-05	0.0	2e-05	2e-05	4e-05	2e-05	6e-05	2e-05	4e-05	4e-05	2e-05	4e-05	6e-05	4e-05	8e-05	0.00016	0.0001	0.00016	0.00016	0.00012	0.0002	0.00016	0.0001	0.00022	0.0002	0.00026	0.0003	0.00022	0.00048	0.00042	0.00038	0.00048	0.0007	0.00094	0.00092	0.00102	0.00136	0.00422	0.02448	0.09672	0.07712	0.06434	0.05448	0.04254	0.03276	0.00348	0.0	0.0	0.0	0.0	0.0	0.0	0.0	0.0	0.0	0.0	0.0	0.0	0.0	0.0	0.0	0.0	0.0	0.0	0.0	0.0	0.0	0.0	0.0	0.0	0.0	0.0	
0.00127  3500.0  4000.0  0.0	0.0	0.0	0.0	0.0	0.0	0.0	0.0	0.0	0.0	2e-05	0.0	2e-05	0.0	0.0	0.0	2e-05	0.0	0.0	0.0	0.0	2e-05	2e-05	0.0	0.0	4e-05	2e-05	2e-05	2e-05	4e-05	2e-05	2e-05	0.0	6e-05	4e-05	0.00014	6e-05	2e-05	6e-05	8e-05	2e-05	6e-05	0.00012	0.00016	8e-05	2e-05	6e-05	4e-05	0.00014	0.0001	0.0002	8e-05	8e-05	0.00018	0.00018	0.0002	0.00024	0.00028	0.00032	0.00028	0.00048	0.00022	0.0004	0.00052	0.00058	0.00062	0.00082	0.00098	0.00106	0.00148	0.0034	0.0093	0.09224	0.0831	0.06962	0.05554	0.04678	0.03726	0.01186	0.0	0.0	0.0	0.0	0.0	0.0	0.0	0.0	0.0	0.0	0.0	0.0	0.0	0.0	0.0	0.0	0.0	0.0	0.0	0.0	
0.00056  4000.0  15000.0  0.0	0.0	0.0	2e-05	0.0	0.0	0.0	0.0	0.0	0.0	0.0	2e-05	0.0	0.0	0.0	0.0	0.0	0.0	0.0	0.0	0.0	2e-05	0.0	0.0	0.0	0.0	4e-05	0.0	4e-05	0.0	0.0	2e-05	0.0	0.0	0.0	2e-05	0.0	2e-05	2e-05	0.0001	4e-05	2e-05	2e-05	4e-05	6e-05	0.00012	8e-05	4e-05	4e-05	6e-05	0.0001	0.00012	4e-05	6e-05	0.00016	0.00014	8e-05	0.00014	0.0001	0.00012	0.00024	0.00016	0.00014	0.00026	0.0003	0.00018	0.00026	0.00044	0.00042	0.0005	0.00038	0.00062	0.00042	0.00088	0.00116	0.00126	0.00234	0.00522	0.06532	0.074	0.05628	0.0442	0.03436	0.02788	0.02204	0.01784	0.01324	0.01076	0.0085	0.0065	0.00582	0.00426	0.0032	0.00292	0.00228	0.00202	0.00142	0.00142	0.00092	
