#===============
# ll~ : ee
# qq~ : sb~
# FF  : dipole
# XY  : LL LR RL RR
# coef : 0 0
# type : A*A
# Nevs : 50000
#===============
#
# XSEC	BIN_MIN	BIN_MAX 	 Kij 
#
3.0182  200.0  300.0  0.00056	0.0006	0.00052	0.00122	0.00824	0.11936	0.09998	0.08312	0.06586	0.0524	0.00154	0.0	0.0	0.0	0.0	0.0	0.0	0.0	0.0	0.0	0.0	0.0	0.0	0.0	0.0	0.0	0.0	0.0	0.0	0.0	0.0	0.0	0.0	0.0	0.0	0.0	0.0	0.0	0.0	0.0	0.0	0.0	0.0	0.0	0.0	0.0	0.0	0.0	0.0	0.0	0.0	0.0	0.0	0.0	0.0	0.0	0.0	0.0	0.0	0.0	0.0	0.0	0.0	0.0	0.0	0.0	0.0	0.0	0.0	0.0	0.0	0.0	0.0	0.0	0.0	0.0	0.0	0.0	0.0	0.0	0.0	0.0	0.0	0.0	0.0	0.0	0.0	0.0	0.0	0.0	0.0	0.0	0.0	0.0	0.0	0.0	0.0	0.0	0.0	
1.11002  300.0  400.0  0.0001	6e-05	0.00018	0.00022	0.00036	0.00044	0.00078	0.00124	0.00182	0.01222	0.1197	0.10502	0.08864	0.07506	0.06022	0.00176	0.0	0.0	0.0	0.0	0.0	0.0	0.0	0.0	0.0	0.0	0.0	0.0	0.0	0.0	0.0	0.0	0.0	0.0	0.0	0.0	0.0	0.0	0.0	0.0	0.0	0.0	0.0	0.0	0.0	0.0	0.0	0.0	0.0	0.0	0.0	0.0	0.0	0.0	0.0	0.0	0.0	0.0	0.0	0.0	0.0	0.0	0.0	0.0	0.0	0.0	0.0	0.0	0.0	0.0	0.0	0.0	0.0	0.0	0.0	0.0	0.0	0.0	0.0	0.0	0.0	0.0	0.0	0.0	0.0	0.0	0.0	0.0	0.0	0.0	0.0	0.0	0.0	0.0	0.0	0.0	0.0	0.0	0.0	
0.4984  400.0  500.0  6e-05	6e-05	4e-05	0.0001	4e-05	0.00022	0.00038	0.00032	0.00058	0.0005	0.00056	0.00084	0.00134	0.00188	0.01332	0.12066	0.10766	0.08988	0.07538	0.06226	0.00224	0.0	0.0	0.0	0.0	0.0	0.0	0.0	0.0	0.0	0.0	0.0	0.0	0.0	0.0	0.0	0.0	0.0	0.0	0.0	0.0	0.0	0.0	0.0	0.0	0.0	0.0	0.0	0.0	0.0	0.0	0.0	0.0	0.0	0.0	0.0	0.0	0.0	0.0	0.0	0.0	0.0	0.0	0.0	0.0	0.0	0.0	0.0	0.0	0.0	0.0	0.0	0.0	0.0	0.0	0.0	0.0	0.0	0.0	0.0	0.0	0.0	0.0	0.0	0.0	0.0	0.0	0.0	0.0	0.0	0.0	0.0	0.0	0.0	0.0	0.0	0.0	0.0	0.0	
0.25296  500.0  600.0  0.0001	4e-05	2e-05	2e-05	4e-05	8e-05	0.00026	0.00022	0.00018	0.00036	0.00026	0.00036	0.0004	0.00042	0.00046	0.00076	0.00098	0.00134	0.00272	0.0146	0.11628	0.1047	0.09124	0.07892	0.06438	0.00282	0.0	0.0	0.0	0.0	0.0	0.0	0.0	0.0	0.0	0.0	0.0	0.0	0.0	0.0	0.0	0.0	0.0	0.0	0.0	0.0	0.0	0.0	0.0	0.0	0.0	0.0	0.0	0.0	0.0	0.0	0.0	0.0	0.0	0.0	0.0	0.0	0.0	0.0	0.0	0.0	0.0	0.0	0.0	0.0	0.0	0.0	0.0	0.0	0.0	0.0	0.0	0.0	0.0	0.0	0.0	0.0	0.0	0.0	0.0	0.0	0.0	0.0	0.0	0.0	0.0	0.0	0.0	0.0	0.0	0.0	0.0	0.0	0.0	
0.13928  600.0  700.0  2e-05	4e-05	4e-05	2e-05	6e-05	8e-05	8e-05	6e-05	0.00016	0.0001	0.00022	0.00014	0.00026	0.00018	0.00028	0.00058	0.00046	0.00052	0.00048	0.00078	0.00098	0.00118	0.00142	0.00308	0.0152	0.16418	0.14168	0.11748	0.03112	0.0	0.0	0.0	0.0	0.0	0.0	0.0	0.0	0.0	0.0	0.0	0.0	0.0	0.0	0.0	0.0	0.0	0.0	0.0	0.0	0.0	0.0	0.0	0.0	0.0	0.0	0.0	0.0	0.0	0.0	0.0	0.0	0.0	0.0	0.0	0.0	0.0	0.0	0.0	0.0	0.0	0.0	0.0	0.0	0.0	0.0	0.0	0.0	0.0	0.0	0.0	0.0	0.0	0.0	0.0	0.0	0.0	0.0	0.0	0.0	0.0	0.0	0.0	0.0	0.0	0.0	0.0	0.0	0.0	0.0	
0.08144  700.0  800.0  0.0	4e-05	2e-05	2e-05	4e-05	6e-05	0.00012	8e-05	0.0001	0.00018	0.00014	0.00014	0.00028	0.00014	0.00016	0.00024	0.0003	0.0002	0.0003	0.00044	0.00038	0.00038	0.00032	0.00058	0.00054	0.00128	0.00198	0.00744	0.12108	0.14894	0.12546	0.06728	0.0	0.0	0.0	0.0	0.0	0.0	0.0	0.0	0.0	0.0	0.0	0.0	0.0	0.0	0.0	0.0	0.0	0.0	0.0	0.0	0.0	0.0	0.0	0.0	0.0	0.0	0.0	0.0	0.0	0.0	0.0	0.0	0.0	0.0	0.0	0.0	0.0	0.0	0.0	0.0	0.0	0.0	0.0	0.0	0.0	0.0	0.0	0.0	0.0	0.0	0.0	0.0	0.0	0.0	0.0	0.0	0.0	0.0	0.0	0.0	0.0	0.0	0.0	0.0	0.0	0.0	0.0	
0.04986  800.0  900.0  2e-05	2e-05	0.0	0.0	6e-05	4e-05	8e-05	0.0001	4e-05	6e-05	0.00014	0.00018	6e-05	8e-05	0.00016	0.00014	0.0002	0.00016	0.00024	8e-05	0.00022	0.00022	0.00034	0.00022	0.00038	0.00052	0.00058	0.00096	0.00144	0.00166	0.0044	0.06866	0.15068	0.13178	0.1041	0.00372	0.0	0.0	0.0	0.0	0.0	0.0	0.0	0.0	0.0	0.0	0.0	0.0	0.0	0.0	0.0	0.0	0.0	0.0	0.0	0.0	0.0	0.0	0.0	0.0	0.0	0.0	0.0	0.0	0.0	0.0	0.0	0.0	0.0	0.0	0.0	0.0	0.0	0.0	0.0	0.0	0.0	0.0	0.0	0.0	0.0	0.0	0.0	0.0	0.0	0.0	0.0	0.0	0.0	0.0	0.0	0.0	0.0	0.0	0.0	0.0	0.0	0.0	0.0	
0.0317  900.0  1000.0  2e-05	0.0	0.0	0.0	4e-05	0.0	0.0	2e-05	0.0001	0.00016	4e-05	8e-05	0.0001	6e-05	0.00012	0.00012	0.00022	0.0001	0.00016	0.00014	0.00016	0.00018	0.00032	0.00018	0.0003	0.00044	0.00034	0.00044	0.00074	0.00058	0.00114	0.00118	0.0016	0.00328	0.0206	0.24588	0.18876	0.00396	0.0	0.0	0.0	0.0	0.0	0.0	0.0	0.0	0.0	0.0	0.0	0.0	0.0	0.0	0.0	0.0	0.0	0.0	0.0	0.0	0.0	0.0	0.0	0.0	0.0	0.0	0.0	0.0	0.0	0.0	0.0	0.0	0.0	0.0	0.0	0.0	0.0	0.0	0.0	0.0	0.0	0.0	0.0	0.0	0.0	0.0	0.0	0.0	0.0	0.0	0.0	0.0	0.0	0.0	0.0	0.0	0.0	0.0	0.0	0.0	0.0	
0.03469  1000.0  1200.0  0.0	0.0	4e-05	0.0	0.0	4e-05	4e-05	2e-05	0.0	0.0001	6e-05	8e-05	8e-05	0.0001	0.0001	6e-05	6e-05	8e-05	4e-05	0.0001	0.00012	0.00022	0.0002	0.00012	0.00012	0.00026	0.00022	0.00042	0.00018	0.0002	0.00052	0.00058	0.00064	0.00068	0.0008	0.00218	0.01468	0.14178	0.12318	0.0981	0.07324	0.00164	0.0	0.0	0.0	0.0	0.0	0.0	0.0	0.0	0.0	0.0	0.0	0.0	0.0	0.0	0.0	0.0	0.0	0.0	0.0	0.0	0.0	0.0	0.0	0.0	0.0	0.0	0.0	0.0	0.0	0.0	0.0	0.0	0.0	0.0	0.0	0.0	0.0	0.0	0.0	0.0	0.0	0.0	0.0	0.0	0.0	0.0	0.0	0.0	0.0	0.0	0.0	0.0	0.0	0.0	0.0	0.0	0.0	
0.01619  1200.0  1400.0  0.0	0.0	0.0	0.0	0.0	0.0	2e-05	0.0	0.0	6e-05	4e-05	2e-05	8e-05	4e-05	8e-05	0.0	6e-05	0.0001	4e-05	0.00014	0.00012	6e-05	0.0001	8e-05	0.0001	0.00018	0.00014	0.00012	0.00012	0.00016	0.00028	0.00016	0.00026	0.00026	0.00028	0.00068	0.0009	0.00104	0.00142	0.0023	0.01566	0.13822	0.137	0.11022	0.04408	0.0	0.0	0.0	0.0	0.0	0.0	0.0	0.0	0.0	0.0	0.0	0.0	0.0	0.0	0.0	0.0	0.0	0.0	0.0	0.0	0.0	0.0	0.0	0.0	0.0	0.0	0.0	0.0	0.0	0.0	0.0	0.0	0.0	0.0	0.0	0.0	0.0	0.0	0.0	0.0	0.0	0.0	0.0	0.0	0.0	0.0	0.0	0.0	0.0	0.0	0.0	0.0	0.0	0.0	
None	None	None	None	None	None	None	None	None	None	None	None	None	None	None	None	None	None	None	None	
None	None	None	None	None	None	None	None	None	None	None	None	None	None	None	None	None	None	None	None	
0.00233  1800.0  2000.0  0.0	4e-05	0.0	2e-05	0.0	0.0	0.0	0.0	2e-05	2e-05	2e-05	0.0	2e-05	0.0	2e-05	8e-05	4e-05	0.0	2e-05	2e-05	0.0	8e-05	4e-05	4e-05	6e-05	0.0001	8e-05	0.0001	8e-05	8e-05	0.00014	4e-05	6e-05	8e-05	0.0001	0.00012	0.00012	0.00022	0.0002	0.0001	0.00018	0.0004	0.0004	0.00038	0.00064	0.0007	0.00096	0.0012	0.00172	0.00424	0.06836	0.16968	0.15416	0.0443	0.0	0.0	0.0	0.0	0.0	0.0	0.0	0.0	0.0	0.0	0.0	0.0	0.0	0.0	0.0	0.0	0.0	0.0	0.0	0.0	0.0	0.0	0.0	0.0	0.0	0.0	0.0	0.0	0.0	0.0	0.0	0.0	0.0	0.0	0.0	0.0	0.0	0.0	0.0	0.0	0.0	0.0	0.0	0.0	0.0	
0.00155  2000.0  2250.0  0.0	0.0	0.0	2e-05	0.0	0.0	0.0	0.0	0.0	2e-05	0.0	4e-05	2e-05	0.0	2e-05	4e-05	2e-05	0.0	4e-05	4e-05	0.0	4e-05	4e-05	6e-05	4e-05	8e-05	2e-05	2e-05	4e-05	8e-05	0.0001	6e-05	0.0001	0.00014	0.00016	0.00018	0.00012	6e-05	0.00028	0.00016	0.0001	0.0003	0.00022	0.00028	0.00036	0.00036	0.00064	0.00068	0.00064	0.00124	0.00138	0.00172	0.0071	0.12032	0.14944	0.11874	0.04532	0.0	0.0	0.0	0.0	0.0	0.0	0.0	0.0	0.0	0.0	0.0	0.0	0.0	0.0	0.0	0.0	0.0	0.0	0.0	0.0	0.0	0.0	0.0	0.0	0.0	0.0	0.0	0.0	0.0	0.0	0.0	0.0	0.0	0.0	0.0	0.0	0.0	0.0	0.0	0.0	0.0	0.0	
0.0008  2250.0  2500.0  2e-05	0.0	0.0	0.0	0.0	4e-05	2e-05	0.0	0.0	0.0	0.0	0.0	4e-05	0.0	4e-05	6e-05	2e-05	4e-05	4e-05	0.0	0.0001	6e-05	6e-05	0.0	2e-05	2e-05	4e-05	4e-05	2e-05	0.0	6e-05	0.0	8e-05	0.00016	6e-05	0.00016	0.00012	0.0001	0.00018	0.00016	0.0001	0.00018	0.0003	0.00038	0.00036	0.0004	0.0002	0.00036	0.0005	0.00062	0.00058	0.00064	0.00082	0.00154	0.00234	0.00698	0.0989	0.15404	0.12362	0.06058	0.0	0.0	0.0	0.0	0.0	0.0	0.0	0.0	0.0	0.0	0.0	0.0	0.0	0.0	0.0	0.0	0.0	0.0	0.0	0.0	0.0	0.0	0.0	0.0	0.0	0.0	0.0	0.0	0.0	0.0	0.0	0.0	0.0	0.0	0.0	0.0	0.0	0.0	0.0	
0.00042  2500.0  2750.0  0.0	0.0	0.0	0.0	2e-05	0.0	0.0	0.0	0.0	0.0	4e-05	2e-05	0.0	2e-05	0.0	0.0	2e-05	2e-05	6e-05	0.0	8e-05	4e-05	4e-05	2e-05	2e-05	0.0	4e-05	4e-05	2e-05	4e-05	6e-05	0.00012	4e-05	2e-05	0.0	4e-05	0.0001	8e-05	6e-05	8e-05	0.00014	0.0001	0.00012	0.0001	6e-05	0.00026	0.00032	0.00024	0.0003	0.00026	0.0003	0.0004	0.00066	0.0007	0.00052	0.0011	0.00156	0.00176	0.00642	0.0793	0.15802	0.12964	0.07238	0.0	0.0	0.0	0.0	0.0	0.0	0.0	0.0	0.0	0.0	0.0	0.0	0.0	0.0	0.0	0.0	0.0	0.0	0.0	0.0	0.0	0.0	0.0	0.0	0.0	0.0	0.0	0.0	0.0	0.0	0.0	0.0	0.0	0.0	0.0	0.0	
0.00023  2750.0  3000.0  0.0	0.0	0.0	0.0	2e-05	2e-05	2e-05	0.0	0.0	0.0	2e-05	0.0	0.0	0.0	0.0	0.0	2e-05	6e-05	0.0	0.0	0.0	6e-05	0.0	0.0	0.0	0.0	2e-05	6e-05	4e-05	0.0	8e-05	4e-05	0.0	4e-05	4e-05	0.00012	6e-05	4e-05	2e-05	0.0001	8e-05	6e-05	0.00012	8e-05	0.00024	0.00026	0.00014	0.00018	0.00026	0.00028	0.00032	0.00026	0.00048	0.00036	0.00048	0.00054	0.00058	0.0006	0.00086	0.00122	0.002	0.00578	0.06016	0.16004	0.13138	0.09052	6e-05	0.0	0.0	0.0	0.0	0.0	0.0	0.0	0.0	0.0	0.0	0.0	0.0	0.0	0.0	0.0	0.0	0.0	0.0	0.0	0.0	0.0	0.0	0.0	0.0	0.0	0.0	0.0	0.0	0.0	0.0	0.0	0.0	
0.0002  3000.0  3500.0  0.0	0.0	0.0	0.0	0.0	0.0	2e-05	0.0	0.0	2e-05	0.0	0.0	2e-05	0.0	2e-05	0.0	0.0	0.0	2e-05	2e-05	2e-05	2e-05	2e-05	4e-05	0.0	4e-05	2e-05	4e-05	4e-05	0.0	2e-05	0.0	6e-05	0.0	2e-05	2e-05	6e-05	0.00012	6e-05	0.00016	0.00014	6e-05	6e-05	0.0001	0.00012	8e-05	0.00018	0.00012	0.0001	0.00016	0.00024	0.00016	0.00018	0.00024	0.0004	0.00036	0.00032	0.00042	0.0006	0.0006	0.00094	0.00098	0.001	0.00162	0.00382	0.0242	0.10422	0.08806	0.0755	0.0629	0.05166	0.0383	0.0041	0.0	0.0	0.0	0.0	0.0	0.0	0.0	0.0	0.0	0.0	0.0	0.0	0.0	0.0	0.0	0.0	0.0	0.0	0.0	0.0	0.0	0.0	0.0	0.0	0.0	0.0	
7e-05  3500.0  4000.0  0.0	0.0	0.0	0.0	0.0	0.0	0.0	0.0	0.0	0.0	4e-05	0.0	2e-05	0.0	0.0	0.0	0.0	0.0	4e-05	2e-05	0.0	0.0	0.0	2e-05	2e-05	6e-05	0.0	4e-05	0.0	0.0	0.0	0.0	0.0	2e-05	2e-05	2e-05	0.0	4e-05	2e-05	6e-05	4e-05	4e-05	0.0	8e-05	4e-05	8e-05	0.00012	0.0001	6e-05	0.00018	0.00014	0.0001	0.0002	0.0001	0.00018	0.00024	0.00018	0.00016	0.00036	0.00026	0.00044	0.00028	0.00058	0.0006	0.0006	0.00062	0.00068	0.0007	0.00084	0.00172	0.00392	0.00988	0.09804	0.09382	0.07526	0.06544	0.05466	0.04268	0.01248	0.0	0.0	0.0	0.0	0.0	0.0	0.0	0.0	0.0	0.0	0.0	0.0	0.0	0.0	0.0	0.0	0.0	0.0	0.0	0.0	
4e-05  4000.0  15000.0  2e-05	0.0	0.0	0.0	0.0	0.0	0.0	0.0	0.0	0.0	0.0	2e-05	2e-05	0.0	0.0	0.0	0.0	0.0	0.0	0.0	2e-05	2e-05	4e-05	2e-05	0.0	6e-05	0.0	0.0	0.0	0.0	0.0	0.0	2e-05	0.0	2e-05	4e-05	8e-05	2e-05	0.0	4e-05	2e-05	4e-05	6e-05	4e-05	2e-05	4e-05	8e-05	2e-05	6e-05	0.00012	8e-05	0.0001	6e-05	0.00014	0.0001	0.0001	0.00018	6e-05	0.0001	0.0002	0.00016	0.00022	0.00026	0.00016	0.00018	0.00016	0.00028	0.00032	0.00036	0.00054	0.0004	0.00042	0.00058	0.00046	0.0008	0.00126	0.00258	0.0054	0.0634	0.0724	0.05644	0.04708	0.0397	0.03174	0.02472	0.02214	0.01756	0.01462	0.0115	0.00966	0.0082	0.0071	0.00504	0.00428	0.00366	0.00274	0.00254	0.00194	0.00212	
