#===============
# ll~ : ee
# qq~ : bd~
# FF  : dipole
# XY  : LL LR RL RR
# coef : 0 0
# type : Z*Z
# Nevs : 50000
#===============
#
# XSEC	BIN_MIN	BIN_MAX 	 Kij 
#
2.0256  200.0  300.0  0.00038	0.00046	0.0006	0.0013	0.00964	0.13084	0.10298	0.0774	0.06198	0.0482	0.00094	0.0	0.0	0.0	0.0	0.0	0.0	0.0	0.0	0.0	0.0	0.0	0.0	0.0	0.0	0.0	0.0	0.0	0.0	0.0	0.0	0.0	0.0	0.0	0.0	0.0	0.0	0.0	0.0	0.0	0.0	0.0	0.0	0.0	0.0	0.0	0.0	0.0	0.0	0.0	0.0	0.0	0.0	0.0	0.0	0.0	0.0	0.0	0.0	0.0	0.0	0.0	0.0	0.0	0.0	0.0	0.0	0.0	0.0	0.0	0.0	0.0	0.0	0.0	0.0	0.0	0.0	0.0	0.0	0.0	0.0	0.0	0.0	0.0	0.0	0.0	0.0	0.0	0.0	0.0	0.0	0.0	0.0	0.0	0.0	0.0	0.0	0.0	0.0	
0.64574  300.0  400.0  0.00012	0.0001	0.00016	0.00022	0.00022	0.00056	0.00066	0.00092	0.0015	0.01114	0.12454	0.10892	0.09102	0.07398	0.05794	0.00156	0.0	0.0	0.0	0.0	0.0	0.0	0.0	0.0	0.0	0.0	0.0	0.0	0.0	0.0	0.0	0.0	0.0	0.0	0.0	0.0	0.0	0.0	0.0	0.0	0.0	0.0	0.0	0.0	0.0	0.0	0.0	0.0	0.0	0.0	0.0	0.0	0.0	0.0	0.0	0.0	0.0	0.0	0.0	0.0	0.0	0.0	0.0	0.0	0.0	0.0	0.0	0.0	0.0	0.0	0.0	0.0	0.0	0.0	0.0	0.0	0.0	0.0	0.0	0.0	0.0	0.0	0.0	0.0	0.0	0.0	0.0	0.0	0.0	0.0	0.0	0.0	0.0	0.0	0.0	0.0	0.0	0.0	0.0	
0.27914  400.0  500.0  6e-05	8e-05	0.00014	8e-05	8e-05	0.00018	0.00042	0.00034	0.00048	0.0006	0.00064	0.001	0.00138	0.00184	0.01408	0.12258	0.1058	0.09222	0.07902	0.06366	0.00234	0.0	0.0	0.0	0.0	0.0	0.0	0.0	0.0	0.0	0.0	0.0	0.0	0.0	0.0	0.0	0.0	0.0	0.0	0.0	0.0	0.0	0.0	0.0	0.0	0.0	0.0	0.0	0.0	0.0	0.0	0.0	0.0	0.0	0.0	0.0	0.0	0.0	0.0	0.0	0.0	0.0	0.0	0.0	0.0	0.0	0.0	0.0	0.0	0.0	0.0	0.0	0.0	0.0	0.0	0.0	0.0	0.0	0.0	0.0	0.0	0.0	0.0	0.0	0.0	0.0	0.0	0.0	0.0	0.0	0.0	0.0	0.0	0.0	0.0	0.0	0.0	0.0	0.0	
0.13988  500.0  600.0  2e-05	0.0	0.0	4e-05	4e-05	0.00014	0.0001	0.00016	0.00022	0.00028	0.0003	0.00034	0.00044	0.00044	0.00044	0.00056	0.00078	0.00146	0.00272	0.01538	0.11914	0.10678	0.09324	0.08132	0.06638	0.0024	0.0	0.0	0.0	0.0	0.0	0.0	0.0	0.0	0.0	0.0	0.0	0.0	0.0	0.0	0.0	0.0	0.0	0.0	0.0	0.0	0.0	0.0	0.0	0.0	0.0	0.0	0.0	0.0	0.0	0.0	0.0	0.0	0.0	0.0	0.0	0.0	0.0	0.0	0.0	0.0	0.0	0.0	0.0	0.0	0.0	0.0	0.0	0.0	0.0	0.0	0.0	0.0	0.0	0.0	0.0	0.0	0.0	0.0	0.0	0.0	0.0	0.0	0.0	0.0	0.0	0.0	0.0	0.0	0.0	0.0	0.0	0.0	0.0	
0.07673  600.0  700.0  0.0	2e-05	2e-05	2e-05	2e-05	4e-05	0.00014	8e-05	0.00014	0.00024	0.00014	0.00014	0.00026	0.00024	0.00028	0.00042	0.00044	0.00048	0.00058	0.00058	0.00074	0.0012	0.0013	0.00288	0.0157	0.16598	0.14432	0.1182	0.032	0.0	0.0	0.0	0.0	0.0	0.0	0.0	0.0	0.0	0.0	0.0	0.0	0.0	0.0	0.0	0.0	0.0	0.0	0.0	0.0	0.0	0.0	0.0	0.0	0.0	0.0	0.0	0.0	0.0	0.0	0.0	0.0	0.0	0.0	0.0	0.0	0.0	0.0	0.0	0.0	0.0	0.0	0.0	0.0	0.0	0.0	0.0	0.0	0.0	0.0	0.0	0.0	0.0	0.0	0.0	0.0	0.0	0.0	0.0	0.0	0.0	0.0	0.0	0.0	0.0	0.0	0.0	0.0	0.0	0.0	
0.04481  700.0  800.0  0.0	2e-05	2e-05	2e-05	8e-05	4e-05	6e-05	6e-05	8e-05	0.00012	0.00018	0.00024	0.00028	0.00014	0.00014	8e-05	0.00024	0.00032	0.00042	0.00032	0.00036	0.00054	0.0005	0.0008	0.00066	0.00138	0.00196	0.00708	0.12194	0.1541	0.12796	0.06996	0.0	0.0	0.0	0.0	0.0	0.0	0.0	0.0	0.0	0.0	0.0	0.0	0.0	0.0	0.0	0.0	0.0	0.0	0.0	0.0	0.0	0.0	0.0	0.0	0.0	0.0	0.0	0.0	0.0	0.0	0.0	0.0	0.0	0.0	0.0	0.0	0.0	0.0	0.0	0.0	0.0	0.0	0.0	0.0	0.0	0.0	0.0	0.0	0.0	0.0	0.0	0.0	0.0	0.0	0.0	0.0	0.0	0.0	0.0	0.0	0.0	0.0	0.0	0.0	0.0	0.0	0.0	
0.02737  800.0  900.0  2e-05	0.0	6e-05	2e-05	2e-05	0.0	0.00014	6e-05	0.0	0.0001	0.00014	8e-05	0.00012	0.00012	0.0002	0.00028	0.00018	0.00018	0.00012	0.00034	0.00024	0.00022	0.00038	0.00028	0.00034	0.00058	0.0009	0.00112	0.00148	0.0021	0.00486	0.07102	0.15496	0.13436	0.10574	0.00342	0.0	0.0	0.0	0.0	0.0	0.0	0.0	0.0	0.0	0.0	0.0	0.0	0.0	0.0	0.0	0.0	0.0	0.0	0.0	0.0	0.0	0.0	0.0	0.0	0.0	0.0	0.0	0.0	0.0	0.0	0.0	0.0	0.0	0.0	0.0	0.0	0.0	0.0	0.0	0.0	0.0	0.0	0.0	0.0	0.0	0.0	0.0	0.0	0.0	0.0	0.0	0.0	0.0	0.0	0.0	0.0	0.0	0.0	0.0	0.0	0.0	0.0	0.0	
0.01734  900.0  1000.0  2e-05	2e-05	0.0	4e-05	2e-05	4e-05	8e-05	8e-05	8e-05	2e-05	2e-05	6e-05	8e-05	0.0001	0.00016	0.00016	6e-05	0.00016	0.00012	0.00018	0.0002	0.00018	0.0001	0.0002	0.00034	0.0004	0.00042	0.0007	0.00056	0.00066	0.00088	0.0012	0.00154	0.00386	0.0204	0.25696	0.19194	0.00354	0.0	0.0	0.0	0.0	0.0	0.0	0.0	0.0	0.0	0.0	0.0	0.0	0.0	0.0	0.0	0.0	0.0	0.0	0.0	0.0	0.0	0.0	0.0	0.0	0.0	0.0	0.0	0.0	0.0	0.0	0.0	0.0	0.0	0.0	0.0	0.0	0.0	0.0	0.0	0.0	0.0	0.0	0.0	0.0	0.0	0.0	0.0	0.0	0.0	0.0	0.0	0.0	0.0	0.0	0.0	0.0	0.0	0.0	0.0	0.0	0.0	
0.0188  1000.0  1200.0  0.0	2e-05	4e-05	0.0	6e-05	2e-05	4e-05	2e-05	4e-05	0.0001	4e-05	0.0	4e-05	6e-05	6e-05	0.00012	6e-05	0.00012	0.00012	0.00014	0.00012	0.0001	0.0002	0.00014	0.00018	0.00014	0.00022	0.0003	0.00016	0.0004	0.00046	0.00054	0.00064	0.00086	0.00088	0.00236	0.01466	0.14686	0.12666	0.1018	0.07662	0.00156	0.0	0.0	0.0	0.0	0.0	0.0	0.0	0.0	0.0	0.0	0.0	0.0	0.0	0.0	0.0	0.0	0.0	0.0	0.0	0.0	0.0	0.0	0.0	0.0	0.0	0.0	0.0	0.0	0.0	0.0	0.0	0.0	0.0	0.0	0.0	0.0	0.0	0.0	0.0	0.0	0.0	0.0	0.0	0.0	0.0	0.0	0.0	0.0	0.0	0.0	0.0	0.0	0.0	0.0	0.0	0.0	0.0	
0.00862  1200.0  1400.0  2e-05	0.0	0.0	2e-05	2e-05	2e-05	0.0	4e-05	2e-05	4e-05	2e-05	0.0001	2e-05	8e-05	8e-05	6e-05	6e-05	0.00014	2e-05	0.00018	6e-05	0.00022	6e-05	0.00016	0.00014	0.0002	8e-05	0.00014	0.00018	0.00016	0.00014	0.00032	0.00014	0.00046	0.0002	0.0008	0.00108	0.00108	0.0016	0.00252	0.01708	0.14298	0.14094	0.11146	0.04378	0.0	0.0	0.0	0.0	0.0	0.0	0.0	0.0	0.0	0.0	0.0	0.0	0.0	0.0	0.0	0.0	0.0	0.0	0.0	0.0	0.0	0.0	0.0	0.0	0.0	0.0	0.0	0.0	0.0	0.0	0.0	0.0	0.0	0.0	0.0	0.0	0.0	0.0	0.0	0.0	0.0	0.0	0.0	0.0	0.0	0.0	0.0	0.0	0.0	0.0	0.0	0.0	0.0	0.0	
0.00419  1400.0  1600.0  0.0	0.0	0.0	0.0	0.0	2e-05	0.0	0.0	2e-05	0.0	2e-05	4e-05	0.0	4e-05	0.0	6e-05	2e-05	2e-05	8e-05	8e-05	8e-05	4e-05	0.00012	4e-05	6e-05	2e-05	4e-05	0.00012	0.00018	0.00014	0.0002	0.00018	0.00016	0.00026	0.0002	0.00036	0.00046	0.00042	0.00062	0.0007	0.0009	0.00108	0.00202	0.0056	0.10078	0.14816	0.12152	0.0772	2e-05	0.0	0.0	0.0	0.0	0.0	0.0	0.0	0.0	0.0	0.0	0.0	0.0	0.0	0.0	0.0	0.0	0.0	0.0	0.0	0.0	0.0	0.0	0.0	0.0	0.0	0.0	0.0	0.0	0.0	0.0	0.0	0.0	0.0	0.0	0.0	0.0	0.0	0.0	0.0	0.0	0.0	0.0	0.0	0.0	0.0	0.0	0.0	0.0	0.0	0.0	
0.00213  1600.0  1800.0  2e-05	2e-05	0.0	0.0	0.0	2e-05	4e-05	2e-05	4e-05	0.0	0.0	0.0	0.0	4e-05	0.0	2e-05	6e-05	6e-05	4e-05	6e-05	0.0001	0.00014	2e-05	2e-05	8e-05	0.0001	0.0001	8e-05	4e-05	0.00016	8e-05	0.0001	0.00012	0.00016	4e-05	0.00016	0.00034	0.0002	0.00038	0.00034	0.00036	0.00066	0.00114	0.0011	0.00116	0.00158	0.0041	0.04352	0.18134	0.14386	0.0805	0.0	0.0	0.0	0.0	0.0	0.0	0.0	0.0	0.0	0.0	0.0	0.0	0.0	0.0	0.0	0.0	0.0	0.0	0.0	0.0	0.0	0.0	0.0	0.0	0.0	0.0	0.0	0.0	0.0	0.0	0.0	0.0	0.0	0.0	0.0	0.0	0.0	0.0	0.0	0.0	0.0	0.0	0.0	0.0	0.0	0.0	0.0	0.0	
0.00112  1800.0  2000.0  2e-05	0.0	0.0	2e-05	0.0	0.0	4e-05	0.0	2e-05	4e-05	0.0	2e-05	0.0	2e-05	2e-05	4e-05	6e-05	6e-05	2e-05	0.0	2e-05	8e-05	4e-05	2e-05	4e-05	8e-05	4e-05	0.00014	0.0001	0.00012	2e-05	0.0001	0.0001	0.0002	2e-05	8e-05	0.00022	0.00014	0.00022	0.0003	0.00036	0.00032	0.00038	0.00056	0.00074	0.00096	0.00084	0.001	0.0018	0.0048	0.06818	0.1785	0.15618	0.04378	0.0	0.0	0.0	0.0	0.0	0.0	0.0	0.0	0.0	0.0	0.0	0.0	0.0	0.0	0.0	0.0	0.0	0.0	0.0	0.0	0.0	0.0	0.0	0.0	0.0	0.0	0.0	0.0	0.0	0.0	0.0	0.0	0.0	0.0	0.0	0.0	0.0	0.0	0.0	0.0	0.0	0.0	0.0	0.0	0.0	
0.0007  2000.0  2250.0  0.0	0.0	2e-05	0.0	0.0	0.0	0.0	0.0	2e-05	2e-05	0.0	0.0	0.0	2e-05	0.0	2e-05	0.0	2e-05	4e-05	2e-05	6e-05	2e-05	0.0	6e-05	2e-05	6e-05	4e-05	0.0001	8e-05	0.00012	0.00012	8e-05	8e-05	8e-05	0.00012	0.00012	0.00012	0.00022	0.00014	0.00012	4e-05	0.00028	0.00024	0.00028	0.0004	0.00038	0.00042	0.00078	0.00074	0.00096	0.00118	0.002	0.00766	0.12774	0.15592	0.11722	0.04566	0.0	0.0	0.0	0.0	0.0	0.0	0.0	0.0	0.0	0.0	0.0	0.0	0.0	0.0	0.0	0.0	0.0	0.0	0.0	0.0	0.0	0.0	0.0	0.0	0.0	0.0	0.0	0.0	0.0	0.0	0.0	0.0	0.0	0.0	0.0	0.0	0.0	0.0	0.0	0.0	0.0	0.0	
0.00033  2250.0  2500.0  0.0	0.0	2e-05	0.0	0.0	0.0	0.0	2e-05	0.0	2e-05	0.0	2e-05	2e-05	4e-05	2e-05	2e-05	2e-05	2e-05	4e-05	2e-05	2e-05	2e-05	2e-05	2e-05	0.0	4e-05	4e-05	4e-05	8e-05	0.00016	2e-05	6e-05	0.0	2e-05	8e-05	6e-05	4e-05	0.00012	0.00014	0.00012	0.00014	0.00014	0.00022	0.00032	0.00022	0.00028	0.00038	0.0003	0.00052	0.00066	0.00052	0.00068	0.00094	0.00158	0.00198	0.00732	0.10496	0.15954	0.12342	0.0594	0.0	0.0	0.0	0.0	0.0	0.0	0.0	0.0	0.0	0.0	0.0	0.0	0.0	0.0	0.0	0.0	0.0	0.0	0.0	0.0	0.0	0.0	0.0	0.0	0.0	0.0	0.0	0.0	0.0	0.0	0.0	0.0	0.0	0.0	0.0	0.0	0.0	0.0	0.0	
0.00016  2500.0  2750.0  0.0	0.0	0.0	0.0	0.0	0.0	0.0	2e-05	0.0	0.0	0.0	2e-05	0.0	0.0	0.0	0.0	2e-05	2e-05	0.0	0.0	4e-05	2e-05	2e-05	2e-05	0.0	2e-05	4e-05	8e-05	4e-05	2e-05	0.0001	4e-05	4e-05	8e-05	4e-05	2e-05	0.00012	4e-05	0.0001	4e-05	0.00012	0.0002	0.00014	0.00018	0.00026	0.00022	0.0002	0.0003	0.00038	0.00044	0.0004	0.00044	0.00064	0.00068	0.00084	0.00094	0.0014	0.00218	0.00594	0.08602	0.16318	0.12748	0.0764	0.0	0.0	0.0	0.0	0.0	0.0	0.0	0.0	0.0	0.0	0.0	0.0	0.0	0.0	0.0	0.0	0.0	0.0	0.0	0.0	0.0	0.0	0.0	0.0	0.0	0.0	0.0	0.0	0.0	0.0	0.0	0.0	0.0	0.0	0.0	0.0	
8e-05  2750.0  3000.0  0.0	0.0	0.0	0.0	0.0	2e-05	0.0	2e-05	0.0	0.0	0.0	0.0	2e-05	0.0	2e-05	0.0	6e-05	0.0	2e-05	2e-05	0.0	0.0	2e-05	0.0	0.0	0.0	2e-05	2e-05	4e-05	2e-05	2e-05	4e-05	6e-05	6e-05	4e-05	4e-05	8e-05	8e-05	6e-05	8e-05	0.00012	8e-05	0.0002	0.00014	0.0001	4e-05	0.0001	0.00018	0.00028	0.0003	0.0003	0.00036	0.00036	0.0006	0.00054	0.00074	0.00074	0.00068	0.00126	0.00122	0.00196	0.00604	0.06358	0.16922	0.13418	0.08798	8e-05	0.0	0.0	0.0	0.0	0.0	0.0	0.0	0.0	0.0	0.0	0.0	0.0	0.0	0.0	0.0	0.0	0.0	0.0	0.0	0.0	0.0	0.0	0.0	0.0	0.0	0.0	0.0	0.0	0.0	0.0	0.0	0.0	
6e-05  3000.0  3500.0  0.0	0.0	0.0	0.0	0.0	0.0	0.0	0.0	0.0	4e-05	0.0	0.0	0.0	2e-05	4e-05	2e-05	0.0	2e-05	0.0	4e-05	2e-05	2e-05	4e-05	4e-05	2e-05	0.0	6e-05	0.0	8e-05	4e-05	0.0001	4e-05	4e-05	6e-05	4e-05	4e-05	6e-05	4e-05	2e-05	2e-05	4e-05	0.00012	0.0001	0.00018	6e-05	0.00012	0.00016	6e-05	0.00014	0.0001	0.00028	0.00018	0.0001	0.00026	0.00028	0.0003	0.0004	0.00042	0.00062	0.00044	0.00078	0.00098	0.00088	0.00148	0.00466	0.02782	0.11448	0.09316	0.07514	0.05884	0.04826	0.03704	0.00412	0.0	0.0	0.0	0.0	0.0	0.0	0.0	0.0	0.0	0.0	0.0	0.0	0.0	0.0	0.0	0.0	0.0	0.0	0.0	0.0	0.0	0.0	0.0	0.0	0.0	0.0	
1e-05  3500.0  4000.0  2e-05	0.0	0.0	4e-05	2e-05	0.0	0.0	0.0	0.0	2e-05	0.0	0.0	0.0	0.0	2e-05	0.0	0.0	0.0	0.0	0.0	4e-05	0.0	0.0	2e-05	0.0	0.0	6e-05	0.0	0.0	2e-05	6e-05	0.0	0.0	4e-05	0.0	4e-05	4e-05	6e-05	0.0	2e-05	4e-05	8e-05	0.0001	4e-05	8e-05	8e-05	0.00014	8e-05	4e-05	0.00012	6e-05	0.00014	0.0002	0.0002	0.0001	0.0003	0.00028	0.00034	0.00026	0.00016	0.00026	0.00032	0.00042	0.0005	0.00044	0.00074	0.0007	0.0008	0.00122	0.00176	0.00398	0.01146	0.10816	0.0978	0.07822	0.06214	0.05212	0.0398	0.01172	0.0	0.0	0.0	0.0	0.0	0.0	0.0	0.0	0.0	0.0	0.0	0.0	0.0	0.0	0.0	0.0	0.0	0.0	0.0	0.0	
0.0  4000.0  15000.0  0.0	2e-05	0.0	0.0	2e-05	0.0	2e-05	2e-05	0.0	0.0	0.0	0.0	0.0	0.0	2e-05	0.0	0.0	4e-05	0.0	2e-05	2e-05	2e-05	0.0	2e-05	0.0	0.0	0.0	2e-05	0.0	2e-05	2e-05	0.0	4e-05	2e-05	0.0	2e-05	2e-05	2e-05	4e-05	4e-05	4e-05	0.0	6e-05	0.0001	0.0	6e-05	6e-05	8e-05	0.0001	6e-05	4e-05	6e-05	8e-05	0.00014	0.0001	0.00014	0.00012	0.0001	0.00016	0.00014	0.0002	0.00016	0.0002	0.00024	0.00034	0.00028	0.00036	0.00026	0.00026	0.00044	0.0006	0.00064	0.00058	0.00078	0.00076	0.00134	0.00286	0.006	0.07738	0.08234	0.06626	0.0513	0.03868	0.0294	0.0244	0.01886	0.01416	0.01078	0.00828	0.0073	0.00552	0.00406	0.0034	0.00304	0.0023	0.00198	0.00156	0.00132	0.00086	
