#===============
# ll~ : ee
# qq~ : uc~
# FF  : dipole
# XY  : LL LR RL RR
# coef : 0 0
# type : Z*Z
# Nevs : 50000
#===============
#
# XSEC	BIN_MIN	BIN_MAX 	 Kij 
#
3.1016  200.0  300.0  0.00032	0.00046	0.00064	0.0007	0.00524	0.08518	0.06772	0.0555	0.04716	0.0351	0.00084	0.0	0.0	0.0	0.0	0.0	0.0	0.0	0.0	0.0	0.0	0.0	0.0	0.0	0.0	0.0	0.0	0.0	0.0	0.0	0.0	0.0	0.0	0.0	0.0	0.0	0.0	0.0	0.0	0.0	0.0	0.0	0.0	0.0	0.0	0.0	0.0	0.0	0.0	0.0	0.0	0.0	0.0	0.0	0.0	0.0	0.0	0.0	0.0	0.0	0.0	0.0	0.0	0.0	0.0	0.0	0.0	0.0	0.0	0.0	0.0	0.0	0.0	0.0	0.0	0.0	0.0	0.0	0.0	0.0	0.0	0.0	0.0	0.0	0.0	0.0	0.0	0.0	0.0	0.0	0.0	0.0	0.0	0.0	0.0	0.0	0.0	0.0	0.0	
1.18284  300.0  400.0  8e-05	0.00012	0.00018	0.00016	0.00018	0.00044	0.00076	0.00074	0.00124	0.0082	0.08556	0.07794	0.06694	0.05858	0.04578	0.00118	0.0	0.0	0.0	0.0	0.0	0.0	0.0	0.0	0.0	0.0	0.0	0.0	0.0	0.0	0.0	0.0	0.0	0.0	0.0	0.0	0.0	0.0	0.0	0.0	0.0	0.0	0.0	0.0	0.0	0.0	0.0	0.0	0.0	0.0	0.0	0.0	0.0	0.0	0.0	0.0	0.0	0.0	0.0	0.0	0.0	0.0	0.0	0.0	0.0	0.0	0.0	0.0	0.0	0.0	0.0	0.0	0.0	0.0	0.0	0.0	0.0	0.0	0.0	0.0	0.0	0.0	0.0	0.0	0.0	0.0	0.0	0.0	0.0	0.0	0.0	0.0	0.0	0.0	0.0	0.0	0.0	0.0	0.0	
0.59474  400.0  500.0  4e-05	0.0	6e-05	8e-05	8e-05	0.00014	0.00018	0.00014	0.00028	0.00046	0.00056	0.00066	0.001	0.00166	0.00998	0.09016	0.0825	0.07334	0.06506	0.0517	0.00146	0.0	0.0	0.0	0.0	0.0	0.0	0.0	0.0	0.0	0.0	0.0	0.0	0.0	0.0	0.0	0.0	0.0	0.0	0.0	0.0	0.0	0.0	0.0	0.0	0.0	0.0	0.0	0.0	0.0	0.0	0.0	0.0	0.0	0.0	0.0	0.0	0.0	0.0	0.0	0.0	0.0	0.0	0.0	0.0	0.0	0.0	0.0	0.0	0.0	0.0	0.0	0.0	0.0	0.0	0.0	0.0	0.0	0.0	0.0	0.0	0.0	0.0	0.0	0.0	0.0	0.0	0.0	0.0	0.0	0.0	0.0	0.0	0.0	0.0	0.0	0.0	0.0	0.0	
0.34052  500.0  600.0  0.0	2e-05	2e-05	8e-05	6e-05	6e-05	0.0001	0.00024	0.00026	0.00016	0.0002	0.00016	0.00028	0.00034	0.0005	0.00056	0.00102	0.00098	0.00192	0.0108	0.09066	0.08346	0.07582	0.06638	0.05676	0.0023	0.0	0.0	0.0	0.0	0.0	0.0	0.0	0.0	0.0	0.0	0.0	0.0	0.0	0.0	0.0	0.0	0.0	0.0	0.0	0.0	0.0	0.0	0.0	0.0	0.0	0.0	0.0	0.0	0.0	0.0	0.0	0.0	0.0	0.0	0.0	0.0	0.0	0.0	0.0	0.0	0.0	0.0	0.0	0.0	0.0	0.0	0.0	0.0	0.0	0.0	0.0	0.0	0.0	0.0	0.0	0.0	0.0	0.0	0.0	0.0	0.0	0.0	0.0	0.0	0.0	0.0	0.0	0.0	0.0	0.0	0.0	0.0	0.0	
0.21106  600.0  700.0  2e-05	2e-05	2e-05	2e-05	6e-05	6e-05	0.00012	0.00012	4e-05	8e-05	0.00026	0.0002	0.00016	0.0003	0.0001	0.0003	0.00042	0.00034	0.0007	0.00066	0.00072	0.00106	0.0012	0.0026	0.01244	0.13244	0.12142	0.104	0.0286	0.0	0.0	0.0	0.0	0.0	0.0	0.0	0.0	0.0	0.0	0.0	0.0	0.0	0.0	0.0	0.0	0.0	0.0	0.0	0.0	0.0	0.0	0.0	0.0	0.0	0.0	0.0	0.0	0.0	0.0	0.0	0.0	0.0	0.0	0.0	0.0	0.0	0.0	0.0	0.0	0.0	0.0	0.0	0.0	0.0	0.0	0.0	0.0	0.0	0.0	0.0	0.0	0.0	0.0	0.0	0.0	0.0	0.0	0.0	0.0	0.0	0.0	0.0	0.0	0.0	0.0	0.0	0.0	0.0	0.0	
0.13793  700.0  800.0  0.0	2e-05	0.0	2e-05	2e-05	2e-05	8e-05	4e-05	6e-05	4e-05	0.00016	4e-05	0.00012	8e-05	0.00012	0.0002	0.0002	0.00024	6e-05	0.00022	0.00028	0.0005	0.00032	0.00042	0.00052	0.00112	0.00176	0.0063	0.09932	0.12762	0.11054	0.06036	0.0	0.0	0.0	0.0	0.0	0.0	0.0	0.0	0.0	0.0	0.0	0.0	0.0	0.0	0.0	0.0	0.0	0.0	0.0	0.0	0.0	0.0	0.0	0.0	0.0	0.0	0.0	0.0	0.0	0.0	0.0	0.0	0.0	0.0	0.0	0.0	0.0	0.0	0.0	0.0	0.0	0.0	0.0	0.0	0.0	0.0	0.0	0.0	0.0	0.0	0.0	0.0	0.0	0.0	0.0	0.0	0.0	0.0	0.0	0.0	0.0	0.0	0.0	0.0	0.0	0.0	0.0	
0.09371  800.0  900.0  0.0	0.0	2e-05	0.0	0.0	4e-05	0.0	8e-05	2e-05	0.00014	0.0001	8e-05	0.00016	0.00014	0.00014	0.00014	0.00022	0.0002	0.0002	0.0002	0.00018	0.0002	0.0003	0.00032	0.00036	0.00054	0.00062	0.00096	0.0013	0.00166	0.00362	0.05702	0.13572	0.11664	0.09358	0.00312	0.0	0.0	0.0	0.0	0.0	0.0	0.0	0.0	0.0	0.0	0.0	0.0	0.0	0.0	0.0	0.0	0.0	0.0	0.0	0.0	0.0	0.0	0.0	0.0	0.0	0.0	0.0	0.0	0.0	0.0	0.0	0.0	0.0	0.0	0.0	0.0	0.0	0.0	0.0	0.0	0.0	0.0	0.0	0.0	0.0	0.0	0.0	0.0	0.0	0.0	0.0	0.0	0.0	0.0	0.0	0.0	0.0	0.0	0.0	0.0	0.0	0.0	0.0	
0.06553  900.0  1000.0  0.0	2e-05	2e-05	2e-05	4e-05	2e-05	2e-05	4e-05	4e-05	2e-05	4e-05	8e-05	8e-05	0.00012	8e-05	0.00014	0.0001	0.00012	0.00014	0.00014	0.00022	0.00012	0.00014	0.00022	0.0002	0.00038	0.00038	0.0006	0.00052	0.00082	0.00066	0.00106	0.00152	0.00318	0.01776	0.21734	0.1737	0.0036	0.0	0.0	0.0	0.0	0.0	0.0	0.0	0.0	0.0	0.0	0.0	0.0	0.0	0.0	0.0	0.0	0.0	0.0	0.0	0.0	0.0	0.0	0.0	0.0	0.0	0.0	0.0	0.0	0.0	0.0	0.0	0.0	0.0	0.0	0.0	0.0	0.0	0.0	0.0	0.0	0.0	0.0	0.0	0.0	0.0	0.0	0.0	0.0	0.0	0.0	0.0	0.0	0.0	0.0	0.0	0.0	0.0	0.0	0.0	0.0	0.0	
0.08123  1000.0  1200.0  2e-05	0.0	0.0	2e-05	0.0	0.0	2e-05	2e-05	2e-05	0.0	0.00012	8e-05	4e-05	0.00012	8e-05	0.0	6e-05	0.0001	2e-05	8e-05	0.00016	0.0	2e-05	0.00024	0.0001	4e-05	0.00018	0.00022	0.00038	0.00028	0.00034	0.00034	0.00042	0.00048	0.00064	0.00236	0.01248	0.12636	0.10798	0.08998	0.07438	0.00142	0.0	0.0	0.0	0.0	0.0	0.0	0.0	0.0	0.0	0.0	0.0	0.0	0.0	0.0	0.0	0.0	0.0	0.0	0.0	0.0	0.0	0.0	0.0	0.0	0.0	0.0	0.0	0.0	0.0	0.0	0.0	0.0	0.0	0.0	0.0	0.0	0.0	0.0	0.0	0.0	0.0	0.0	0.0	0.0	0.0	0.0	0.0	0.0	0.0	0.0	0.0	0.0	0.0	0.0	0.0	0.0	0.0	
0.04445  1200.0  1400.0  0.0	0.0	0.0	2e-05	2e-05	0.0	0.0	4e-05	0.0	4e-05	4e-05	8e-05	2e-05	0.0	4e-05	0.00014	6e-05	0.0	0.0001	4e-05	6e-05	4e-05	4e-05	0.00012	4e-05	0.00014	0.00014	0.0	0.00016	0.00022	0.00038	0.00016	0.00028	0.00026	0.0005	0.0005	0.00094	0.00096	0.00116	0.00196	0.01348	0.12288	0.12894	0.1075	0.04362	0.0	0.0	0.0	0.0	0.0	0.0	0.0	0.0	0.0	0.0	0.0	0.0	0.0	0.0	0.0	0.0	0.0	0.0	0.0	0.0	0.0	0.0	0.0	0.0	0.0	0.0	0.0	0.0	0.0	0.0	0.0	0.0	0.0	0.0	0.0	0.0	0.0	0.0	0.0	0.0	0.0	0.0	0.0	0.0	0.0	0.0	0.0	0.0	0.0	0.0	0.0	0.0	0.0	0.0	
0.02558  1400.0  1600.0  2e-05	0.0	0.0	0.0	2e-05	2e-05	2e-05	0.0	0.0	2e-05	2e-05	0.0	0.0	2e-05	2e-05	8e-05	6e-05	2e-05	4e-05	4e-05	0.0	2e-05	6e-05	4e-05	4e-05	0.00014	0.00012	8e-05	0.0002	0.0001	0.00014	8e-05	0.00012	0.00012	0.0002	0.00036	0.00042	0.0005	0.0008	0.00058	0.0008	0.00114	0.00178	0.00516	0.08638	0.13716	0.11544	0.07716	0.0	0.0	0.0	0.0	0.0	0.0	0.0	0.0	0.0	0.0	0.0	0.0	0.0	0.0	0.0	0.0	0.0	0.0	0.0	0.0	0.0	0.0	0.0	0.0	0.0	0.0	0.0	0.0	0.0	0.0	0.0	0.0	0.0	0.0	0.0	0.0	0.0	0.0	0.0	0.0	0.0	0.0	0.0	0.0	0.0	0.0	0.0	0.0	0.0	0.0	0.0	
None	None	None	None	None	None	None	None	None	None	None	None	None	None	None	None	None	None	None	None	
0.00939  1800.0  2000.0  0.0	2e-05	0.0	0.0	2e-05	2e-05	0.0	0.0	0.0	0.0	2e-05	2e-05	6e-05	0.0	4e-05	6e-05	6e-05	2e-05	0.0	2e-05	4e-05	4e-05	8e-05	4e-05	8e-05	0.0001	4e-05	2e-05	0.00012	0.00018	0.0001	8e-05	0.0001	0.0001	6e-05	0.00026	0.00022	0.00016	0.00024	0.00016	0.00032	0.0004	0.00056	0.00028	0.00074	0.00058	0.00086	0.00106	0.00188	0.00458	0.06522	0.16454	0.15312	0.0454	0.0	0.0	0.0	0.0	0.0	0.0	0.0	0.0	0.0	0.0	0.0	0.0	0.0	0.0	0.0	0.0	0.0	0.0	0.0	0.0	0.0	0.0	0.0	0.0	0.0	0.0	0.0	0.0	0.0	0.0	0.0	0.0	0.0	0.0	0.0	0.0	0.0	0.0	0.0	0.0	0.0	0.0	0.0	0.0	0.0	
0.00701  2000.0  2250.0  0.0	0.0	0.0	2e-05	2e-05	2e-05	2e-05	0.0	0.0	0.0	0.0	0.0	2e-05	2e-05	4e-05	2e-05	2e-05	2e-05	6e-05	0.0	2e-05	0.0	0.0	8e-05	2e-05	2e-05	2e-05	6e-05	2e-05	4e-05	0.0	8e-05	8e-05	4e-05	0.00014	0.00012	0.00018	0.0002	0.0001	0.00014	0.00014	0.00022	0.0002	0.00022	0.0003	0.00046	0.00038	0.0006	0.00106	0.00078	0.00136	0.00158	0.00698	0.11742	0.1451	0.11944	0.04746	0.0	0.0	0.0	0.0	0.0	0.0	0.0	0.0	0.0	0.0	0.0	0.0	0.0	0.0	0.0	0.0	0.0	0.0	0.0	0.0	0.0	0.0	0.0	0.0	0.0	0.0	0.0	0.0	0.0	0.0	0.0	0.0	0.0	0.0	0.0	0.0	0.0	0.0	0.0	0.0	0.0	0.0	
0.00403  2250.0  2500.0  0.0	0.0	0.0	0.0	0.0	0.0	0.0	0.0	2e-05	0.0	0.0	4e-05	0.0	0.0	4e-05	0.0	0.0	2e-05	4e-05	0.0	4e-05	6e-05	2e-05	2e-05	0.0	0.0001	2e-05	8e-05	0.0001	4e-05	0.0001	6e-05	0.0	6e-05	8e-05	0.0001	0.0001	0.00014	0.0001	8e-05	0.00016	0.0001	0.00026	0.00012	0.0003	0.00022	0.00018	0.00026	0.00058	0.00064	0.0007	0.00084	0.00114	0.00142	0.00186	0.0064	0.09528	0.1533	0.12554	0.06154	0.0	0.0	0.0	0.0	0.0	0.0	0.0	0.0	0.0	0.0	0.0	0.0	0.0	0.0	0.0	0.0	0.0	0.0	0.0	0.0	0.0	0.0	0.0	0.0	0.0	0.0	0.0	0.0	0.0	0.0	0.0	0.0	0.0	0.0	0.0	0.0	0.0	0.0	0.0	
0.00237  2500.0  2750.0  2e-05	2e-05	0.0	0.0	0.0	0.0	2e-05	2e-05	0.0	0.0	0.0	2e-05	0.0	0.0	0.0	0.0	0.0	0.0	2e-05	6e-05	0.0	2e-05	4e-05	0.0	2e-05	2e-05	4e-05	6e-05	6e-05	8e-05	6e-05	0.0001	6e-05	8e-05	4e-05	0.0001	4e-05	2e-05	0.00012	0.0001	0.00016	4e-05	0.00022	0.00024	0.00022	0.0002	0.0003	0.00014	0.00046	0.00042	0.00034	0.00046	0.0006	0.0006	0.001	0.00092	0.00114	0.00188	0.006	0.07824	0.15382	0.1279	0.07926	0.0	0.0	0.0	0.0	0.0	0.0	0.0	0.0	0.0	0.0	0.0	0.0	0.0	0.0	0.0	0.0	0.0	0.0	0.0	0.0	0.0	0.0	0.0	0.0	0.0	0.0	0.0	0.0	0.0	0.0	0.0	0.0	0.0	0.0	0.0	0.0	
0.00141  2750.0  3000.0  0.0	0.0	0.0	0.0	0.0	2e-05	2e-05	0.0	0.0	0.0	0.0	2e-05	0.0	2e-05	2e-05	4e-05	2e-05	4e-05	0.0	2e-05	0.0	0.0	2e-05	4e-05	2e-05	4e-05	2e-05	2e-05	0.0	2e-05	8e-05	0.0	8e-05	0.0	8e-05	4e-05	0.00012	0.00012	0.00018	4e-05	0.00022	0.00018	0.00018	8e-05	0.00016	0.0003	0.00014	0.0002	0.00024	0.00014	0.00012	0.00018	0.0004	0.00044	0.0006	0.00064	0.00066	0.00106	0.00104	0.00148	0.00244	0.00596	0.05806	0.1576	0.13476	0.09266	0.0001	0.0	0.0	0.0	0.0	0.0	0.0	0.0	0.0	0.0	0.0	0.0	0.0	0.0	0.0	0.0	0.0	0.0	0.0	0.0	0.0	0.0	0.0	0.0	0.0	0.0	0.0	0.0	0.0	0.0	0.0	0.0	0.0	
0.00138  3000.0  3500.0  0.0	0.0	0.0	0.0	0.0	0.0	0.0	0.0	0.0	2e-05	2e-05	0.0	0.0	0.0	0.0	2e-05	2e-05	0.0	0.0	0.0	2e-05	0.0	0.0	0.0	4e-05	2e-05	0.0	6e-05	2e-05	4e-05	4e-05	4e-05	0.0	2e-05	2e-05	8e-05	6e-05	8e-05	4e-05	6e-05	6e-05	8e-05	0.00014	6e-05	0.0001	8e-05	4e-05	0.0001	0.00014	0.00018	0.00016	0.00036	0.00034	0.00014	0.00034	0.00044	0.0003	0.0004	0.00052	0.0006	0.00076	0.00104	0.00102	0.0015	0.00406	0.0241	0.0997	0.08786	0.07318	0.0637	0.053	0.04218	0.00416	0.0	0.0	0.0	0.0	0.0	0.0	0.0	0.0	0.0	0.0	0.0	0.0	0.0	0.0	0.0	0.0	0.0	0.0	0.0	0.0	0.0	0.0	0.0	0.0	0.0	0.0	
0.00052  3500.0  4000.0  0.0	0.0	0.0	2e-05	0.0	2e-05	0.0	2e-05	0.0	0.0	2e-05	2e-05	0.0	0.0	0.0	0.0	2e-05	0.0	2e-05	4e-05	0.0	0.0	2e-05	0.0	0.0	2e-05	0.0	0.0	0.0	4e-05	2e-05	2e-05	0.0	4e-05	4e-05	8e-05	2e-05	8e-05	0.0	4e-05	2e-05	4e-05	0.0001	0.0	0.00014	4e-05	6e-05	0.00014	0.0001	0.00018	0.00016	0.0001	0.00022	8e-05	0.0001	0.00014	0.00024	0.00028	0.00028	0.00024	0.00026	0.00032	0.0003	0.0005	0.00048	0.0007	0.00094	0.00112	0.00134	0.00142	0.00368	0.00952	0.09352	0.09236	0.07898	0.06752	0.0566	0.04736	0.0148	0.0	0.0	0.0	0.0	0.0	0.0	0.0	0.0	0.0	0.0	0.0	0.0	0.0	0.0	0.0	0.0	0.0	0.0	0.0	0.0	
0.00032  4000.0  15000.0  0.0	0.0	0.0	2e-05	0.0	0.0	0.0	0.0	0.0	0.0	0.0	0.0	0.0	0.0	2e-05	0.0	0.0	0.0	0.0	2e-05	2e-05	2e-05	0.0	0.0	0.0	0.0	2e-05	2e-05	0.0	2e-05	2e-05	4e-05	0.0	2e-05	6e-05	6e-05	2e-05	2e-05	4e-05	4e-05	8e-05	8e-05	6e-05	4e-05	8e-05	0.0001	4e-05	0.0001	8e-05	8e-05	8e-05	4e-05	0.0001	0.0001	0.00014	0.00014	0.00016	0.0001	0.0001	0.00018	0.0003	0.00016	0.00012	0.00024	0.00018	0.00016	0.00028	0.00026	0.00028	0.00034	0.0005	0.0005	0.00062	0.00086	0.00086	0.00114	0.00216	0.0049	0.06186	0.07074	0.0577	0.04624	0.0385	0.03172	0.02806	0.02194	0.01928	0.01594	0.01188	0.0097	0.0089	0.00734	0.00594	0.00472	0.00364	0.00332	0.00244	0.00224	0.00186	
