#===============
# ll~ : ee
# qq~ : db~
# FF  : dipole
# XY  : LL LR RL RR
# coef : 0 0
# type : A*A
# Nevs : 50000
#===============
#
# XSEC	BIN_MIN	BIN_MAX 	 Kij 
#
9.8268  200.0  300.0  0.00032	0.00044	0.00064	0.00098	0.00584	0.0883	0.07652	0.06832	0.0563	0.04464	0.00094	0.0	0.0	0.0	0.0	0.0	0.0	0.0	0.0	0.0	0.0	0.0	0.0	0.0	0.0	0.0	0.0	0.0	0.0	0.0	0.0	0.0	0.0	0.0	0.0	0.0	0.0	0.0	0.0	0.0	0.0	0.0	0.0	0.0	0.0	0.0	0.0	0.0	0.0	0.0	0.0	0.0	0.0	0.0	0.0	0.0	0.0	0.0	0.0	0.0	0.0	0.0	0.0	0.0	0.0	0.0	0.0	0.0	0.0	0.0	0.0	0.0	0.0	0.0	0.0	0.0	0.0	0.0	0.0	0.0	0.0	0.0	0.0	0.0	0.0	0.0	0.0	0.0	0.0	0.0	0.0	0.0	0.0	0.0	0.0	0.0	0.0	0.0	0.0	
4.214  300.0  400.0  8e-05	8e-05	0.0001	0.00018	0.0001	0.0006	0.00054	0.00108	0.00114	0.00872	0.09654	0.08906	0.07392	0.06568	0.05422	0.00146	0.0	2e-05	0.0	0.0	0.0	0.0	0.0	0.0	0.0	0.0	0.0	0.0	0.0	0.0	0.0	0.0	0.0	0.0	0.0	0.0	0.0	0.0	0.0	0.0	0.0	0.0	0.0	0.0	0.0	0.0	0.0	0.0	0.0	0.0	0.0	0.0	0.0	0.0	0.0	0.0	0.0	0.0	0.0	0.0	0.0	0.0	0.0	0.0	0.0	0.0	0.0	0.0	0.0	0.0	0.0	0.0	0.0	0.0	0.0	0.0	0.0	0.0	0.0	0.0	0.0	0.0	0.0	0.0	0.0	0.0	0.0	0.0	0.0	0.0	0.0	0.0	0.0	0.0	0.0	0.0	0.0	0.0	0.0	
2.145  400.0  500.0  4e-05	4e-05	4e-05	0.0001	0.00012	0.00022	0.00022	0.00044	0.00036	0.00034	0.0006	0.00084	0.0012	0.00164	0.01078	0.09966	0.09284	0.08066	0.0704	0.05674	0.00208	0.0	0.0	0.0	0.0	0.0	0.0	0.0	0.0	0.0	0.0	0.0	0.0	0.0	0.0	0.0	0.0	0.0	0.0	0.0	0.0	0.0	0.0	0.0	0.0	0.0	0.0	0.0	0.0	0.0	0.0	0.0	0.0	0.0	0.0	0.0	0.0	0.0	0.0	0.0	0.0	0.0	0.0	0.0	0.0	0.0	0.0	0.0	0.0	0.0	0.0	0.0	0.0	0.0	0.0	0.0	0.0	0.0	0.0	0.0	0.0	0.0	0.0	0.0	0.0	0.0	0.0	0.0	0.0	0.0	0.0	0.0	0.0	0.0	0.0	0.0	0.0	0.0	0.0	
1.21318  500.0  600.0  0.0001	2e-05	2e-05	6e-05	2e-05	8e-05	0.0001	0.00026	0.00018	0.0001	0.00028	0.00036	0.00058	0.00056	0.00078	0.00072	0.00114	0.00148	0.00224	0.01274	0.09844	0.09016	0.08138	0.07362	0.05874	0.00262	0.0	0.0	0.0	0.0	0.0	0.0	0.0	0.0	0.0	0.0	0.0	0.0	0.0	0.0	0.0	0.0	0.0	0.0	0.0	0.0	0.0	0.0	0.0	0.0	0.0	0.0	0.0	0.0	0.0	0.0	0.0	0.0	0.0	0.0	0.0	0.0	0.0	0.0	0.0	0.0	0.0	0.0	0.0	0.0	0.0	0.0	0.0	0.0	0.0	0.0	0.0	0.0	0.0	0.0	0.0	0.0	0.0	0.0	0.0	0.0	0.0	0.0	0.0	0.0	0.0	0.0	0.0	0.0	0.0	0.0	0.0	0.0	0.0	
0.73548  600.0  700.0  0.0	4e-05	0.0	2e-05	0.0001	6e-05	0.00016	0.00014	8e-05	0.00016	0.00026	0.00028	0.00016	0.00026	0.00022	0.00024	0.00026	0.00036	0.00046	0.00054	0.0006	0.00098	0.00152	0.0026	0.0131	0.144	0.12706	0.1089	0.02994	0.0	0.0	0.0	0.0	0.0	0.0	0.0	0.0	0.0	0.0	0.0	0.0	0.0	0.0	0.0	0.0	0.0	0.0	0.0	0.0	0.0	0.0	0.0	0.0	0.0	0.0	0.0	0.0	0.0	0.0	0.0	0.0	0.0	0.0	0.0	0.0	0.0	0.0	0.0	0.0	0.0	0.0	0.0	0.0	0.0	0.0	0.0	0.0	0.0	0.0	0.0	0.0	0.0	0.0	0.0	0.0	0.0	0.0	0.0	0.0	0.0	0.0	0.0	0.0	0.0	0.0	0.0	0.0	0.0	0.0	
0.46852  700.0  800.0  0.0	0.0	0.0	2e-05	0.0	6e-05	2e-05	0.00014	0.0001	6e-05	0.0002	0.0002	8e-05	0.00022	0.00024	0.0003	0.00014	0.00024	0.00024	0.0004	0.00056	0.0004	0.00046	0.0005	0.00066	0.00108	0.00196	0.00648	0.1085	0.1359	0.11434	0.06316	0.0	0.0	0.0	0.0	0.0	0.0	0.0	0.0	0.0	0.0	0.0	0.0	0.0	0.0	0.0	0.0	0.0	0.0	0.0	0.0	0.0	0.0	0.0	0.0	0.0	0.0	0.0	0.0	0.0	0.0	0.0	0.0	0.0	0.0	0.0	0.0	0.0	0.0	0.0	0.0	0.0	0.0	0.0	0.0	0.0	0.0	0.0	0.0	0.0	0.0	0.0	0.0	0.0	0.0	0.0	0.0	0.0	0.0	0.0	0.0	0.0	0.0	0.0	0.0	0.0	0.0	0.0	
0.30942  800.0  900.0  2e-05	0.0	2e-05	6e-05	0.0	4e-05	6e-05	0.00012	0.0001	6e-05	0.00012	4e-05	0.00012	0.00014	0.00012	0.00012	0.00012	0.00016	0.00024	0.00028	0.00012	0.00022	0.00032	0.00034	0.00024	0.00064	0.00066	0.00088	0.0015	0.00182	0.0045	0.06196	0.14182	0.11986	0.10026	0.00314	0.0	0.0	0.0	0.0	0.0	0.0	0.0	0.0	0.0	0.0	0.0	0.0	0.0	0.0	0.0	0.0	0.0	0.0	0.0	0.0	0.0	0.0	0.0	0.0	0.0	0.0	0.0	0.0	0.0	0.0	0.0	0.0	0.0	0.0	0.0	0.0	0.0	0.0	0.0	0.0	0.0	0.0	0.0	0.0	0.0	0.0	0.0	0.0	0.0	0.0	0.0	0.0	0.0	0.0	0.0	0.0	0.0	0.0	0.0	0.0	0.0	0.0	0.0	
0.2112  900.0  1000.0  0.0	0.0	2e-05	0.0	0.0	4e-05	0.0	4e-05	4e-05	8e-05	0.00014	8e-05	2e-05	0.0001	4e-05	0.0001	0.00014	0.0002	6e-05	0.00016	0.00018	0.0003	0.00012	0.00014	0.00018	0.00048	0.00026	0.0006	0.00048	0.0008	0.00086	0.00134	0.00138	0.00382	0.01806	0.22548	0.17978	0.0043	0.0	0.0	0.0	0.0	0.0	0.0	0.0	0.0	0.0	0.0	0.0	0.0	0.0	0.0	0.0	0.0	0.0	0.0	0.0	0.0	0.0	0.0	0.0	0.0	0.0	0.0	0.0	0.0	0.0	0.0	0.0	0.0	0.0	0.0	0.0	0.0	0.0	0.0	0.0	0.0	0.0	0.0	0.0	0.0	0.0	0.0	0.0	0.0	0.0	0.0	0.0	0.0	0.0	0.0	0.0	0.0	0.0	0.0	0.0	0.0	0.0	
0.25246  1000.0  1200.0  0.0	0.0	6e-05	0.0	0.0	2e-05	0.0	0.0	2e-05	6e-05	8e-05	6e-05	4e-05	0.00012	0.0001	8e-05	0.0001	0.00014	0.0001	0.0001	6e-05	0.0001	8e-05	0.00012	0.00022	0.00028	0.00026	0.00044	0.00042	0.00036	0.0006	0.00044	0.0006	0.00076	0.0007	0.00178	0.0137	0.13158	0.11612	0.09404	0.07344	0.00152	0.0	0.0	0.0	0.0	0.0	0.0	0.0	0.0	0.0	0.0	0.0	0.0	0.0	0.0	0.0	0.0	0.0	0.0	0.0	0.0	0.0	0.0	0.0	0.0	0.0	0.0	0.0	0.0	0.0	0.0	0.0	0.0	0.0	0.0	0.0	0.0	0.0	0.0	0.0	0.0	0.0	0.0	0.0	0.0	0.0	0.0	0.0	0.0	0.0	0.0	0.0	0.0	0.0	0.0	0.0	0.0	0.0	
0.13172  1200.0  1400.0  2e-05	0.0	0.0	0.0	0.0	0.0	4e-05	2e-05	0.0	0.0	6e-05	0.0001	2e-05	0.0001	2e-05	8e-05	4e-05	6e-05	0.00016	4e-05	6e-05	0.00012	0.0001	0.00014	8e-05	0.00016	0.00016	6e-05	0.00028	0.0002	0.00016	0.00024	0.00034	0.0003	0.0005	0.00072	0.0008	0.00116	0.00148	0.00246	0.01424	0.12584	0.1331	0.10786	0.0452	0.0	0.0	0.0	0.0	0.0	0.0	0.0	0.0	0.0	0.0	0.0	0.0	0.0	0.0	0.0	0.0	0.0	0.0	0.0	0.0	0.0	0.0	0.0	0.0	0.0	0.0	0.0	0.0	0.0	0.0	0.0	0.0	0.0	0.0	0.0	0.0	0.0	0.0	0.0	0.0	0.0	0.0	0.0	0.0	0.0	0.0	0.0	0.0	0.0	0.0	0.0	0.0	0.0	0.0	
None	None	None	None	None	None	None	None	None	None	None	None	None	None	None	None	None	None	None	None	
None	None	None	None	None	None	None	None	None	None	None	None	None	None	None	None	None	None	None	None	
0.02452  1800.0  2000.0  0.0	0.0	0.0	0.0	0.0	0.0	0.0	2e-05	2e-05	4e-05	0.0	0.0	2e-05	2e-05	0.0	2e-05	2e-05	2e-05	4e-05	6e-05	0.0	0.0	2e-05	6e-05	4e-05	0.0001	8e-05	0.0001	8e-05	2e-05	0.00014	0.0001	4e-05	6e-05	8e-05	0.00016	0.00018	0.00012	0.00032	0.00034	0.0002	0.00044	0.00042	0.00046	0.00056	0.0006	0.00066	0.00114	0.00186	0.0046	0.06526	0.16638	0.15174	0.04574	0.0	0.0	0.0	0.0	0.0	0.0	0.0	0.0	0.0	0.0	0.0	0.0	0.0	0.0	0.0	0.0	0.0	0.0	0.0	0.0	0.0	0.0	0.0	0.0	0.0	0.0	0.0	0.0	0.0	0.0	0.0	0.0	0.0	0.0	0.0	0.0	0.0	0.0	0.0	0.0	0.0	0.0	0.0	0.0	0.0	
0.01753  2000.0  2250.0  0.0	0.0	0.0	2e-05	0.0	2e-05	0.0	2e-05	2e-05	0.0	4e-05	0.0	0.0	0.0	2e-05	2e-05	6e-05	2e-05	4e-05	0.0	2e-05	6e-05	4e-05	2e-05	2e-05	4e-05	6e-05	8e-05	6e-05	0.0001	4e-05	0.00012	0.0001	6e-05	0.0001	0.00014	0.00014	0.00012	8e-05	0.0002	0.00018	0.00022	0.0002	0.00038	0.00028	0.00048	0.00052	0.0004	0.00084	0.00086	0.0013	0.00166	0.00754	0.1169	0.14716	0.12088	0.04694	0.0	0.0	0.0	0.0	0.0	0.0	0.0	0.0	0.0	0.0	0.0	0.0	0.0	0.0	0.0	0.0	0.0	0.0	0.0	0.0	0.0	0.0	0.0	0.0	0.0	0.0	0.0	0.0	0.0	0.0	0.0	0.0	0.0	0.0	0.0	0.0	0.0	0.0	0.0	0.0	0.0	0.0	
0.00963  2250.0  2500.0  0.0	2e-05	0.0	0.0	0.0	4e-05	2e-05	2e-05	0.0	0.0	0.0	0.0	0.0	4e-05	4e-05	2e-05	0.0	4e-05	0.0	0.0	2e-05	0.0	4e-05	2e-05	0.0	6e-05	4e-05	2e-05	6e-05	0.0	2e-05	0.0	4e-05	2e-05	4e-05	0.00012	0.0001	6e-05	0.00018	0.00014	0.00016	0.00022	0.00016	0.00022	0.00022	0.00026	0.00032	0.0003	0.00048	0.00046	0.00066	0.00086	0.00108	0.00138	0.0021	0.00614	0.0968	0.15324	0.12724	0.06332	0.0	0.0	0.0	0.0	0.0	0.0	0.0	0.0	0.0	0.0	0.0	0.0	0.0	0.0	0.0	0.0	0.0	0.0	0.0	0.0	0.0	0.0	0.0	0.0	0.0	0.0	0.0	0.0	0.0	0.0	0.0	0.0	0.0	0.0	0.0	0.0	0.0	0.0	0.0	
0.0054  2500.0  2750.0  0.0	2e-05	0.0	2e-05	2e-05	0.0	0.0	2e-05	2e-05	2e-05	4e-05	2e-05	0.0	2e-05	0.0	2e-05	0.0	2e-05	2e-05	0.0	6e-05	0.0	4e-05	0.0	0.0	2e-05	2e-05	2e-05	2e-05	4e-05	6e-05	0.0001	2e-05	6e-05	2e-05	2e-05	8e-05	0.00014	4e-05	8e-05	8e-05	0.00012	0.00012	0.00016	0.0002	8e-05	0.00032	0.00026	0.00026	0.00036	0.0002	0.00054	0.00064	0.0005	0.00074	0.00114	0.00114	0.00192	0.00614	0.07976	0.1566	0.12992	0.0778	0.0	0.0	0.0	0.0	0.0	0.0	0.0	0.0	0.0	0.0	0.0	0.0	0.0	0.0	0.0	0.0	0.0	0.0	0.0	0.0	0.0	0.0	0.0	0.0	0.0	0.0	0.0	0.0	0.0	0.0	0.0	0.0	0.0	0.0	0.0	0.0	
0.00309  2750.0  3000.0  0.0	0.0	0.0	0.0	0.0	2e-05	0.0	2e-05	0.0	0.0	4e-05	0.0	0.0	2e-05	0.0	2e-05	2e-05	0.0	0.0	2e-05	4e-05	6e-05	0.0	2e-05	2e-05	4e-05	2e-05	6e-05	2e-05	0.0	2e-05	6e-05	0.0001	6e-05	0.0	4e-05	0.00012	0.0001	8e-05	0.0001	4e-05	8e-05	0.00018	6e-05	0.00016	6e-05	6e-05	0.00016	0.00014	0.00026	0.00028	0.00028	0.00034	0.00048	0.00038	0.00044	0.0008	0.0009	0.00094	0.0014	0.00176	0.00568	0.06014	0.16092	0.13416	0.09144	0.00026	0.0	0.0	0.0	0.0	0.0	0.0	0.0	0.0	0.0	0.0	0.0	0.0	0.0	0.0	0.0	0.0	0.0	0.0	0.0	0.0	0.0	0.0	0.0	0.0	0.0	0.0	0.0	0.0	0.0	0.0	0.0	0.0	
0.00283  3000.0  3500.0  0.0	0.0	0.0	2e-05	2e-05	0.0	0.0	0.0	0.0	0.0	0.0	2e-05	0.0	2e-05	0.0	0.0	2e-05	2e-05	0.0	0.0	2e-05	6e-05	0.0	0.0	2e-05	8e-05	4e-05	4e-05	2e-05	6e-05	2e-05	0.0	2e-05	4e-05	4e-05	2e-05	0.0	4e-05	8e-05	8e-05	6e-05	8e-05	0.00012	0.00012	0.00014	0.0001	6e-05	6e-05	0.00014	8e-05	0.00018	0.00022	0.00024	0.00038	0.0004	0.0002	0.00028	0.0005	0.00052	0.00068	0.00084	0.0009	0.00124	0.00186	0.00418	0.02578	0.10148	0.08948	0.07546	0.06352	0.05124	0.04276	0.00408	0.0	0.0	0.0	0.0	0.0	0.0	0.0	0.0	0.0	0.0	0.0	0.0	0.0	0.0	0.0	0.0	0.0	0.0	0.0	0.0	0.0	0.0	0.0	0.0	0.0	0.0	
0.00098  3500.0  4000.0  2e-05	2e-05	0.0	0.0	0.0	0.0	0.0	0.0	0.0	0.0	2e-05	0.0	0.0	0.0	2e-05	0.0	2e-05	0.0	0.0	0.0	0.0	0.0	2e-05	2e-05	0.0	4e-05	2e-05	4e-05	0.0	6e-05	0.0	2e-05	4e-05	2e-05	0.0	6e-05	6e-05	4e-05	4e-05	8e-05	8e-05	4e-05	0.0002	2e-05	4e-05	6e-05	0.0001	6e-05	0.00012	0.0002	0.00012	0.00014	0.00012	0.00012	6e-05	0.00032	0.00018	0.00028	0.00026	0.00036	0.00054	0.0003	0.00036	0.00046	0.00042	0.00066	0.00086	0.00092	0.00146	0.00144	0.00388	0.00976	0.09738	0.09164	0.07864	0.06636	0.05572	0.04266	0.0142	0.0	0.0	0.0	0.0	0.0	0.0	0.0	0.0	0.0	0.0	0.0	0.0	0.0	0.0	0.0	0.0	0.0	0.0	0.0	0.0	
0.00053  4000.0  15000.0  0.0	0.0	0.0	2e-05	0.0	0.0	0.0	2e-05	0.0	2e-05	0.0	0.0	0.0	0.0	4e-05	0.0	0.0	0.0	2e-05	4e-05	0.0	2e-05	0.0	0.0	2e-05	0.0	2e-05	0.0	2e-05	0.0	0.0	0.0	6e-05	2e-05	0.0	4e-05	0.00012	2e-05	0.0	4e-05	0.0	4e-05	0.00012	0.0	0.0	4e-05	2e-05	6e-05	2e-05	6e-05	2e-05	8e-05	0.00012	0.0001	0.00012	0.00016	0.00014	8e-05	0.00024	0.00016	0.00016	0.00014	0.00022	0.00024	0.00024	0.00024	0.00026	0.00016	0.00038	0.0004	0.00042	0.00056	0.0005	0.0007	0.0009	0.00116	0.00264	0.00572	0.06722	0.07292	0.06022	0.05076	0.04024	0.03258	0.02468	0.02116	0.01796	0.01434	0.01102	0.00886	0.00774	0.00606	0.00484	0.00394	0.00314	0.00228	0.0019	0.0018	0.00132	
