#===============
# ll~ : ee
# qq~ : ds~
# FF  : scalar
# XY  : LL LR RL RR
# coef : 0 0
# type : Reg*Reg
# Nevs : 50000
#===============
#
# XSEC	BIN_MIN	BIN_MAX 	 Kij 
#
65.37  200.0  300.0  0.00024	0.00042	0.0004	0.00058	0.0038	0.05968	0.06294	0.06532	0.06488	0.059	0.00142	0.0	0.0	0.0	0.0	0.0	0.0	0.0	0.0	0.0	0.0	0.0	0.0	0.0	0.0	0.0	0.0	0.0	0.0	0.0	0.0	0.0	0.0	0.0	0.0	0.0	0.0	0.0	0.0	0.0	0.0	0.0	0.0	0.0	0.0	0.0	0.0	0.0	0.0	0.0	0.0	0.0	0.0	0.0	0.0	0.0	0.0	0.0	0.0	0.0	0.0	0.0	0.0	0.0	0.0	0.0	0.0	0.0	0.0	0.0	0.0	0.0	0.0	0.0	0.0	0.0	0.0	0.0	0.0	0.0	0.0	0.0	0.0	0.0	0.0	0.0	0.0	0.0	0.0	0.0	0.0	0.0	0.0	0.0	0.0	0.0	0.0	0.0	0.0	
56.87  300.0  400.0  8e-05	0.00018	4e-05	0.00014	0.00016	0.00044	0.00042	0.00074	0.00154	0.0066	0.07222	0.07312	0.0707	0.07202	0.06192	0.00184	0.0	0.0	0.0	0.0	0.0	0.0	0.0	0.0	0.0	0.0	0.0	0.0	0.0	0.0	0.0	0.0	0.0	0.0	0.0	0.0	0.0	0.0	0.0	0.0	0.0	0.0	0.0	0.0	0.0	0.0	0.0	0.0	0.0	0.0	0.0	0.0	0.0	0.0	0.0	0.0	0.0	0.0	0.0	0.0	0.0	0.0	0.0	0.0	0.0	0.0	0.0	0.0	0.0	0.0	0.0	0.0	0.0	0.0	0.0	0.0	0.0	0.0	0.0	0.0	0.0	0.0	0.0	0.0	0.0	0.0	0.0	0.0	0.0	0.0	0.0	0.0	0.0	0.0	0.0	0.0	0.0	0.0	0.0	
49.116  400.0  500.0  2e-05	2e-05	4e-05	0.00014	0.00012	0.00016	0.00028	0.0003	0.00042	0.00048	0.00058	0.00066	0.0009	0.00124	0.00836	0.07768	0.07734	0.07596	0.0733	0.06286	0.00224	0.0	0.0	0.0	0.0	0.0	0.0	0.0	0.0	0.0	0.0	0.0	0.0	0.0	0.0	0.0	0.0	0.0	0.0	0.0	0.0	0.0	0.0	0.0	0.0	0.0	0.0	0.0	0.0	0.0	0.0	0.0	0.0	0.0	0.0	0.0	0.0	0.0	0.0	0.0	0.0	0.0	0.0	0.0	0.0	0.0	0.0	0.0	0.0	0.0	0.0	0.0	0.0	0.0	0.0	0.0	0.0	0.0	0.0	0.0	0.0	0.0	0.0	0.0	0.0	0.0	0.0	0.0	0.0	0.0	0.0	0.0	0.0	0.0	0.0	0.0	0.0	0.0	0.0	
42.306  500.0  600.0  0.0	2e-05	2e-05	4e-05	4e-05	0.0001	0.00018	8e-05	0.00014	0.0002	0.00016	0.00026	0.00032	0.00028	0.00056	0.00056	0.00076	0.00092	0.00208	0.01024	0.07778	0.07798	0.07806	0.07392	0.06482	0.0027	0.0	0.0	0.0	0.0	0.0	0.0	0.0	0.0	0.0	0.0	0.0	0.0	0.0	0.0	0.0	0.0	0.0	0.0	0.0	0.0	0.0	0.0	0.0	0.0	0.0	0.0	0.0	0.0	0.0	0.0	0.0	0.0	0.0	0.0	0.0	0.0	0.0	0.0	0.0	0.0	0.0	0.0	0.0	0.0	0.0	0.0	0.0	0.0	0.0	0.0	0.0	0.0	0.0	0.0	0.0	0.0	0.0	0.0	0.0	0.0	0.0	0.0	0.0	0.0	0.0	0.0	0.0	0.0	0.0	0.0	0.0	0.0	0.0	
36.4978  600.0  700.0  0.0	0.0	0.0	0.0	0.0	4e-05	0.0001	0.00016	0.00012	0.0001	0.00016	0.00026	0.00022	0.00026	0.00034	0.00026	0.00018	0.00038	0.00066	0.00052	0.0007	0.0011	0.0011	0.0021	0.01138	0.12062	0.11666	0.11006	0.03206	0.0	0.0	0.0	0.0	0.0	0.0	0.0	0.0	0.0	0.0	0.0	0.0	0.0	0.0	0.0	0.0	0.0	0.0	0.0	0.0	0.0	0.0	0.0	0.0	0.0	0.0	0.0	0.0	0.0	0.0	0.0	0.0	0.0	0.0	0.0	0.0	0.0	0.0	0.0	0.0	0.0	0.0	0.0	0.0	0.0	0.0	0.0	0.0	0.0	0.0	0.0	0.0	0.0	0.0	0.0	0.0	0.0	0.0	0.0	0.0	0.0	0.0	0.0	0.0	0.0	0.0	0.0	0.0	0.0	0.0	
31.4796  700.0  800.0  2e-05	2e-05	2e-05	2e-05	0.0	2e-05	0.00014	0.0001	0.00012	0.00012	4e-05	4e-05	0.00028	0.00016	0.00012	0.00022	0.00018	0.0002	0.0003	0.00022	0.00042	0.00042	0.00044	0.00058	0.00058	0.00102	0.00178	0.00574	0.08906	0.12028	0.1142	0.06924	0.0	0.0	0.0	0.0	0.0	0.0	0.0	0.0	0.0	0.0	0.0	0.0	0.0	0.0	0.0	0.0	0.0	0.0	0.0	0.0	0.0	0.0	0.0	0.0	0.0	0.0	0.0	0.0	0.0	0.0	0.0	0.0	0.0	0.0	0.0	0.0	0.0	0.0	0.0	0.0	0.0	0.0	0.0	0.0	0.0	0.0	0.0	0.0	0.0	0.0	0.0	0.0	0.0	0.0	0.0	0.0	0.0	0.0	0.0	0.0	0.0	0.0	0.0	0.0	0.0	0.0	0.0	
27.1794  800.0  900.0  2e-05	0.0	4e-05	0.0	0.0	2e-05	2e-05	6e-05	8e-05	8e-05	4e-05	0.00018	0.00016	4e-05	0.00012	0.00012	0.0002	0.00018	0.00014	0.0001	0.0002	0.00022	0.00028	0.00024	0.00028	0.00066	0.00076	0.00088	0.00086	0.00154	0.00386	0.05278	0.127	0.11538	0.10374	0.00346	0.0	0.0	0.0	0.0	0.0	0.0	0.0	0.0	0.0	0.0	0.0	0.0	0.0	0.0	0.0	0.0	0.0	0.0	0.0	0.0	0.0	0.0	0.0	0.0	0.0	0.0	0.0	0.0	0.0	0.0	0.0	0.0	0.0	0.0	0.0	0.0	0.0	0.0	0.0	0.0	0.0	0.0	0.0	0.0	0.0	0.0	0.0	0.0	0.0	0.0	0.0	0.0	0.0	0.0	0.0	0.0	0.0	0.0	0.0	0.0	0.0	0.0	0.0	
23.5008  900.0  1000.0  2e-05	0.0	0.0	0.0	2e-05	4e-05	2e-05	0.0	8e-05	0.00018	8e-05	6e-05	0.0001	0.0001	0.00016	8e-05	0.0001	0.0001	0.00012	6e-05	0.00014	0.00018	0.00024	0.00026	0.0002	0.00034	0.0004	0.00042	0.00066	0.0008	0.001	0.00126	0.0013	0.00326	0.0166	0.20608	0.17508	0.00356	0.0	0.0	0.0	0.0	0.0	0.0	0.0	0.0	0.0	0.0	0.0	0.0	0.0	0.0	0.0	0.0	0.0	0.0	0.0	0.0	0.0	0.0	0.0	0.0	0.0	0.0	0.0	0.0	0.0	0.0	0.0	0.0	0.0	0.0	0.0	0.0	0.0	0.0	0.0	0.0	0.0	0.0	0.0	0.0	0.0	0.0	0.0	0.0	0.0	0.0	0.0	0.0	0.0	0.0	0.0	0.0	0.0	0.0	0.0	0.0	0.0	
37.945  1000.0  1200.0  0.0	0.0	0.0	0.0	0.0	0.0	4e-05	4e-05	2e-05	6e-05	8e-05	4e-05	2e-05	6e-05	8e-05	0.00012	0.00012	8e-05	0.0001	4e-05	0.00016	0.00012	0.00016	0.00014	0.0001	0.00016	0.00036	0.00012	0.0004	0.0004	0.00038	0.00038	0.0003	0.00056	0.00104	0.00226	0.01082	0.1124	0.10292	0.09552	0.08204	0.00208	0.0	0.0	0.0	0.0	0.0	0.0	0.0	0.0	0.0	0.0	0.0	0.0	0.0	0.0	0.0	0.0	0.0	0.0	0.0	0.0	0.0	0.0	0.0	0.0	0.0	0.0	0.0	0.0	0.0	0.0	0.0	0.0	0.0	0.0	0.0	0.0	0.0	0.0	0.0	0.0	0.0	0.0	0.0	0.0	0.0	0.0	0.0	0.0	0.0	0.0	0.0	0.0	0.0	0.0	0.0	0.0	0.0	
28.481  1200.0  1400.0  2e-05	0.0	2e-05	2e-05	0.0	2e-05	2e-05	2e-05	2e-05	2e-05	0.0	2e-05	6e-05	2e-05	2e-05	6e-05	4e-05	4e-05	0.00012	2e-05	8e-05	8e-05	6e-05	8e-05	6e-05	0.00016	0.0001	0.00022	0.00018	0.0003	0.00016	0.00018	0.0002	0.00036	0.00016	0.00074	0.00072	0.00118	0.00138	0.00208	0.01226	0.11014	0.12466	0.10738	0.04658	0.0	0.0	0.0	0.0	0.0	0.0	0.0	0.0	0.0	0.0	0.0	0.0	0.0	0.0	0.0	0.0	0.0	0.0	0.0	0.0	0.0	0.0	0.0	0.0	0.0	0.0	0.0	0.0	0.0	0.0	0.0	0.0	0.0	0.0	0.0	0.0	0.0	0.0	0.0	0.0	0.0	0.0	0.0	0.0	0.0	0.0	0.0	0.0	0.0	0.0	0.0	0.0	0.0	0.0	
21.4382  1400.0  1600.0  2e-05	0.0	0.0	0.0	0.0	2e-05	4e-05	4e-05	2e-05	2e-05	2e-05	6e-05	4e-05	2e-05	6e-05	4e-05	8e-05	0.0001	0.00014	0.00014	6e-05	2e-05	6e-05	8e-05	4e-05	0.00012	0.0001	0.00018	0.00012	0.00014	0.00016	0.0002	0.00012	0.0001	0.0002	0.00038	0.00038	0.00042	0.00058	0.00064	0.00088	0.00112	0.0017	0.00468	0.07348	0.12832	0.11372	0.08176	4e-05	0.0	0.0	0.0	0.0	0.0	0.0	0.0	0.0	0.0	0.0	0.0	0.0	0.0	0.0	0.0	0.0	0.0	0.0	0.0	0.0	0.0	0.0	0.0	0.0	0.0	0.0	0.0	0.0	0.0	0.0	0.0	0.0	0.0	0.0	0.0	0.0	0.0	0.0	0.0	0.0	0.0	0.0	0.0	0.0	0.0	0.0	0.0	0.0	0.0	0.0	
16.146  1600.0  1800.0  0.0	0.0	0.0	0.0	0.0	0.0	2e-05	0.0	2e-05	2e-05	2e-05	6e-05	2e-05	6e-05	4e-05	6e-05	6e-05	2e-05	2e-05	6e-05	2e-05	4e-05	2e-05	4e-05	0.00012	6e-05	8e-05	4e-05	0.00016	6e-05	8e-05	0.00014	0.00014	0.00016	0.00018	0.00028	0.00032	0.00034	0.0003	0.0003	0.00034	0.00064	0.0006	0.00078	0.00114	0.00176	0.00322	0.03366	0.1546	0.13472	0.08164	0.0	0.0	0.0	0.0	0.0	0.0	0.0	0.0	0.0	0.0	0.0	0.0	0.0	0.0	0.0	0.0	0.0	0.0	0.0	0.0	0.0	0.0	0.0	0.0	0.0	0.0	0.0	0.0	0.0	0.0	0.0	0.0	0.0	0.0	0.0	0.0	0.0	0.0	0.0	0.0	0.0	0.0	0.0	0.0	0.0	0.0	0.0	0.0	
12.1496  1800.0  2000.0  0.0	0.0	0.0	2e-05	0.0	2e-05	2e-05	0.0	2e-05	0.0	0.0	0.0	0.0	0.0	2e-05	4e-05	0.0	8e-05	2e-05	0.0	4e-05	6e-05	0.0	8e-05	2e-05	0.0001	0.0	8e-05	2e-05	2e-05	6e-05	6e-05	2e-05	8e-05	4e-05	0.00024	0.00018	0.00026	0.00022	0.00026	0.0003	0.00034	0.00036	0.00056	0.0006	0.00076	0.00104	0.00082	0.00214	0.00414	0.058	0.14856	0.14716	0.04724	0.0	0.0	0.0	0.0	0.0	0.0	0.0	0.0	0.0	0.0	0.0	0.0	0.0	0.0	0.0	0.0	0.0	0.0	0.0	0.0	0.0	0.0	0.0	0.0	0.0	0.0	0.0	0.0	0.0	0.0	0.0	0.0	0.0	0.0	0.0	0.0	0.0	0.0	0.0	0.0	0.0	0.0	0.0	0.0	0.0	
11.0286  2000.0  2250.0  0.0	0.0	0.0	0.0	0.0	0.0	0.0	2e-05	0.0	0.0	0.0	2e-05	0.0	2e-05	2e-05	2e-05	8e-05	4e-05	2e-05	2e-05	4e-05	4e-05	6e-05	2e-05	2e-05	0.00012	2e-05	0.0001	0.00012	2e-05	8e-05	0.0	8e-05	6e-05	6e-05	0.00014	0.00012	0.00024	0.00022	0.00016	0.00018	0.00024	0.00026	0.00026	0.00034	0.00038	0.00054	0.00028	0.00108	0.0006	0.0011	0.00174	0.0065	0.10166	0.13772	0.11982	0.05028	0.0	0.0	0.0	0.0	0.0	0.0	0.0	0.0	0.0	0.0	0.0	0.0	0.0	0.0	0.0	0.0	0.0	0.0	0.0	0.0	0.0	0.0	0.0	0.0	0.0	0.0	0.0	0.0	0.0	0.0	0.0	0.0	0.0	0.0	0.0	0.0	0.0	0.0	0.0	0.0	0.0	0.0	
7.7022  2250.0  2500.0  0.0	0.0	0.0	0.0	0.0	2e-05	2e-05	0.0	2e-05	4e-05	0.0	0.0	2e-05	0.0	0.0	0.0	2e-05	0.0	6e-05	2e-05	2e-05	2e-05	0.0	6e-05	4e-05	0.0	6e-05	4e-05	6e-05	0.00014	2e-05	2e-05	4e-05	0.0001	6e-05	6e-05	0.00012	0.00014	8e-05	0.00014	0.00016	0.00022	0.0002	0.00022	0.00026	0.00022	0.0002	0.00042	0.0004	0.00028	0.00054	0.00052	0.00082	0.00132	0.00232	0.0061	0.08394	0.1386	0.12282	0.06534	0.0	0.0	0.0	0.0	0.0	0.0	0.0	0.0	0.0	0.0	0.0	0.0	0.0	0.0	0.0	0.0	0.0	0.0	0.0	0.0	0.0	0.0	0.0	0.0	0.0	0.0	0.0	0.0	0.0	0.0	0.0	0.0	0.0	0.0	0.0	0.0	0.0	0.0	0.0	
5.3508  2500.0  2750.0  2e-05	0.0	2e-05	0.0	2e-05	2e-05	0.0	0.0	0.0	0.0	0.0	0.0	0.0	2e-05	4e-05	6e-05	2e-05	2e-05	0.0	0.0	2e-05	0.0	6e-05	2e-05	0.0	2e-05	8e-05	6e-05	4e-05	4e-05	4e-05	6e-05	6e-05	6e-05	6e-05	0.0001	0.00012	6e-05	0.00014	0.0001	8e-05	8e-05	6e-05	0.00016	0.00028	0.00016	0.00028	0.00024	0.00036	0.00038	0.00018	0.00042	0.00066	0.00082	0.00072	0.00102	0.0014	0.00204	0.0054	0.0679	0.14272	0.12418	0.07566	0.0	0.0	0.0	0.0	0.0	0.0	0.0	0.0	0.0	0.0	0.0	0.0	0.0	0.0	0.0	0.0	0.0	0.0	0.0	0.0	0.0	0.0	0.0	0.0	0.0	0.0	0.0	0.0	0.0	0.0	0.0	0.0	0.0	0.0	0.0	0.0	
3.69434  2750.0  3000.0  0.0	0.0	0.0	0.0	0.0	0.0	0.0	0.0	2e-05	0.0	0.0	2e-05	0.0	0.0	0.0	4e-05	0.0	0.0	0.0	0.0	6e-05	4e-05	4e-05	2e-05	0.0	0.0	2e-05	2e-05	2e-05	2e-05	0.0001	8e-05	2e-05	4e-05	4e-05	4e-05	6e-05	2e-05	0.00016	6e-05	2e-05	4e-05	6e-05	6e-05	0.00014	0.00014	0.00018	0.00016	0.00018	0.00026	0.00026	0.00026	0.00034	0.00034	0.00062	0.00044	0.00072	0.00078	0.0007	0.00142	0.00218	0.00562	0.05114	0.14668	0.12666	0.0934	0.0002	0.0	0.0	0.0	0.0	0.0	0.0	0.0	0.0	0.0	0.0	0.0	0.0	0.0	0.0	0.0	0.0	0.0	0.0	0.0	0.0	0.0	0.0	0.0	0.0	0.0	0.0	0.0	0.0	0.0	0.0	0.0	0.0	
4.2636  3000.0  3500.0  0.0	0.0	0.0	0.0	0.0	0.0	0.0	2e-05	0.0	0.0	0.0	0.0	0.0	4e-05	0.0	0.0	0.0	2e-05	4e-05	0.0	2e-05	2e-05	2e-05	0.0	0.0	0.0	4e-05	0.0	0.0	2e-05	2e-05	0.0	4e-05	4e-05	4e-05	6e-05	8e-05	2e-05	6e-05	0.00012	8e-05	0.00014	4e-05	6e-05	0.0001	0.00016	0.00018	0.0002	0.0002	0.00016	0.00016	0.00018	0.00022	0.00018	0.00034	0.00018	0.00036	0.00042	0.0004	0.00072	0.00076	0.00078	0.00058	0.00152	0.00336	0.02096	0.08816	0.0784	0.07074	0.0616	0.05352	0.04334	0.00474	0.0	0.0	0.0	0.0	0.0	0.0	0.0	0.0	0.0	0.0	0.0	0.0	0.0	0.0	0.0	0.0	0.0	0.0	0.0	0.0	0.0	0.0	0.0	0.0	0.0	0.0	
1.9475  3500.0  4000.0  0.0	0.0	2e-05	0.0	0.0	0.0	0.0	0.0	2e-05	0.0	0.0	0.0	0.0	0.0	0.0	0.0	0.0	0.0	0.0	0.0	0.0	0.0	0.0	0.0	4e-05	0.0	4e-05	2e-05	4e-05	2e-05	0.0	4e-05	4e-05	4e-05	4e-05	4e-05	2e-05	8e-05	6e-05	6e-05	0.0001	4e-05	0.00012	8e-05	6e-05	6e-05	4e-05	0.00012	8e-05	0.00012	0.0001	8e-05	4e-05	0.00018	0.0001	0.00022	0.0002	0.00022	0.00016	0.00044	0.0004	0.00032	0.0004	0.00046	0.0005	0.00062	0.00056	0.0008	0.00106	0.00144	0.00304	0.00854	0.08468	0.08278	0.0733	0.06338	0.05526	0.04642	0.01338	0.0	0.0	0.0	0.0	0.0	0.0	0.0	0.0	0.0	0.0	0.0	0.0	0.0	0.0	0.0	0.0	0.0	0.0	0.0	0.0	
1.51486  4000.0  15000.0  0.0	0.0	0.0	2e-05	0.0	0.0	0.0	0.0	0.0	0.0	0.0	0.0	0.0	0.0	0.0	0.0	0.0	0.0	0.0	2e-05	0.0	2e-05	2e-05	2e-05	0.0	2e-05	0.0	4e-05	2e-05	4e-05	0.0	0.0	2e-05	0.0	4e-05	2e-05	4e-05	2e-05	4e-05	0.0	4e-05	2e-05	2e-05	8e-05	6e-05	6e-05	0.0001	4e-05	6e-05	8e-05	4e-05	4e-05	0.0001	0.00012	0.00016	0.00012	8e-05	8e-05	0.00026	0.00012	0.00012	0.00014	0.00016	0.00018	0.0002	0.00024	0.00044	0.00034	0.00032	0.00036	0.0006	0.00052	0.00056	0.00066	0.00086	0.00096	0.00152	0.00392	0.05114	0.05798	0.04964	0.04108	0.03554	0.02898	0.02498	0.021	0.0172	0.01546	0.01328	0.0112	0.00898	0.00766	0.00558	0.00498	0.00468	0.00396	0.00308	0.0027	0.00232	
