#===============
# ll~ : ee
# qq~ : dd~
# FF  : scalar
# XY  : LL LR RL RR
# coef : 0 0
# type : Reg*Reg
# Nevs : 50000
#===============
#
# XSEC	BIN_MIN	BIN_MAX 	 Kij 
#
159.76  200.0  300.0  0.00034	0.00034	0.0004	0.00068	0.00428	0.06096	0.06352	0.0671	0.06722	0.06288	0.00138	0.0	0.0	0.0	0.0	0.0	0.0	0.0	0.0	0.0	0.0	0.0	0.0	0.0	0.0	0.0	0.0	0.0	0.0	0.0	0.0	0.0	0.0	0.0	0.0	0.0	0.0	0.0	0.0	0.0	0.0	0.0	0.0	0.0	0.0	0.0	0.0	0.0	0.0	0.0	0.0	0.0	0.0	0.0	0.0	0.0	0.0	0.0	0.0	0.0	0.0	0.0	0.0	0.0	0.0	0.0	0.0	0.0	0.0	0.0	0.0	0.0	0.0	0.0	0.0	0.0	0.0	0.0	0.0	0.0	0.0	0.0	0.0	0.0	0.0	0.0	0.0	0.0	0.0	0.0	0.0	0.0	0.0	0.0	0.0	0.0	0.0	0.0	0.0	
144.48  300.0  400.0  0.00016	4e-05	6e-05	0.00026	0.00022	0.00046	0.00064	0.0007	0.00112	0.00824	0.07332	0.07542	0.07534	0.07284	0.06538	0.00196	0.0	0.0	0.0	0.0	0.0	0.0	0.0	0.0	0.0	0.0	0.0	0.0	0.0	0.0	0.0	0.0	0.0	0.0	0.0	0.0	0.0	0.0	0.0	0.0	0.0	0.0	0.0	0.0	0.0	0.0	0.0	0.0	0.0	0.0	0.0	0.0	0.0	0.0	0.0	0.0	0.0	0.0	0.0	0.0	0.0	0.0	0.0	0.0	0.0	0.0	0.0	0.0	0.0	0.0	0.0	0.0	0.0	0.0	0.0	0.0	0.0	0.0	0.0	0.0	0.0	0.0	0.0	0.0	0.0	0.0	0.0	0.0	0.0	0.0	0.0	0.0	0.0	0.0	0.0	0.0	0.0	0.0	0.0	
129.374  400.0  500.0  0.0001	4e-05	0.0001	4e-05	0.0001	0.00018	0.00016	0.00032	0.0003	0.00056	0.00056	0.00074	0.001	0.00194	0.0083	0.0783	0.07938	0.0785	0.07716	0.0672	0.00246	0.0	0.0	0.0	0.0	0.0	0.0	0.0	0.0	0.0	0.0	0.0	0.0	0.0	0.0	0.0	0.0	0.0	0.0	0.0	0.0	0.0	0.0	0.0	0.0	0.0	0.0	0.0	0.0	0.0	0.0	0.0	0.0	0.0	0.0	0.0	0.0	0.0	0.0	0.0	0.0	0.0	0.0	0.0	0.0	0.0	0.0	0.0	0.0	0.0	0.0	0.0	0.0	0.0	0.0	0.0	0.0	0.0	0.0	0.0	0.0	0.0	0.0	0.0	0.0	0.0	0.0	0.0	0.0	0.0	0.0	0.0	0.0	0.0	0.0	0.0	0.0	0.0	0.0	
115.458  500.0  600.0  4e-05	2e-05	4e-05	4e-05	2e-05	4e-05	0.0002	0.00016	8e-05	0.00028	0.0003	0.00024	0.00048	0.00058	0.00052	0.00082	0.00068	0.00128	0.00198	0.01028	0.07892	0.0837	0.0804	0.07908	0.06732	0.003	0.0	0.0	0.0	0.0	0.0	0.0	0.0	0.0	0.0	0.0	0.0	0.0	0.0	0.0	0.0	0.0	0.0	0.0	0.0	0.0	0.0	0.0	0.0	0.0	0.0	0.0	0.0	0.0	0.0	0.0	0.0	0.0	0.0	0.0	0.0	0.0	0.0	0.0	0.0	0.0	0.0	0.0	0.0	0.0	0.0	0.0	0.0	0.0	0.0	0.0	0.0	0.0	0.0	0.0	0.0	0.0	0.0	0.0	0.0	0.0	0.0	0.0	0.0	0.0	0.0	0.0	0.0	0.0	0.0	0.0	0.0	0.0	0.0	
102.94  600.0  700.0  2e-05	6e-05	0.0	4e-05	0.0	6e-05	0.0001	0.00016	8e-05	0.00012	0.00018	0.00024	0.0003	0.00032	0.00028	0.00044	0.00046	0.00058	0.00054	0.00078	0.00078	0.00082	0.0011	0.0018	0.01144	0.12784	0.12218	0.11294	0.03326	0.0	0.0	0.0	0.0	0.0	0.0	0.0	0.0	0.0	0.0	0.0	0.0	0.0	0.0	0.0	0.0	0.0	0.0	0.0	0.0	0.0	0.0	0.0	0.0	0.0	0.0	0.0	0.0	0.0	0.0	0.0	0.0	0.0	0.0	0.0	0.0	0.0	0.0	0.0	0.0	0.0	0.0	0.0	0.0	0.0	0.0	0.0	0.0	0.0	0.0	0.0	0.0	0.0	0.0	0.0	0.0	0.0	0.0	0.0	0.0	0.0	0.0	0.0	0.0	0.0	0.0	0.0	0.0	0.0	0.0	
91.822  700.0  800.0  0.0	2e-05	0.0	0.0	2e-05	2e-05	4e-05	6e-05	0.00012	0.00016	6e-05	6e-05	6e-05	0.00018	0.00022	0.0002	0.00034	0.00024	0.00014	0.00022	0.00052	0.00042	0.0004	0.00058	0.00062	0.00126	0.0022	0.00594	0.09168	0.12668	0.1195	0.07054	0.0	0.0	0.0	0.0	0.0	0.0	0.0	0.0	0.0	0.0	0.0	0.0	0.0	0.0	0.0	0.0	0.0	0.0	0.0	0.0	0.0	0.0	0.0	0.0	0.0	0.0	0.0	0.0	0.0	0.0	0.0	0.0	0.0	0.0	0.0	0.0	0.0	0.0	0.0	0.0	0.0	0.0	0.0	0.0	0.0	0.0	0.0	0.0	0.0	0.0	0.0	0.0	0.0	0.0	0.0	0.0	0.0	0.0	0.0	0.0	0.0	0.0	0.0	0.0	0.0	0.0	0.0	
81.738  800.0  900.0  0.0	0.0	0.0	0.0	0.0	4e-05	0.00012	2e-05	6e-05	8e-05	0.00018	0.00012	0.00018	0.00014	6e-05	0.0002	0.00014	0.00012	0.00014	0.00026	0.00016	0.0003	0.00022	0.00034	0.0005	0.0005	0.00066	0.0006	0.00124	0.00172	0.00404	0.05254	0.13	0.12	0.1065	0.00384	0.0	0.0	0.0	0.0	0.0	0.0	0.0	0.0	0.0	0.0	0.0	0.0	0.0	0.0	0.0	0.0	0.0	0.0	0.0	0.0	0.0	0.0	0.0	0.0	0.0	0.0	0.0	0.0	0.0	0.0	0.0	0.0	0.0	0.0	0.0	0.0	0.0	0.0	0.0	0.0	0.0	0.0	0.0	0.0	0.0	0.0	0.0	0.0	0.0	0.0	0.0	0.0	0.0	0.0	0.0	0.0	0.0	0.0	0.0	0.0	0.0	0.0	0.0	
72.73  900.0  1000.0  0.0	0.0	0.0	2e-05	0.0	2e-05	0.0	2e-05	2e-05	4e-05	0.0001	6e-05	0.00012	8e-05	0.0001	0.00012	6e-05	0.0001	0.00016	4e-05	0.0002	0.00018	0.00024	0.00014	0.00024	0.00044	0.00032	0.00042	0.00078	0.00082	0.00066	0.0013	0.00142	0.00276	0.0161	0.2072	0.18678	0.00356	0.0	0.0	0.0	0.0	0.0	0.0	0.0	0.0	0.0	0.0	0.0	0.0	0.0	0.0	0.0	0.0	0.0	0.0	0.0	0.0	0.0	0.0	0.0	0.0	0.0	0.0	0.0	0.0	0.0	0.0	0.0	0.0	0.0	0.0	0.0	0.0	0.0	0.0	0.0	0.0	0.0	0.0	0.0	0.0	0.0	0.0	0.0	0.0	0.0	0.0	0.0	0.0	0.0	0.0	0.0	0.0	0.0	0.0	0.0	0.0	0.0	
122.138  1000.0  1200.0  2e-05	0.0	2e-05	0.0	0.0	4e-05	4e-05	0.0	6e-05	4e-05	2e-05	8e-05	6e-05	0.0001	4e-05	0.00022	8e-05	0.0001	0.0001	8e-05	4e-05	0.00012	0.00012	0.00014	8e-05	0.0003	0.00028	0.00032	0.00032	0.00024	0.00032	0.0004	0.00058	0.00078	0.00098	0.002	0.0119	0.11202	0.10694	0.09968	0.08442	0.00238	0.0	0.0	0.0	0.0	0.0	0.0	0.0	0.0	0.0	0.0	0.0	0.0	0.0	0.0	0.0	0.0	0.0	0.0	0.0	0.0	0.0	0.0	0.0	0.0	0.0	0.0	0.0	0.0	0.0	0.0	0.0	0.0	0.0	0.0	0.0	0.0	0.0	0.0	0.0	0.0	0.0	0.0	0.0	0.0	0.0	0.0	0.0	0.0	0.0	0.0	0.0	0.0	0.0	0.0	0.0	0.0	0.0	
95.992  1200.0  1400.0  0.0	0.0	0.0	0.0	2e-05	0.0	2e-05	0.0	2e-05	2e-05	4e-05	4e-05	0.0	4e-05	4e-05	6e-05	4e-05	6e-05	4e-05	6e-05	6e-05	6e-05	6e-05	0.00012	8e-05	6e-05	0.0002	0.00016	0.00026	0.00038	0.00026	0.00018	0.00018	0.00028	0.00036	0.0005	0.00098	0.0012	0.00148	0.0021	0.012	0.11034	0.12744	0.1112	0.04986	0.0	0.0	0.0	0.0	0.0	0.0	0.0	0.0	0.0	0.0	0.0	0.0	0.0	0.0	0.0	0.0	0.0	0.0	0.0	0.0	0.0	0.0	0.0	0.0	0.0	0.0	0.0	0.0	0.0	0.0	0.0	0.0	0.0	0.0	0.0	0.0	0.0	0.0	0.0	0.0	0.0	0.0	0.0	0.0	0.0	0.0	0.0	0.0	0.0	0.0	0.0	0.0	0.0	0.0	
75.106  1400.0  1600.0  2e-05	0.0	0.0	0.0	0.0	2e-05	2e-05	2e-05	4e-05	4e-05	0.0	6e-05	2e-05	6e-05	0.0	0.0	0.0	8e-05	2e-05	0.0	2e-05	8e-05	6e-05	6e-05	0.00012	2e-05	8e-05	8e-05	8e-05	0.00018	0.0002	0.0001	0.00016	0.0001	0.00022	0.00032	0.00042	0.00048	0.00052	0.00068	0.00072	0.0009	0.00166	0.0053	0.07556	0.13114	0.11608	0.08648	2e-05	0.0	0.0	0.0	0.0	0.0	0.0	0.0	0.0	0.0	0.0	0.0	0.0	0.0	0.0	0.0	0.0	0.0	0.0	0.0	0.0	0.0	0.0	0.0	0.0	0.0	0.0	0.0	0.0	0.0	0.0	0.0	0.0	0.0	0.0	0.0	0.0	0.0	0.0	0.0	0.0	0.0	0.0	0.0	0.0	0.0	0.0	0.0	0.0	0.0	0.0	
58.386  1600.0  1800.0  0.0	0.0	2e-05	0.0	0.0	0.0	2e-05	0.0	2e-05	2e-05	2e-05	4e-05	4e-05	2e-05	4e-05	0.0	6e-05	4e-05	0.0	4e-05	2e-05	4e-05	8e-05	8e-05	0.0	8e-05	4e-05	6e-05	4e-05	0.0001	6e-05	8e-05	0.00016	0.00014	0.0002	0.00016	0.00034	0.00022	0.00044	0.00038	0.00042	0.0004	0.0007	0.00066	0.0011	0.00154	0.003	0.03496	0.14976	0.1378	0.08416	0.0	0.0	0.0	0.0	0.0	0.0	0.0	0.0	0.0	0.0	0.0	0.0	0.0	0.0	0.0	0.0	0.0	0.0	0.0	0.0	0.0	0.0	0.0	0.0	0.0	0.0	0.0	0.0	0.0	0.0	0.0	0.0	0.0	0.0	0.0	0.0	0.0	0.0	0.0	0.0	0.0	0.0	0.0	0.0	0.0	0.0	0.0	0.0	
44.962  1800.0  2000.0  0.0	0.0	0.0	0.0	0.0	2e-05	0.0	0.0	0.0	2e-05	2e-05	0.0	2e-05	4e-05	6e-05	4e-05	4e-05	0.0	4e-05	4e-05	0.0001	0.0	4e-05	0.0	6e-05	6e-05	4e-05	6e-05	0.00012	6e-05	0.00012	8e-05	2e-05	0.0001	0.00014	0.00026	0.0002	0.0002	0.00012	0.0003	0.00028	0.00028	0.00046	0.00042	0.00036	0.00066	0.00088	0.00092	0.00184	0.00396	0.05636	0.1511	0.1529	0.04756	0.0	0.0	0.0	0.0	0.0	0.0	0.0	0.0	0.0	0.0	0.0	0.0	0.0	0.0	0.0	0.0	0.0	0.0	0.0	0.0	0.0	0.0	0.0	0.0	0.0	0.0	0.0	0.0	0.0	0.0	0.0	0.0	0.0	0.0	0.0	0.0	0.0	0.0	0.0	0.0	0.0	0.0	0.0	0.0	0.0	
41.622  2000.0  2250.0  0.0	0.0	0.0	0.0	0.0	0.0	2e-05	0.0	0.0	2e-05	0.0	2e-05	2e-05	0.0	0.0	4e-05	2e-05	4e-05	2e-05	0.0	2e-05	2e-05	6e-05	4e-05	2e-05	8e-05	4e-05	4e-05	2e-05	6e-05	6e-05	2e-05	8e-05	8e-05	6e-05	0.00016	0.00022	0.00012	0.00018	0.00028	0.00018	0.00024	0.00034	0.00036	0.0004	0.00038	0.00044	0.0006	0.00068	0.0009	0.00114	0.00194	0.00596	0.10078	0.13578	0.1207	0.0502	0.0	0.0	0.0	0.0	0.0	0.0	0.0	0.0	0.0	0.0	0.0	0.0	0.0	0.0	0.0	0.0	0.0	0.0	0.0	0.0	0.0	0.0	0.0	0.0	0.0	0.0	0.0	0.0	0.0	0.0	0.0	0.0	0.0	0.0	0.0	0.0	0.0	0.0	0.0	0.0	0.0	0.0	
29.3842  2250.0  2500.0  2e-05	0.0	0.0	2e-05	2e-05	0.0	2e-05	2e-05	0.0	2e-05	0.0	0.0	2e-05	2e-05	2e-05	2e-05	2e-05	0.0	2e-05	0.0	0.0	8e-05	2e-05	2e-05	0.0	4e-05	4e-05	0.0	6e-05	2e-05	6e-05	8e-05	8e-05	2e-05	6e-05	0.00016	8e-05	8e-05	0.00014	0.0001	0.00018	0.00012	0.0002	0.00012	0.00026	0.00028	0.00026	0.00042	0.0006	0.00052	0.00066	0.00074	0.00078	0.0014	0.00204	0.00582	0.08574	0.14068	0.12602	0.0656	0.0	0.0	0.0	0.0	0.0	0.0	0.0	0.0	0.0	0.0	0.0	0.0	0.0	0.0	0.0	0.0	0.0	0.0	0.0	0.0	0.0	0.0	0.0	0.0	0.0	0.0	0.0	0.0	0.0	0.0	0.0	0.0	0.0	0.0	0.0	0.0	0.0	0.0	0.0	
20.4422  2500.0  2750.0  0.0	0.0	0.0	0.0	0.0	0.0	0.0	4e-05	2e-05	0.0	0.0	0.0	0.0	2e-05	0.0	4e-05	0.0	0.0	2e-05	4e-05	4e-05	2e-05	6e-05	4e-05	2e-05	2e-05	0.0	4e-05	0.0	0.0	4e-05	2e-05	2e-05	2e-05	6e-05	0.00012	0.0001	0.0001	8e-05	4e-05	0.0	0.00012	0.00024	0.00016	0.0001	0.0002	0.00022	0.00036	0.00028	0.00036	0.0004	0.0004	0.00056	0.0007	0.00076	0.00118	0.00156	0.00194	0.0059	0.0673	0.1449	0.1258	0.07702	0.0	0.0	0.0	0.0	0.0	0.0	0.0	0.0	0.0	0.0	0.0	0.0	0.0	0.0	0.0	0.0	0.0	0.0	0.0	0.0	0.0	0.0	0.0	0.0	0.0	0.0	0.0	0.0	0.0	0.0	0.0	0.0	0.0	0.0	0.0	0.0	
14.012  2750.0  3000.0  0.0	0.0	2e-05	0.0	0.0	0.0	0.0	0.0	0.0	0.0	2e-05	2e-05	0.0	2e-05	0.0	4e-05	2e-05	4e-05	0.0	0.0	4e-05	2e-05	0.0	4e-05	2e-05	6e-05	4e-05	2e-05	4e-05	2e-05	6e-05	4e-05	6e-05	2e-05	6e-05	2e-05	8e-05	0.0001	0.0001	0.0001	4e-05	0.0001	0.00018	0.00014	0.00012	0.00018	0.00012	0.00012	0.00028	0.00022	0.00026	0.00028	0.00036	0.00046	0.00044	0.00086	0.00078	0.00066	0.001	0.0014	0.00192	0.00542	0.0511	0.14516	0.12596	0.09116	0.00022	0.0	0.0	0.0	0.0	0.0	0.0	0.0	0.0	0.0	0.0	0.0	0.0	0.0	0.0	0.0	0.0	0.0	0.0	0.0	0.0	0.0	0.0	0.0	0.0	0.0	0.0	0.0	0.0	0.0	0.0	0.0	0.0	
15.7132  3000.0  3500.0  0.0	0.0	0.0	0.0	0.0	0.0	0.0	0.0	0.0	0.0	0.0	2e-05	0.0	0.0	2e-05	2e-05	0.0	2e-05	2e-05	0.0	0.0	0.0	2e-05	4e-05	0.0	2e-05	4e-05	2e-05	2e-05	2e-05	0.0	6e-05	2e-05	0.0	4e-05	0.00012	2e-05	0.0	2e-05	0.0001	6e-05	0.00012	4e-05	0.00016	8e-05	0.00012	0.00012	0.00016	0.0001	0.00014	0.00012	0.00024	0.00018	0.00038	0.00052	0.0003	0.00038	0.00038	0.00052	0.00046	0.0008	0.0009	0.00132	0.00168	0.00358	0.02146	0.09016	0.07828	0.06854	0.06128	0.05234	0.04418	0.00508	0.0	0.0	0.0	0.0	0.0	0.0	0.0	0.0	0.0	0.0	0.0	0.0	0.0	0.0	0.0	0.0	0.0	0.0	0.0	0.0	0.0	0.0	0.0	0.0	0.0	0.0	
6.6518  3500.0  4000.0  2e-05	0.0	2e-05	0.0	0.0	0.0	2e-05	0.0	4e-05	0.0	0.0	0.0	0.0	0.0	0.0	0.0	0.0	0.0	4e-05	2e-05	0.0	2e-05	2e-05	6e-05	0.0	0.0	6e-05	0.0	2e-05	2e-05	4e-05	0.0	0.0	2e-05	6e-05	2e-05	0.0001	6e-05	4e-05	6e-05	6e-05	6e-05	8e-05	0.00018	0.00014	2e-05	0.00012	0.00012	8e-05	0.0001	0.0001	0.00014	0.00018	0.00018	0.00024	0.00024	0.00018	0.00012	0.00018	0.00028	0.0004	0.00048	0.00026	0.00032	0.0004	0.00042	0.00068	0.00102	0.00104	0.00124	0.00326	0.00844	0.08398	0.08342	0.07414	0.06348	0.0538	0.04532	0.0146	0.0	0.0	0.0	0.0	0.0	0.0	0.0	0.0	0.0	0.0	0.0	0.0	0.0	0.0	0.0	0.0	0.0	0.0	0.0	0.0	
3.64032  4000.0  15000.0  0.0	0.0	0.0	0.0	0.0	0.0	0.0	0.0	2e-05	0.0	0.0	2e-05	0.0	0.0	0.0	2e-05	0.0	0.0	4e-05	0.0	0.0	0.0	0.0	0.0	0.0	4e-05	2e-05	0.0	2e-05	0.0	4e-05	0.0	2e-05	2e-05	0.0	4e-05	6e-05	4e-05	2e-05	6e-05	6e-05	8e-05	8e-05	2e-05	6e-05	0.00014	8e-05	6e-05	4e-05	6e-05	0.00012	0.00016	0.00016	6e-05	6e-05	0.00018	8e-05	0.0002	0.00014	0.0001	0.00012	0.0002	0.00024	0.00012	0.00036	0.0002	0.00026	0.0003	0.00044	0.00026	0.00034	0.00048	0.00062	0.0005	0.0008	0.00128	0.00226	0.00476	0.05396	0.06246	0.05148	0.04442	0.03486	0.02888	0.02514	0.01982	0.01618	0.01466	0.01104	0.01004	0.00786	0.00674	0.0056	0.0044	0.00452	0.00352	0.0026	0.00266	0.00224	
