#===============
# ll~ : ee
# qq~ : cu~
# FF  : scalar-tensor
# XY  : LL LR RL RR
# coef : 0 0
# type : Reg*Reg
# Nevs : 50000
#===============
#
# XSEC	BIN_MIN	BIN_MAX 	 Kij 
#
0.00949  200.0  300.0  0.00026	0.0005	0.0004	0.00078	0.0048	0.06744	0.06676	0.06824	0.06462	0.05656	0.0018	0.0	0.0	0.0	0.0	0.0	0.0	0.0	0.0	0.0	0.0	0.0	0.0	0.0	0.0	0.0	0.0	0.0	0.0	0.0	0.0	0.0	0.0	0.0	0.0	0.0	0.0	0.0	0.0	0.0	0.0	0.0	0.0	0.0	0.0	0.0	0.0	0.0	0.0	0.0	0.0	0.0	0.0	0.0	0.0	0.0	0.0	0.0	0.0	0.0	0.0	0.0	0.0	0.0	0.0	0.0	0.0	0.0	0.0	0.0	0.0	0.0	0.0	0.0	0.0	0.0	0.0	0.0	0.0	0.0	0.0	0.0	0.0	0.0	0.0	0.0	0.0	0.0	0.0	0.0	0.0	0.0	0.0	0.0	0.0	0.0	0.0	0.0	0.0	
-0.00243  300.0  400.0  4e-05	0.0002	0.0001	0.00014	0.00016	0.00046	0.0006	0.00106	0.00152	0.00832	0.0806	0.07714	0.0745	0.07196	0.06078	0.00214	0.0	0.0	0.0	0.0	0.0	0.0	0.0	0.0	0.0	0.0	0.0	0.0	0.0	0.0	0.0	0.0	0.0	0.0	0.0	0.0	0.0	0.0	0.0	0.0	0.0	0.0	0.0	0.0	0.0	0.0	0.0	0.0	0.0	0.0	0.0	0.0	0.0	0.0	0.0	0.0	0.0	0.0	0.0	0.0	0.0	0.0	0.0	0.0	0.0	0.0	0.0	0.0	0.0	0.0	0.0	0.0	0.0	0.0	0.0	0.0	0.0	0.0	0.0	0.0	0.0	0.0	0.0	0.0	0.0	0.0	0.0	0.0	0.0	0.0	0.0	0.0	0.0	0.0	0.0	0.0	0.0	0.0	0.0	
0.01898  400.0  500.0  6e-05	8e-05	8e-05	2e-05	8e-05	0.00022	0.00024	0.00022	0.00048	0.00054	0.00062	0.00074	0.00092	0.00142	0.00954	0.08444	0.08194	0.07698	0.07424	0.06316	0.00248	0.0	0.0	0.0	0.0	0.0	0.0	0.0	0.0	0.0	0.0	0.0	0.0	0.0	0.0	0.0	0.0	0.0	0.0	0.0	0.0	0.0	0.0	0.0	0.0	0.0	0.0	0.0	0.0	0.0	0.0	0.0	0.0	0.0	0.0	0.0	0.0	0.0	0.0	0.0	0.0	0.0	0.0	0.0	0.0	0.0	0.0	0.0	0.0	0.0	0.0	0.0	0.0	0.0	0.0	0.0	0.0	0.0	0.0	0.0	0.0	0.0	0.0	0.0	0.0	0.0	0.0	0.0	0.0	0.0	0.0	0.0	0.0	0.0	0.0	0.0	0.0	0.0	0.0	
-0.05978  500.0  600.0  0.0	2e-05	8e-05	8e-05	4e-05	0.0001	0.00012	0.0001	0.00018	0.00018	0.00024	0.00026	0.0005	0.00062	0.00048	0.00076	0.00082	0.001	0.00218	0.01114	0.08328	0.08482	0.07942	0.07498	0.06222	0.00288	0.0	0.0	0.0	0.0	0.0	0.0	0.0	0.0	0.0	0.0	0.0	0.0	0.0	0.0	0.0	0.0	0.0	0.0	0.0	0.0	0.0	0.0	0.0	0.0	0.0	0.0	0.0	0.0	0.0	0.0	0.0	0.0	0.0	0.0	0.0	0.0	0.0	0.0	0.0	0.0	0.0	0.0	0.0	0.0	0.0	0.0	0.0	0.0	0.0	0.0	0.0	0.0	0.0	0.0	0.0	0.0	0.0	0.0	0.0	0.0	0.0	0.0	0.0	0.0	0.0	0.0	0.0	0.0	0.0	0.0	0.0	0.0	0.0	
-0.02115  600.0  700.0  2e-05	0.0	2e-05	2e-05	6e-05	6e-05	0.00012	0.00016	0.0002	0.00014	0.00016	0.0003	0.00018	0.00038	0.00034	0.00056	0.00046	0.0004	0.00056	0.00086	0.00072	0.00086	0.00122	0.00254	0.013	0.1274	0.1219	0.10928	0.0303	0.0	0.0	0.0	0.0	0.0	0.0	0.0	0.0	0.0	0.0	0.0	0.0	0.0	0.0	0.0	0.0	0.0	0.0	0.0	0.0	0.0	0.0	0.0	0.0	0.0	0.0	0.0	0.0	0.0	0.0	0.0	0.0	0.0	0.0	0.0	0.0	0.0	0.0	0.0	0.0	0.0	0.0	0.0	0.0	0.0	0.0	0.0	0.0	0.0	0.0	0.0	0.0	0.0	0.0	0.0	0.0	0.0	0.0	0.0	0.0	0.0	0.0	0.0	0.0	0.0	0.0	0.0	0.0	0.0	0.0	
-0.01518  700.0  800.0  0.0	2e-05	2e-05	2e-05	4e-05	8e-05	2e-05	0.00012	0.0001	0.0001	0.0002	8e-05	0.00016	0.00016	0.00012	0.00018	0.00018	0.00022	0.00026	0.00016	0.0003	0.0005	0.00044	0.00036	0.00058	0.00098	0.00204	0.006	0.0949	0.12202	0.11304	0.06552	0.0	0.0	0.0	0.0	0.0	0.0	0.0	0.0	0.0	0.0	0.0	0.0	0.0	0.0	0.0	0.0	0.0	0.0	0.0	0.0	0.0	0.0	0.0	0.0	0.0	0.0	0.0	0.0	0.0	0.0	0.0	0.0	0.0	0.0	0.0	0.0	0.0	0.0	0.0	0.0	0.0	0.0	0.0	0.0	0.0	0.0	0.0	0.0	0.0	0.0	0.0	0.0	0.0	0.0	0.0	0.0	0.0	0.0	0.0	0.0	0.0	0.0	0.0	0.0	0.0	0.0	0.0	
0.00345  800.0  900.0  0.0	0.0	0.0	2e-05	0.0	2e-05	6e-05	6e-05	4e-05	8e-05	6e-05	4e-05	0.0001	0.0001	0.00014	6e-05	0.00018	0.00026	0.00012	0.00018	0.00036	0.00034	0.00014	0.00022	0.00038	0.0008	0.0007	0.00088	0.00144	0.00188	0.00378	0.05396	0.12708	0.11432	0.09746	0.00348	0.0	0.0	0.0	0.0	0.0	0.0	0.0	0.0	0.0	0.0	0.0	0.0	0.0	0.0	0.0	0.0	0.0	0.0	0.0	0.0	0.0	0.0	0.0	0.0	0.0	0.0	0.0	0.0	0.0	0.0	0.0	0.0	0.0	0.0	0.0	0.0	0.0	0.0	0.0	0.0	0.0	0.0	0.0	0.0	0.0	0.0	0.0	0.0	0.0	0.0	0.0	0.0	0.0	0.0	0.0	0.0	0.0	0.0	0.0	0.0	0.0	0.0	0.0	
-0.01821  900.0  1000.0  0.0	0.0	2e-05	2e-05	2e-05	6e-05	2e-05	2e-05	4e-05	4e-05	8e-05	0.0001	2e-05	0.0001	0.0001	0.00014	6e-05	0.00016	0.00028	8e-05	0.0003	0.0002	0.00016	0.00022	0.00022	0.00032	0.00038	0.00056	0.00076	0.00086	0.00082	0.00118	0.00198	0.00352	0.01596	0.20812	0.17098	0.00384	0.0	0.0	0.0	0.0	0.0	0.0	0.0	0.0	0.0	0.0	0.0	0.0	0.0	0.0	0.0	0.0	0.0	0.0	0.0	0.0	0.0	0.0	0.0	0.0	0.0	0.0	0.0	0.0	0.0	0.0	0.0	0.0	0.0	0.0	0.0	0.0	0.0	0.0	0.0	0.0	0.0	0.0	0.0	0.0	0.0	0.0	0.0	0.0	0.0	0.0	0.0	0.0	0.0	0.0	0.0	0.0	0.0	0.0	0.0	0.0	0.0	
-0.00558  1000.0  1200.0  0.0	4e-05	0.0	0.0	2e-05	2e-05	0.0	4e-05	4e-05	2e-05	8e-05	0.0	0.0001	2e-05	8e-05	0.00012	6e-05	0.00016	0.00016	0.0001	4e-05	0.00012	0.00012	0.0003	0.00012	0.00022	0.00028	0.00012	0.00034	0.0004	0.00026	0.0005	0.00054	0.00066	0.00092	0.00256	0.01222	0.11016	0.10218	0.09196	0.07358	0.00166	0.0	0.0	0.0	0.0	0.0	0.0	0.0	0.0	0.0	0.0	0.0	0.0	0.0	0.0	0.0	0.0	0.0	0.0	0.0	0.0	0.0	0.0	0.0	0.0	0.0	0.0	0.0	0.0	0.0	0.0	0.0	0.0	0.0	0.0	0.0	0.0	0.0	0.0	0.0	0.0	0.0	0.0	0.0	0.0	0.0	0.0	0.0	0.0	0.0	0.0	0.0	0.0	0.0	0.0	0.0	0.0	0.0	
-0.00564  1200.0  1400.0  0.0	0.0	0.0	2e-05	0.0	0.0	2e-05	4e-05	2e-05	6e-05	0.0	4e-05	6e-05	4e-05	2e-05	6e-05	4e-05	0.00012	0.0001	4e-05	8e-05	8e-05	0.0001	0.00016	0.00014	0.00016	0.0002	2e-05	8e-05	0.00018	0.00016	0.00026	0.00038	0.00038	0.0004	0.00052	0.00058	0.00102	0.0013	0.00256	0.01316	0.1082	0.11898	0.10528	0.04248	0.0	0.0	0.0	0.0	0.0	0.0	0.0	0.0	0.0	0.0	0.0	0.0	0.0	0.0	0.0	0.0	0.0	0.0	0.0	0.0	0.0	0.0	0.0	0.0	0.0	0.0	0.0	0.0	0.0	0.0	0.0	0.0	0.0	0.0	0.0	0.0	0.0	0.0	0.0	0.0	0.0	0.0	0.0	0.0	0.0	0.0	0.0	0.0	0.0	0.0	0.0	0.0	0.0	0.0	
0.00199  1400.0  1600.0  0.0	0.0	0.0	0.0	4e-05	4e-05	2e-05	2e-05	4e-05	4e-05	0.0	0.0	2e-05	2e-05	4e-05	6e-05	0.00012	4e-05	4e-05	0.00014	8e-05	2e-05	2e-05	2e-05	0.00012	0.00012	0.0001	6e-05	8e-05	0.00018	0.00022	0.0002	0.00014	0.00012	0.0002	0.00048	0.00036	0.00046	0.00064	0.00058	0.00086	0.0012	0.00156	0.00444	0.07862	0.1226	0.10644	0.07424	0.0	0.0	0.0	0.0	0.0	0.0	0.0	0.0	0.0	0.0	0.0	0.0	0.0	0.0	0.0	0.0	0.0	0.0	0.0	0.0	0.0	0.0	0.0	0.0	0.0	0.0	0.0	0.0	0.0	0.0	0.0	0.0	0.0	0.0	0.0	0.0	0.0	0.0	0.0	0.0	0.0	0.0	0.0	0.0	0.0	0.0	0.0	0.0	0.0	0.0	0.0	
-0.0062  1600.0  1800.0  0.0	0.0	0.0	0.0	0.0	2e-05	0.0	4e-05	0.0	0.0	2e-05	4e-05	4e-05	0.0	2e-05	0.0	0.0001	4e-05	6e-05	6e-05	6e-05	4e-05	2e-05	6e-05	2e-05	6e-05	0.00014	6e-05	4e-05	0.00012	0.00016	0.0002	0.00018	0.0001	0.0002	0.00022	0.0003	0.00034	0.00022	0.00032	0.00044	0.00042	0.00062	0.00092	0.00124	0.00164	0.00322	0.03412	0.14888	0.12686	0.07466	0.0	0.0	0.0	0.0	0.0	0.0	0.0	0.0	0.0	0.0	0.0	0.0	0.0	0.0	0.0	0.0	0.0	0.0	0.0	0.0	0.0	0.0	0.0	0.0	0.0	0.0	0.0	0.0	0.0	0.0	0.0	0.0	0.0	0.0	0.0	0.0	0.0	0.0	0.0	0.0	0.0	0.0	0.0	0.0	0.0	0.0	0.0	0.0	
0.00176  1800.0  2000.0  0.0	0.0	2e-05	0.0	0.0	0.0	4e-05	2e-05	0.0	2e-05	2e-05	0.0	2e-05	2e-05	6e-05	2e-05	2e-05	2e-05	4e-05	0.0	6e-05	4e-05	4e-05	0.0001	0.0	6e-05	0.0001	0.0001	0.00012	0.00016	2e-05	0.0001	0.0001	0.00012	0.00016	0.00022	0.00014	0.00016	0.00022	0.00026	0.00032	0.00022	0.00052	0.00052	0.0006	0.00072	0.0009	0.0011	0.00172	0.00402	0.05644	0.14082	0.13514	0.04244	0.0	0.0	0.0	0.0	0.0	0.0	0.0	0.0	0.0	0.0	0.0	0.0	0.0	0.0	0.0	0.0	0.0	0.0	0.0	0.0	0.0	0.0	0.0	0.0	0.0	0.0	0.0	0.0	0.0	0.0	0.0	0.0	0.0	0.0	0.0	0.0	0.0	0.0	0.0	0.0	0.0	0.0	0.0	0.0	0.0	
0.00408  2000.0  2250.0  0.0	0.0	0.0	0.0	0.0	0.0	2e-05	0.0	2e-05	2e-05	0.0	2e-05	2e-05	0.0	0.0	4e-05	0.0	2e-05	0.0	4e-05	6e-05	2e-05	2e-05	4e-05	2e-05	6e-05	2e-05	4e-05	6e-05	4e-05	6e-05	0.0001	0.0001	8e-05	8e-05	0.00012	0.00016	0.0002	8e-05	0.0002	0.00014	0.00032	0.0004	0.0004	0.00028	0.00042	0.0004	0.00056	0.00078	0.00116	0.00114	0.00182	0.0062	0.09674	0.12714	0.10768	0.04406	0.0	0.0	0.0	0.0	0.0	0.0	0.0	0.0	0.0	0.0	0.0	0.0	0.0	0.0	0.0	0.0	0.0	0.0	0.0	0.0	0.0	0.0	0.0	0.0	0.0	0.0	0.0	0.0	0.0	0.0	0.0	0.0	0.0	0.0	0.0	0.0	0.0	0.0	0.0	0.0	0.0	0.0	
0.00093  2250.0  2500.0  0.0	0.0	0.0	2e-05	2e-05	0.0	0.0	0.0	2e-05	0.0	2e-05	0.0	2e-05	2e-05	0.0	4e-05	0.0	0.0	2e-05	2e-05	2e-05	0.0	8e-05	4e-05	6e-05	6e-05	2e-05	6e-05	0.0001	6e-05	0.00012	0.0001	2e-05	8e-05	8e-05	0.0001	0.0001	0.0001	8e-05	0.0001	0.00016	0.00016	0.00012	0.00022	0.00028	0.00028	0.00028	0.00046	0.0004	0.00052	0.00066	0.00076	0.0007	0.00152	0.00188	0.00536	0.08328	0.12898	0.11028	0.05424	0.0	0.0	0.0	0.0	0.0	0.0	0.0	0.0	0.0	0.0	0.0	0.0	0.0	0.0	0.0	0.0	0.0	0.0	0.0	0.0	0.0	0.0	0.0	0.0	0.0	0.0	0.0	0.0	0.0	0.0	0.0	0.0	0.0	0.0	0.0	0.0	0.0	0.0	0.0	
0.00048  2500.0  2750.0  0.0	0.0	0.0	0.0	0.0	2e-05	0.0	6e-05	0.0	0.0	0.0	2e-05	4e-05	4e-05	4e-05	0.0	0.0	6e-05	2e-05	2e-05	0.0	0.0	0.0	2e-05	4e-05	4e-05	2e-05	0.0001	4e-05	4e-05	0.0	0.00014	2e-05	8e-05	4e-05	8e-05	0.00012	0.00014	6e-05	8e-05	0.00016	0.00018	0.00032	0.00024	0.00018	0.00022	0.00026	0.00038	0.00028	0.00028	0.0003	0.00042	0.00054	0.00084	0.00098	0.00122	0.0015	0.00162	0.00622	0.0647	0.13142	0.11178	0.06912	0.0	0.0	0.0	0.0	0.0	0.0	0.0	0.0	0.0	0.0	0.0	0.0	0.0	0.0	0.0	0.0	0.0	0.0	0.0	0.0	0.0	0.0	0.0	0.0	0.0	0.0	0.0	0.0	0.0	0.0	0.0	0.0	0.0	0.0	0.0	0.0	
0.00051  2750.0  3000.0  2e-05	0.0	2e-05	0.0	2e-05	0.0	4e-05	0.0	0.0	0.0	2e-05	0.0	0.0	0.0	0.0	0.0	2e-05	0.0	0.0	2e-05	0.0	2e-05	8e-05	2e-05	2e-05	2e-05	0.0	0.0	2e-05	4e-05	6e-05	4e-05	6e-05	8e-05	2e-05	8e-05	6e-05	4e-05	0.00012	4e-05	0.00012	6e-05	4e-05	4e-05	0.00016	8e-05	8e-05	0.00016	0.00018	0.0002	0.00032	0.00036	0.00038	0.00036	0.00048	0.00042	0.00074	0.00076	0.00084	0.0013	0.00182	0.00462	0.04842	0.13708	0.1153	0.08094	0.0002	0.0	0.0	0.0	0.0	0.0	0.0	0.0	0.0	0.0	0.0	0.0	0.0	0.0	0.0	0.0	0.0	0.0	0.0	0.0	0.0	0.0	0.0	0.0	0.0	0.0	0.0	0.0	0.0	0.0	0.0	0.0	0.0	
0.00083  3000.0  3500.0  0.0	0.0	0.0	0.0	0.0	0.0	0.0	0.0	2e-05	2e-05	2e-05	0.0	0.0	2e-05	2e-05	4e-05	0.0	0.0	0.0	0.0	0.0	4e-05	0.0	0.0	0.0	0.0	8e-05	4e-05	8e-05	4e-05	2e-05	4e-05	4e-05	0.0	2e-05	0.00016	6e-05	2e-05	2e-05	6e-05	2e-05	4e-05	0.00014	8e-05	0.0001	0.0001	0.0002	0.00018	0.0001	0.00012	0.0002	0.00026	0.00024	0.00026	0.00026	0.00028	0.00042	0.0005	0.00044	0.00056	0.0009	0.00072	0.00108	0.0014	0.00356	0.01924	0.08366	0.07224	0.06384	0.05584	0.047	0.0389	0.00418	0.0	0.0	0.0	0.0	0.0	0.0	0.0	0.0	0.0	0.0	0.0	0.0	0.0	0.0	0.0	0.0	0.0	0.0	0.0	0.0	0.0	0.0	0.0	0.0	0.0	0.0	
0.0007  3500.0  4000.0  0.0	0.0	0.0	0.0	0.0	0.0	0.0	0.0	2e-05	0.0	0.0	0.0	0.0	0.0	0.0	2e-05	2e-05	4e-05	4e-05	0.0	2e-05	2e-05	0.0	2e-05	2e-05	0.0	0.0	0.0	2e-05	2e-05	2e-05	4e-05	0.0	2e-05	2e-05	4e-05	0.0	8e-05	2e-05	2e-05	6e-05	6e-05	6e-05	8e-05	4e-05	0.00012	0.0001	0.00012	8e-05	0.00016	0.00014	0.0002	0.00018	0.00016	0.00022	0.00024	0.00016	0.00028	0.0003	0.00026	0.0004	0.00032	0.00026	0.00046	0.00044	0.0005	0.0009	0.00098	0.0011	0.00144	0.00358	0.00888	0.07866	0.07532	0.0662	0.0561	0.04948	0.0408	0.01256	0.0	0.0	0.0	0.0	0.0	0.0	0.0	0.0	0.0	0.0	0.0	0.0	0.0	0.0	0.0	0.0	0.0	0.0	0.0	0.0	
-0.00012  4000.0  15000.0  0.0	0.0	0.0	0.0	0.0	0.0	0.0	2e-05	0.0	0.0	0.0	2e-05	0.0	2e-05	0.0	0.0	0.0	0.0	4e-05	0.0	0.0	0.0	0.0	0.0	2e-05	2e-05	0.0	2e-05	2e-05	4e-05	4e-05	2e-05	0.0	0.0	4e-05	0.0	6e-05	0.0	2e-05	6e-05	4e-05	4e-05	6e-05	8e-05	4e-05	4e-05	2e-05	6e-05	0.0001	8e-05	8e-05	0.00016	0.00012	0.0001	0.00024	0.0001	0.0001	8e-05	0.0001	6e-05	8e-05	0.00026	0.00024	0.00012	0.00014	0.00018	0.0001	0.00024	0.00036	0.00032	0.00046	0.0006	0.0005	0.00066	0.00082	0.00088	0.00188	0.00394	0.05168	0.05526	0.04738	0.0399	0.03116	0.02742	0.02298	0.0183	0.01608	0.01288	0.0105	0.00958	0.00774	0.00682	0.00576	0.00448	0.00382	0.00292	0.00248	0.00212	0.0019	
