#===============
# ll~ : ee
# qq~ : ss~
# FF  : vector
# XY  : LL RR  
# coef : 0 0
# type : A*Reg
# Nevs : 50000
#===============
#
# XSEC	BIN_MIN	BIN_MAX 	 Kij 
#
16.23  200.0  300.0  0.00042	0.00044	0.00064	0.001	0.00692	0.09834	0.08466	0.06882	0.05732	0.04324	0.001	0.0	0.0	0.0	0.0	0.0	0.0	0.0	0.0	0.0	0.0	0.0	0.0	0.0	0.0	0.0	0.0	0.0	0.0	0.0	0.0	0.0	0.0	0.0	0.0	0.0	0.0	0.0	0.0	0.0	0.0	0.0	0.0	0.0	0.0	0.0	0.0	0.0	0.0	0.0	0.0	0.0	0.0	0.0	0.0	0.0	0.0	0.0	0.0	0.0	0.0	0.0	0.0	0.0	0.0	0.0	0.0	0.0	0.0	0.0	0.0	0.0	0.0	0.0	0.0	0.0	0.0	0.0	0.0	0.0	0.0	0.0	0.0	0.0	0.0	0.0	0.0	0.0	0.0	0.0	0.0	0.0	0.0	0.0	0.0	0.0	0.0	0.0	0.0	
6.0368  300.0  400.0  8e-05	6e-05	0.00014	0.00018	0.0002	0.00028	0.0008	0.0011	0.00148	0.011	0.10474	0.08982	0.07504	0.06388	0.05156	0.00148	0.0	0.0	0.0	0.0	0.0	0.0	0.0	0.0	0.0	0.0	0.0	0.0	0.0	0.0	0.0	0.0	0.0	0.0	0.0	0.0	0.0	0.0	0.0	0.0	0.0	0.0	0.0	0.0	0.0	0.0	0.0	0.0	0.0	0.0	0.0	0.0	0.0	0.0	0.0	0.0	0.0	0.0	0.0	0.0	0.0	0.0	0.0	0.0	0.0	0.0	0.0	0.0	0.0	0.0	0.0	0.0	0.0	0.0	0.0	0.0	0.0	0.0	0.0	0.0	0.0	0.0	0.0	0.0	0.0	0.0	0.0	0.0	0.0	0.0	0.0	0.0	0.0	0.0	0.0	0.0	0.0	0.0	0.0	
2.7449  400.0  500.0  0.0	2e-05	0.0001	2e-05	6e-05	0.00022	0.00024	0.00056	0.00056	0.00036	0.00058	0.00102	0.00094	0.00162	0.01138	0.1029	0.09472	0.08052	0.06974	0.05286	0.0019	0.0	0.0	0.0	0.0	0.0	0.0	0.0	0.0	0.0	0.0	0.0	0.0	0.0	0.0	0.0	0.0	0.0	0.0	0.0	0.0	0.0	0.0	0.0	0.0	0.0	0.0	0.0	0.0	0.0	0.0	0.0	0.0	0.0	0.0	0.0	0.0	0.0	0.0	0.0	0.0	0.0	0.0	0.0	0.0	0.0	0.0	0.0	0.0	0.0	0.0	0.0	0.0	0.0	0.0	0.0	0.0	0.0	0.0	0.0	0.0	0.0	0.0	0.0	0.0	0.0	0.0	0.0	0.0	0.0	0.0	0.0	0.0	0.0	0.0	0.0	0.0	0.0	0.0	
1.4081  500.0  600.0  0.0	0.0	4e-05	0.0	0.0001	4e-05	0.00026	0.00012	0.00016	0.00024	0.0003	0.00032	0.00038	0.0004	0.00038	0.00062	0.00068	0.00122	0.0023	0.01356	0.10256	0.09528	0.08176	0.073	0.05474	0.00256	0.0	0.0	0.0	0.0	0.0	0.0	0.0	0.0	0.0	0.0	0.0	0.0	0.0	0.0	0.0	0.0	0.0	0.0	0.0	0.0	0.0	0.0	0.0	0.0	0.0	0.0	0.0	0.0	0.0	0.0	0.0	0.0	0.0	0.0	0.0	0.0	0.0	0.0	0.0	0.0	0.0	0.0	0.0	0.0	0.0	0.0	0.0	0.0	0.0	0.0	0.0	0.0	0.0	0.0	0.0	0.0	0.0	0.0	0.0	0.0	0.0	0.0	0.0	0.0	0.0	0.0	0.0	0.0	0.0	0.0	0.0	0.0	0.0	
0.78522  600.0  700.0  0.0	0.0	2e-05	6e-05	2e-05	0.0001	0.0001	0.0001	0.0001	0.0002	0.00016	0.00028	0.00014	0.00042	0.00026	0.00052	0.00046	0.00038	0.00056	0.00068	0.0007	0.00114	0.00166	0.0026	0.01346	0.1461	0.1267	0.10306	0.02922	0.0	0.0	0.0	0.0	0.0	0.0	0.0	0.0	0.0	0.0	0.0	0.0	0.0	0.0	0.0	0.0	0.0	0.0	0.0	0.0	0.0	0.0	0.0	0.0	0.0	0.0	0.0	0.0	0.0	0.0	0.0	0.0	0.0	0.0	0.0	0.0	0.0	0.0	0.0	0.0	0.0	0.0	0.0	0.0	0.0	0.0	0.0	0.0	0.0	0.0	0.0	0.0	0.0	0.0	0.0	0.0	0.0	0.0	0.0	0.0	0.0	0.0	0.0	0.0	0.0	0.0	0.0	0.0	0.0	0.0	
0.46427  700.0  800.0  0.0	2e-05	4e-05	6e-05	0.0	8e-05	4e-05	8e-05	8e-05	0.0001	0.00014	0.00018	0.00016	0.0002	0.00022	0.00028	0.00018	0.0002	0.00034	0.00044	0.0003	0.00036	0.00038	0.00062	0.00084	0.0015	0.00206	0.00646	0.10908	0.13236	0.10972	0.05964	0.0	0.0	0.0	0.0	0.0	0.0	0.0	0.0	0.0	0.0	0.0	0.0	0.0	0.0	0.0	0.0	0.0	0.0	0.0	0.0	0.0	0.0	0.0	0.0	0.0	0.0	0.0	0.0	0.0	0.0	0.0	0.0	0.0	0.0	0.0	0.0	0.0	0.0	0.0	0.0	0.0	0.0	0.0	0.0	0.0	0.0	0.0	0.0	0.0	0.0	0.0	0.0	0.0	0.0	0.0	0.0	0.0	0.0	0.0	0.0	0.0	0.0	0.0	0.0	0.0	0.0	0.0	
0.2874  800.0  900.0  2e-05	0.0	4e-05	2e-05	0.0	2e-05	0.0001	4e-05	0.00012	8e-05	0.0002	0.00016	0.00016	0.0003	8e-05	0.0001	6e-05	0.0002	0.00018	0.0001	0.00018	0.00022	0.00028	0.00022	0.00034	0.00052	0.0009	0.0007	0.001	0.00156	0.00478	0.059	0.13918	0.11988	0.09116	0.00294	0.0	0.0	0.0	0.0	0.0	0.0	0.0	0.0	0.0	0.0	0.0	0.0	0.0	0.0	0.0	0.0	0.0	0.0	0.0	0.0	0.0	0.0	0.0	0.0	0.0	0.0	0.0	0.0	0.0	0.0	0.0	0.0	0.0	0.0	0.0	0.0	0.0	0.0	0.0	0.0	0.0	0.0	0.0	0.0	0.0	0.0	0.0	0.0	0.0	0.0	0.0	0.0	0.0	0.0	0.0	0.0	0.0	0.0	0.0	0.0	0.0	0.0	0.0	
0.18456  900.0  1000.0  0.0	0.0	0.0	2e-05	2e-05	4e-05	0.0	0.00012	2e-05	8e-05	6e-05	4e-05	0.00014	6e-05	0.0001	8e-05	0.0	0.0001	8e-05	0.00024	0.00022	0.00024	0.00014	0.00018	0.0002	0.0004	0.00036	0.00056	0.0006	0.00084	0.00112	0.00086	0.0017	0.00352	0.01824	0.2219	0.16822	0.00398	0.0	0.0	0.0	0.0	0.0	0.0	0.0	0.0	0.0	0.0	0.0	0.0	0.0	0.0	0.0	0.0	0.0	0.0	0.0	0.0	0.0	0.0	0.0	0.0	0.0	0.0	0.0	0.0	0.0	0.0	0.0	0.0	0.0	0.0	0.0	0.0	0.0	0.0	0.0	0.0	0.0	0.0	0.0	0.0	0.0	0.0	0.0	0.0	0.0	0.0	0.0	0.0	0.0	0.0	0.0	0.0	0.0	0.0	0.0	0.0	0.0	
0.20447  1000.0  1200.0  0.0	2e-05	2e-05	0.0	0.0	2e-05	0.0	0.0	2e-05	6e-05	4e-05	8e-05	0.00012	0.0001	4e-05	8e-05	8e-05	8e-05	8e-05	0.00016	0.0001	8e-05	6e-05	0.00014	0.00022	0.00014	0.00018	0.00022	0.00034	0.00042	0.00046	0.00044	0.00068	0.00058	0.00104	0.00196	0.0139	0.13424	0.10792	0.08852	0.06594	0.00134	0.0	0.0	0.0	0.0	0.0	0.0	0.0	0.0	0.0	0.0	0.0	0.0	0.0	0.0	0.0	0.0	0.0	0.0	0.0	0.0	0.0	0.0	0.0	0.0	0.0	0.0	0.0	0.0	0.0	0.0	0.0	0.0	0.0	0.0	0.0	0.0	0.0	0.0	0.0	0.0	0.0	0.0	0.0	0.0	0.0	0.0	0.0	0.0	0.0	0.0	0.0	0.0	0.0	0.0	0.0	0.0	0.0	
0.09698  1200.0  1400.0  0.0	0.0	0.0	0.0	0.0	2e-05	2e-05	6e-05	0.0	2e-05	8e-05	0.0	8e-05	2e-05	4e-05	2e-05	2e-05	6e-05	4e-05	0.0001	2e-05	6e-05	4e-05	6e-05	2e-05	0.00012	0.00014	0.00028	0.00032	0.0001	0.00024	0.0002	0.0002	0.0003	0.00028	0.00084	0.00074	0.00094	0.00134	0.00268	0.01378	0.127	0.1239	0.09944	0.0378	0.0	0.0	0.0	0.0	0.0	0.0	0.0	0.0	0.0	0.0	0.0	0.0	0.0	0.0	0.0	0.0	0.0	0.0	0.0	0.0	0.0	0.0	0.0	0.0	0.0	0.0	0.0	0.0	0.0	0.0	0.0	0.0	0.0	0.0	0.0	0.0	0.0	0.0	0.0	0.0	0.0	0.0	0.0	0.0	0.0	0.0	0.0	0.0	0.0	0.0	0.0	0.0	0.0	0.0	
0.04915  1400.0  1600.0  0.0	0.0	0.0	0.0	0.0	0.0	2e-05	4e-05	2e-05	4e-05	0.0	6e-05	4e-05	0.0	4e-05	0.0001	0.0	6e-05	0.0001	2e-05	6e-05	6e-05	0.0	2e-05	6e-05	0.00014	8e-05	0.0	0.00012	0.0002	0.0002	0.00022	0.00012	0.0001	0.00024	0.00032	0.0004	0.00064	0.00064	0.00066	0.00096	0.00104	0.00168	0.0052	0.08696	0.13148	0.1071	0.06998	4e-05	0.0	0.0	0.0	0.0	0.0	0.0	0.0	0.0	0.0	0.0	0.0	0.0	0.0	0.0	0.0	0.0	0.0	0.0	0.0	0.0	0.0	0.0	0.0	0.0	0.0	0.0	0.0	0.0	0.0	0.0	0.0	0.0	0.0	0.0	0.0	0.0	0.0	0.0	0.0	0.0	0.0	0.0	0.0	0.0	0.0	0.0	0.0	0.0	0.0	0.0	
0.02615  1600.0  1800.0  0.0	0.0	0.0	0.0	0.0	0.0	0.0	6e-05	0.0	0.0	2e-05	4e-05	2e-05	6e-05	4e-05	0.0	0.00012	0.00014	4e-05	0.00012	8e-05	6e-05	6e-05	2e-05	8e-05	0.00012	6e-05	0.0	6e-05	0.00014	6e-05	0.00014	0.00018	6e-05	0.0001	0.00018	0.00024	0.00016	0.00038	0.00032	0.0003	0.0005	0.00058	0.00098	0.00104	0.00166	0.00294	0.03814	0.1614	0.12474	0.0698	0.0	0.0	0.0	0.0	0.0	0.0	0.0	0.0	0.0	0.0	0.0	0.0	0.0	0.0	0.0	0.0	0.0	0.0	0.0	0.0	0.0	0.0	0.0	0.0	0.0	0.0	0.0	0.0	0.0	0.0	0.0	0.0	0.0	0.0	0.0	0.0	0.0	0.0	0.0	0.0	0.0	0.0	0.0	0.0	0.0	0.0	0.0	0.0	
0.01446  1800.0  2000.0  0.0	0.0	0.0	0.0	0.0	0.0	0.0	2e-05	0.0	2e-05	0.0	2e-05	6e-05	4e-05	4e-05	2e-05	2e-05	0.0	0.0	4e-05	2e-05	4e-05	0.0	4e-05	0.0001	2e-05	0.00012	8e-05	4e-05	0.00012	0.00014	8e-05	6e-05	0.0001	0.0001	0.00024	0.0002	0.00024	0.00014	0.00032	0.00042	0.00024	0.00048	0.00054	0.0004	0.00086	0.0008	0.00084	0.00206	0.00404	0.06152	0.15514	0.14048	0.04052	0.0	0.0	0.0	0.0	0.0	0.0	0.0	0.0	0.0	0.0	0.0	0.0	0.0	0.0	0.0	0.0	0.0	0.0	0.0	0.0	0.0	0.0	0.0	0.0	0.0	0.0	0.0	0.0	0.0	0.0	0.0	0.0	0.0	0.0	0.0	0.0	0.0	0.0	0.0	0.0	0.0	0.0	0.0	0.0	0.0	
0.0097  2000.0  2250.0  0.0	0.0	0.0	0.0	0.0	0.0	2e-05	2e-05	0.0	2e-05	6e-05	4e-05	0.0	0.0	2e-05	0.0	2e-05	2e-05	2e-05	2e-05	2e-05	8e-05	2e-05	6e-05	4e-05	4e-05	6e-05	6e-05	4e-05	6e-05	6e-05	2e-05	0.0001	6e-05	0.0	0.00016	6e-05	0.00014	0.00022	0.0002	0.00012	0.00034	0.00034	0.0003	0.00028	0.00032	0.00062	0.00062	0.00082	0.00078	0.0012	0.00182	0.0069	0.10654	0.13692	0.10532	0.04186	0.0	0.0	0.0	0.0	0.0	0.0	0.0	0.0	0.0	0.0	0.0	0.0	0.0	0.0	0.0	0.0	0.0	0.0	0.0	0.0	0.0	0.0	0.0	0.0	0.0	0.0	0.0	0.0	0.0	0.0	0.0	0.0	0.0	0.0	0.0	0.0	0.0	0.0	0.0	0.0	0.0	0.0	
0.00499  2250.0  2500.0  0.0	0.0	4e-05	0.0	0.0	6e-05	0.0	2e-05	0.0	0.0	2e-05	2e-05	0.0	0.0	2e-05	2e-05	2e-05	0.0	2e-05	4e-05	0.0	2e-05	2e-05	2e-05	2e-05	6e-05	4e-05	2e-05	0.0	0.0	0.0	0.00012	2e-05	4e-05	2e-05	6e-05	0.00016	6e-05	6e-05	0.00014	0.00014	0.00016	0.00018	0.0002	0.00026	0.00038	0.00034	0.00032	0.00048	0.00058	0.00044	0.0006	0.0009	0.00136	0.0019	0.00632	0.08898	0.1402	0.1101	0.05308	0.0	0.0	0.0	0.0	0.0	0.0	0.0	0.0	0.0	0.0	0.0	0.0	0.0	0.0	0.0	0.0	0.0	0.0	0.0	0.0	0.0	0.0	0.0	0.0	0.0	0.0	0.0	0.0	0.0	0.0	0.0	0.0	0.0	0.0	0.0	0.0	0.0	0.0	0.0	
0.00265  2500.0  2750.0  0.0	0.0	0.0	0.0	0.0	0.0	2e-05	0.0	0.0	2e-05	0.0	2e-05	0.0	0.0	0.0	0.0	0.0	0.0	2e-05	0.0	2e-05	0.0	0.0	0.0	4e-05	8e-05	8e-05	2e-05	2e-05	0.0001	6e-05	0.0	2e-05	6e-05	4e-05	0.00018	6e-05	8e-05	8e-05	0.00012	0.00012	0.0001	0.00026	0.00026	0.00026	0.00022	0.0001	0.0002	0.00034	0.0004	0.00038	0.0004	0.00054	0.0008	0.00072	0.001	0.00132	0.0022	0.00582	0.07352	0.1417	0.1143	0.06644	0.0	0.0	0.0	0.0	0.0	0.0	0.0	0.0	0.0	0.0	0.0	0.0	0.0	0.0	0.0	0.0	0.0	0.0	0.0	0.0	0.0	0.0	0.0	0.0	0.0	0.0	0.0	0.0	0.0	0.0	0.0	0.0	0.0	0.0	0.0	0.0	
0.00145  2750.0  3000.0  0.0	0.0	0.0	2e-05	0.0	2e-05	0.0	0.0	0.0	0.0	4e-05	2e-05	0.0	2e-05	0.0	2e-05	0.0	0.0	2e-05	0.0	0.0	0.0	0.0	2e-05	0.0	4e-05	4e-05	2e-05	0.0001	2e-05	6e-05	0.0	6e-05	6e-05	0.0	4e-05	2e-05	8e-05	8e-05	4e-05	0.0001	0.00014	0.00012	0.0002	8e-05	0.00014	0.00014	8e-05	0.00014	0.00024	0.00034	0.00024	0.00046	0.00038	0.00038	0.0005	0.00062	0.0007	0.00114	0.0013	0.0019	0.0055	0.0539	0.1466	0.1161	0.07722	0.00016	0.0	0.0	0.0	0.0	0.0	0.0	0.0	0.0	0.0	0.0	0.0	0.0	0.0	0.0	0.0	0.0	0.0	0.0	0.0	0.0	0.0	0.0	0.0	0.0	0.0	0.0	0.0	0.0	0.0	0.0	0.0	0.0	
0.00127  3000.0  3500.0  0.0	2e-05	0.0	0.0	0.0	0.0	2e-05	0.0	0.0	2e-05	0.0	0.0	0.0	0.0	4e-05	0.0	0.0	4e-05	0.0	2e-05	0.0	2e-05	0.0	2e-05	4e-05	4e-05	2e-05	2e-05	6e-05	2e-05	4e-05	2e-05	2e-05	4e-05	2e-05	0.0001	0.0001	4e-05	6e-05	0.00014	0.00018	0.0001	0.00012	0.00014	0.00012	8e-05	0.0001	0.0001	8e-05	0.0002	0.00016	0.00024	0.00024	0.00024	0.00026	0.00052	0.00038	0.00038	0.00036	0.0006	0.00082	0.00088	0.00106	0.00156	0.00386	0.02262	0.09294	0.07652	0.06594	0.05264	0.04376	0.03578	0.00348	0.0	0.0	0.0	0.0	0.0	0.0	0.0	0.0	0.0	0.0	0.0	0.0	0.0	0.0	0.0	0.0	0.0	0.0	0.0	0.0	0.0	0.0	0.0	0.0	0.0	0.0	
0.00042  3500.0  4000.0  0.0	0.0	0.0	0.0	0.0	0.0	2e-05	2e-05	0.0	0.0	0.0	0.0	2e-05	0.0	0.0	0.0	0.0	2e-05	4e-05	0.0	2e-05	0.0	2e-05	0.0	2e-05	2e-05	2e-05	4e-05	2e-05	4e-05	0.0	6e-05	2e-05	2e-05	0.0	8e-05	6e-05	0.0	0.00012	2e-05	8e-05	6e-05	6e-05	0.00012	0.0001	0.00012	0.0001	0.00016	0.00018	6e-05	2e-05	0.0002	0.0001	0.00014	0.00014	0.00022	0.00016	0.00026	0.00036	0.00028	0.0004	0.00042	0.00038	0.00052	0.0005	0.0005	0.0006	0.00108	0.00116	0.0017	0.0035	0.00888	0.08652	0.08258	0.06744	0.05678	0.04948	0.03958	0.01248	0.0	0.0	0.0	0.0	0.0	0.0	0.0	0.0	0.0	0.0	0.0	0.0	0.0	0.0	0.0	0.0	0.0	0.0	0.0	0.0	
0.00024  4000.0  15000.0  0.0	0.0	0.0	0.0	0.0	0.0	0.0	0.0	2e-05	0.0	0.0	0.0	2e-05	0.0	0.0	0.0	0.0	0.0	0.0	0.0	0.0	2e-05	0.0	0.0	0.0	0.0	0.0	2e-05	0.0	0.0	2e-05	2e-05	6e-05	2e-05	0.0	4e-05	6e-05	8e-05	4e-05	2e-05	4e-05	2e-05	0.0	6e-05	6e-05	2e-05	6e-05	4e-05	4e-05	0.00016	6e-05	8e-05	0.00014	6e-05	0.00014	0.00022	0.00022	0.00026	0.0001	0.0001	0.0001	0.0001	0.00018	0.00026	0.00022	0.00046	0.0004	0.00022	0.0004	0.00046	0.00064	0.00048	0.00058	0.00068	0.00074	0.001	0.0026	0.00506	0.0567	0.06218	0.0512	0.04086	0.03542	0.02814	0.0234	0.01886	0.01482	0.0127	0.00966	0.0093	0.00768	0.00542	0.00488	0.00382	0.00322	0.00284	0.00216	0.00222	0.00134	
